0  1
0  4
0  133
0  588
0  396
0  14
0  18
0  51
0  398
0  9
0  24
0  127
1  513
1  2
1  3
1  644
1  645
1  6
1  776
1  11
1  783
1  535
1  665
1  414
1  287
1  32
1  33
1  38
1  169
1  598
1  581
1  49
1  53
1  567
1  543
1  572
1  830
1  579
1  837
1  70
1  329
1  208
1  85
1  726
1  505
1  986
1  221
1  553
1  743
1  124
1  369
1  809
1  633
1  122
1  379
1  380
2  610
2  198
2  40
2  13
2  116
2  149
2  30
2  959
3  520
3  44
3  430
3  273
3  499
3  84
3  217
3  25
3  251
4  258
4  771
4  5
4  264
4  10
4  20
4  922
4  27
4  156
4  517
4  944
4  290
4  36
4  39
4  810
4  43
4  48
4  308
4  438
4  58
4  59
4  700
4  194
4  452
4  582
4  842
4  674
4  83
4  343
4  218
4  227
4  873
4  115
4  244
4  758
4  916
4  123
5  34
5  387
5  69
5  939
5  47
5  50
5  22
5  119
5  763
5  799
6  391
6  393
6  779
6  145
6  284
6  673
6  802
6  41
6  7
6  812
6  560
6  306
6  56
6  63
6  68
6  711
6  200
6  76
6  334
6  312
6  216
6  358
6  745
6  238
6  248
7  96
7  929
7  450
7  772
7  81
7  8
7  683
7  12
7  770
7  591
7  680
7  210
7  532
7  21
7  664
7  596
7  26
7  412
7  866
7  62
8  16
8  996
8  713
8  109
8  80
8  497
8  178
8  211
8  54
8  568
8  688
8  882
8  958
9  624
10  228
10  876
10  927
11  99
11  171
11  195
11  291
12  834
12  35
12  278
12  488
12  15
12  17
12  822
12  697
13  646
13  130
13  275
13  405
13  790
13  23
13  161
13  37
13  813
13  436
13  60
13  61
13  192
13  72
13  77
13  78
13  653
13  337
13  82
13  475
13  97
13  355
13  232
13  617
13  881
13  19
14  73
14  205
14  878
14  271
14  886
14  926
14  703
16  29
16  709
17  715
18  64
18  103
18  136
18  839
18  824
18  977
18  404
18  657
18  285
19  793
20  503
21  162
21  357
21  167
21  687
21  529
21  696
21  28
21  159
22  397
22  461
22  742
23  129
23  514
23  164
23  104
23  302
23  335
23  712
23  531
23  52
23  831
24  800
24  131
24  100
24  741
24  314
24  969
24  843
24  462
24  530
24  627
24  643
24  196
24  489
24  740
24  179
24  91
24  154
24  377
25  71
25  424
25  651
25  111
25  144
25  213
26  912
26  98
26  42
26  716
26  930
26  207
26  432
26  400
26  403
26  724
26  565
26  756
26  542
26  31
27  88
27  57
27  636
27  89
28  160
28  288
28  165
28  417
28  201
28  106
28  363
28  974
28  368
28  481
28  408
28  153
28  437
29  372
29  293
29  110
30  515
30  900
30  75
30  945
30  440
32  736
32  548
32  46
32  281
33  638
33  55
34  224
34  282
34  93
34  671
35  416
35  672
35  805
35  744
35  188
35  139
35  173
35  948
35  570
35  764
35  766
35  479
36  421
36  806
36  137
36  299
36  79
36  112
36  625
36  463
36  701
37  801
37  777
37  174
37  880
37  410
37  890
38  592
38  309
38  577
38  917
39  769
39  187
39  934
39  135
39  458
39  108
39  272
39  94
39  234
39  804
39  699
39  828
39  74
39  394
40  87
41  185
41  269
42  65
42  675
42  132
42  101
42  45
42  818
42  147
42  254
42  255
43  936
43  566
46  180
46  612
46  366
46  632
47  128
47  67
47  628
49  569
51  376
51  332
51  229
51  982
52  858
53  245
54  888
54  371
54  583
55  155
56  576
56  961
56  354
56  899
56  260
56  262
56  647
56  937
56  554
56  426
56  413
56  176
56  433
56  723
56  117
56  266
56  191
56  604
56  138
56  415
57  464
57  66
57  869
57  390
57  496
57  666
58  720
58  466
60  546
60  678
60  968
60  491
60  656
60  113
60  918
60  375
60  738
60  989
60  734
62  134
62  407
62  143
62  695
62  954
64  219
64  186
64  326
66  250
66  677
67  356
67  997
67  168
67  808
67  86
67  411
67  95
69  361
69  868
69  935
70  270
70  658
70  725
70  118
70  158
71  602
71  345
74  114
74  539
74  556
74  359
77  611
77  102
77  297
77  780
77  303
77  220
77  829
77  126
77  351
78  460
80  120
80  225
80  239
81  401
81  107
81  230
82  163
82  317
83  428
83  92
83  142
83  449
84  121
84  469
85  280
85  659
85  277
85  150
86  240
86  875
87  519
87  247
87  559
87  502
87  663
87  184
87  729
87  478
88  547
88  484
88  330
88  370
88  439
88  90
88  618
91  204
91  315
91  292
91  507
94  691
94  236
94  365
94  199
95  193
95  388
96  257
98  259
98  637
99  274
99  141
100  844
100  197
100  774
101  152
101  105
101  286
101  471
103  344
103  521
104  140
104  381
104  551
105  182
107  584
107  782
107  231
109  310
110  322
110  684
110  425
110  172
110  630
111  151
112  448
112  963
113  386
113  422
113  775
113  427
113  534
113  863
114  705
114  797
114  246
117  265
117  267
117  585
118  906
119  305
119  235
119  819
119  545
120  313
120  333
120  889
122  215
123  320
123  704
123  125
124  304
124  183
124  385
125  420
125  682
125  237
125  175
125  631
128  459
129  739
130  261
130  298
130  364
130  177
130  252
131  342
131  446
132  360
132  825
132  268
132  767
134  384
134  578
134  962
134  718
134  753
134  222
135  190
136  616
138  148
138  324
138  655
140  833
140  146
141  323
141  859
146  389
147  202
148  170
150  856
152  289
152  157
153  203
153  295
154  353
154  166
154  510
154  223
155  209
156  316
156  915
156  181
156  508
156  574
158  983
161  523
162  294
165  555
165  325
169  788
169  877
170  493
170  518
171  307
171  212
171  206
175  283
176  564
179  339
179  549
180  907
181  214
181  382
188  256
188  392
188  301
188  626
188  447
188  857
188  786
188  735
188  189
188  511
189  993
189  634
190  476
191  348
192  373
198  754
200  629
202  509
203  490
205  960
205  747
205  848
205  789
205  279
205  318
205  501
206  327
208  456
208  226
210  328
210  599
211  951
212  751
213  406
215  748
215  233
215  908
215  338
215  431
215  528
215  242
215  979
216  784
217  336
217  241
217  402
217  861
219  768
219  300
219  840
221  558
222  349
223  253
223  485
224  557
227  541
229  477
230  378
230  595
232  506
232  590
232  444
232  998
233  319
234  483
234  552
234  435
234  761
234  347
235  544
236  826
237  395
237  500
238  418
238  243
239  563
240  321
242  942
244  263
246  296
246  467
247  854
248  249
249  999
251  752
251  533
251  527
255  468
255  838
255  623
256  710
258  990
260  639
261  311
264  276
265  383
265  714
265  619
265  911
266  486
268  931
269  367
272  749
275  609
275  571
275  811
275  331
275  635
275  540
278  879
281  536
282  938
282  399
283  352
285  867
287  586
288  717
288  470
293  731
293  950
294  925
296  870
297  746
298  465
298  679
298  903
299  419
306  827
308  603
309  453
311  434
312  524
312  871
313  362
313  902
313  719
315  550
315  423
315  622
315  498
315  910
317  849
317  795
318  648
318  970
318  773
318  589
319  480
319  442
320  538
320  621
320  914
320  455
323  516
323  374
325  573
325  615
327  341
332  454
333  340
333  972
333  350
334  865
334  605
334  757
335  992
337  526
338  905
340  346
340  884
340  850
345  919
346  482
346  883
346  620
347  457
347  443
349  896
350  607
352  451
353  928
356  794
356  851
356  971
359  803
360  662
361  409
361  891
361  862
367  445
368  474
368  978
370  728
370  652
370  781
375  841
375  613
382  472
382  681
382  487
384  561
385  562
385  606
391  722
393  762
395  957
396  504
397  947
397  846
397  967
403  690
404  441
407  593
407  733
411  807
412  669
421  921
422  845
423  429
427  580
427  893
432  791
433  512
433  852
435  492
435  821
438  473
442  721
443  894
453  600
455  956
466  904
466  495
467  816
468  594
468  692
468  685
468  525
469  707
469  614
473  587
473  855
477  698
483  686
485  494
486  815
488  537
492  640
497  973
501  522
501  835
504  984
505  661
507  787
508  642
508  732
511  575
512  920
515  601
515  847
518  913
527  708
529  864
529  885
534  650
539  597
542  730
553  853
559  760
560  874
561  765
564  892
565  952
565  676
565  964
571  660
572  608
572  654
574  901
575  641
584  817
584  706
589  985
589  820
592  778
598  750
598  798
604  667
614  814
616  823
618  737
621  649
627  965
628  987
628  933
630  946
630  940
636  670
641  981
641  759
644  991
655  689
655  668
656  943
657  693
660  872
663  755
666  860
670  988
673  694
687  832
689  897
692  702
695  792
695  994
695  727
702  995
702  796
710  955
723  836
732  785
732  898
751  941
761  949
781  887
782  932
790  966
824  895
830  923
847  909
860  924
865  976
868  953
952  980
967  975
