0  3
0  261
0  6
0  7
0  533
0  156
0  37
0  170
0  188
0  957
0  65
0  195
0  72
0  459
0  719
0  93
0  734
0  996
0  871
0  492
0  497
0  120
0  511
1  384
1  642
1  3
1  4
1  5
1  262
1  7
1  9
1  138
1  267
1  268
1  14
1  621
1  17
1  530
1  147
1  916
1  793
1  922
1  48
1  419
1  36
1  168
1  169
1  944
1  49
1  818
1  253
1  314
1  316
1  701
1  447
1  320
1  327
1  652
1  842
1  76
1  845
1  910
1  217
1  506
1  736
1  225
1  485
1  444
1  658
1  381
1  752
1  500
1  757
1  119
1  889
1  634
1  893
2  512
2  3
2  4
2  6
2  7
2  44
2  13
2  14
2  301
2  16
2  914
2  19
2  153
2  27
2  30
2  48
2  419
2  296
2  172
2  941
2  304
2  51
2  54
2  58
2  428
2  60
2  192
2  224
2  706
2  68
2  837
2  75
2  460
2  718
2  336
2  595
2  84
2  598
2  89
2  992
2  612
2  359
2  489
2  364
2  500
2  502
2  631
2  763
3  131
3  4
3  5
3  263
3  10
3  140
3  13
3  15
3  402
3  20
3  26
3  411
3  32
3  929
3  803
3  292
3  165
3  38
3  297
3  42
3  44
3  943
3  439
3  56
3  698
3  955
3  578
3  75
3  55
3  77
3  206
3  205
3  462
3  90
3  350
3  735
3  618
3  877
3  241
3  116
3  122
3  253
4  384
4  5
4  12
4  13
4  144
4  19
4  280
4  25
4  413
4  799
4  896
4  547
4  301
4  310
4  57
4  327
4  205
4  606
4  97
4  100
4  614
4  108
4  252
4  126
5  386
5  6
5  391
5  8
5  9
5  10
5  907
5  77
5  239
5  472
5  18
5  147
5  20
5  534
5  663
5  921
5  26
5  155
5  28
5  29
5  158
5  31
5  32
5  162
5  37
5  166
5  169
5  583
5  754
5  686
5  432
5  945
5  53
5  55
5  392
5  57
5  442
5  287
5  316
5  573
5  666
5  64
5  705
5  323
5  836
5  71
5  34
5  974
5  719
5  254
5  723
5  919
5  206
5  87
5  856
5  603
5  220
5  94
5  800
5  97
5  99
5  100
5  229
5  744
5  105
5  333
5  240
5  113
5  498
5  115
5  244
5  894
5  118
5  340
5  378
5  63
5  381
5  462
5  255
6  385
6  118
6  775
6  8
6  9
6  650
6  11
6  141
6  142
6  45
6  16
6  403
6  593
6  151
6  283
6  29
6  69
6  32
6  33
6  27
6  36
6  293
6  39
6  168
6  553
6  43
6  429
6  221
6  305
6  818
6  243
6  181
6  54
6  183
6  187
6  60
6  319
6  65
6  325
6  71
6  458
6  843
6  565
6  78
6  337
6  82
6  853
6  214
6  164
6  90
6  989
6  95
6  737
6  354
6  230
6  615
6  444
6  235
6  237
6  366
6  915
6  885
6  89
6  383
6  784
6  639
7  8
7  521
7  394
7  11
7  12
7  143
7  17
7  21
7  663
7  537
7  922
7  413
7  33
7  675
7  37
7  425
7  43
7  176
7  136
7  188
7  445
7  63
7  577
7  73
7  204
7  209
7  83
7  88
7  218
7  220
7  863
7  482
7  742
7  743
7  109
7  367
7  112
7  959
7  508
7  254
8  768
8  771
8  10
8  87
8  141
8  15
8  401
8  22
8  24
8  665
8  539
8  156
8  157
8  150
8  261
8  35
8  164
8  28
8  170
8  43
8  49
8  565
8  58
8  59
8  66
8  839
8  328
8  969
8  343
8  91
8  93
8  351
8  97
8  98
8  995
8  115
8  119
8  124
8  381
9  770
9  388
9  135
9  145
9  778
9  11
9  12
9  14
9  16
9  17
9  19
9  660
9  405
9  281
9  287
9  34
9  35
9  933
9  41
9  45
9  56
9  825
9  735
9  444
9  320
9  65
9  67
9  70
9  74
9  205
9  589
9  464
9  849
9  979
9  139
9  86
9  697
9  471
9  96
9  98
9  483
9  230
9  487
9  234
9  235
9  493
9  239
9  112
9  625
9  627
9  117
9  553
9  504
9  835
9  637
9  126
10  132
10  263
10  393
10  395
10  784
10  472
10  404
10  277
10  537
10  153
10  27
10  28
10  30
10  773
10  160
10  419
10  164
10  38
10  167
10  412
10  429
10  47
10  688
10  649
10  825
10  189
10  191
10  539
10  578
10  67
10  199
10  81
10  213
10  953
10  728
10  860
10  609
10  739
10  103
10  104
10  127
10  366
10  111
10  360
10  809
10  505
10  255
10  508
10  85
11  480
11  803
11  554
11  935
11  77
11  270
11  885
11  121
11  415
11  318
11  767
12  737
12  901
12  231
12  110
12  884
12  152
12  676
12  282
12  62
12  223
13  149
13  134
13  137
13  140
13  514
13  15
13  401
13  18
13  403
13  21
13  22
13  23
13  24
13  409
13  30
13  417
13  219
13  36
13  38
13  49
13  40
13  95
13  44
13  45
13  46
13  305
13  52
13  53
13  694
13  265
13  57
13  863
13  60
13  437
13  836
13  72
13  908
13  714
13  715
13  79
13  720
13  433
13  978
13  852
13  86
13  953
13  859
13  988
13  817
13  479
13  225
13  100
13  486
13  361
13  296
13  639
14  192
14  960
14  107
14  109
14  143
14  432
14  173
14  563
14  52
14  732
14  681
14  23
14  980
14  347
14  988
14  574
14  959
15  897
15  457
15  74
15  78
15  913
15  178
15  371
15  532
15  726
15  530
15  957
16  198
16  680
16  62
16  334
16  271
16  561
16  18
16  20
16  789
16  346
16  188
16  797
16  410
17  965
17  103
17  840
17  80
17  274
17  435
17  86
17  23
17  797
17  190
18  516
18  903
18  527
18  22
18  33
18  165
18  182
18  572
18  317
18  830
18  959
18  66
18  196
18  713
18  970
18  332
18  461
18  593
18  356
18  622
18  61
19  289
19  424
19  759
19  76
19  242
19  335
19  369
19  338
19  563
19  341
19  406
19  887
19  872
19  574
20  134
20  266
20  272
20  146
20  21
20  31
20  294
20  808
20  693
20  824
20  186
20  192
20  966
20  471
20  314
20  96
20  357
20  114
20  250
20  765
21  256
21  393
21  25
21  26
21  159
21  34
21  340
21  818
21  565
21  58
21  460
21  84
21  93
21  94
21  232
21  361
21  364
21  623
21  114
21  627
21  377
22  292
22  101
22  817
22  398
22  367
22  488
22  89
22  24
22  132
23  288
23  747
23  275
23  715
23  399
23  179
23  667
23  157
23  475
23  621
24  577
24  166
24  113
24  360
24  297
24  716
24  111
24  269
24  53
24  25
24  281
24  700
24  797
24  735
25  131
25  42
25  29
25  624
25  50
25  149
25  664
25  569
25  474
25  31
25  380
25  138
26  128
26  354
26  295
26  616
26  906
26  397
26  46
26  51
26  578
26  537
26  234
26  618
26  746
26  773
27  137
27  396
27  526
27  655
27  400
27  928
27  161
27  390
27  810
27  683
27  174
27  52
27  185
27  61
27  703
27  321
27  324
27  965
27  73
27  854
27  987
27  221
27  94
27  96
27  237
27  370
28  544
28  112
28  130
28  617
28  331
28  368
28  82
28  633
28  378
28  860
28  74
29  138
29  149
29  793
29  35
29  934
29  39
29  561
29  562
29  435
29  195
29  70
29  585
29  844
29  592
29  608
29  870
29  490
29  107
29  367
29  371
29  374
29  505
29  123
30  387
30  776
30  137
30  587
30  382
31  976
31  778
31  523
31  273
31  158
31  421
31  939
31  172
31  50
31  562
31  693
31  832
31  193
31  457
31  716
31  848
31  597
31  604
31  481
31  102
31  748
31  111
31  276
31  122
31  766
31  469
32  260
32  268
32  144
32  664
32  280
32  284
32  286
32  39
32  40
32  169
32  42
32  299
32  556
32  691
32  190
32  64
32  324
32  837
32  328
32  331
32  332
32  80
32  852
32  981
32  216
32  734
32  656
32  226
32  363
32  251
33  604
33  450
33  132
33  41
33  330
33  587
33  208
33  145
33  564
33  117
33  745
33  977
33  828
34  394
34  300
34  847
34  249
35  102
35  559
35  254
35  50
35  213
35  221
35  990
36  912
36  278
36  286
36  811
36  815
36  179
36  821
36  697
36  202
36  575
36  458
36  450
36  970
36  591
36  80
36  212
36  87
36  227
36  101
36  121
36  380
37  513
37  939
37  265
37  194
37  656
37  402
37  451
37  46
37  407
37  153
37  282
37  47
37  540
37  517
37  423
37  40
37  41
37  555
37  814
37  303
37  691
37  641
37  671
37  61
37  702
37  64
37  706
37  707
37  197
37  198
37  455
37  82
37  211
37  986
37  604
37  327
37  955
37  996
37  613
37  104
37  105
37  107
37  120
37  253
38  279
38  996
38  69
38  519
38  199
38  59
38  335
38  913
38  275
38  790
38  311
38  984
38  379
38  476
38  158
38  229
39  577
39  323
39  166
39  81
39  75
39  614
39  624
39  817
39  215
39  602
39  895
40  130
40  260
40  326
40  200
40  493
40  714
40  47
40  400
40  546
40  220
40  85
40  694
40  635
40  476
40  557
41  601
42  133
42  489
42  76
42  781
42  931
42  151
42  412
42  476
42  349
43  898
43  68
43  618
43  176
43  722
43  607
43  767
44  389
44  809
44  258
44  177
44  499
44  436
45  51
45  67
45  411
45  284
45  677
45  294
45  199
45  48
45  435
45  201
45  184
45  191
45  707
45  711
45  200
45  329
45  203
45  590
45  337
45  84
45  727
45  91
45  988
45  106
46  768
46  278
46  924
46  285
46  165
46  59
46  446
46  450
46  207
46  465
46  338
46  92
46  861
46  360
46  365
46  368
46  249
46  252
46  509
47  609
47  588
47  428
47  306
47  787
47  181
47  55
47  92
47  469
48  135
48  144
48  152
48  284
48  171
48  686
48  309
48  954
48  63
48  326
48  72
48  204
48  334
48  862
48  352
48  355
48  488
48  109
48  882
48  758
48  763
49  384
49  412
49  799
49  675
49  421
49  553
49  438
49  311
49  66
49  54
49  715
49  79
49  83
49  215
49  344
49  115
49  631
49  125
49  247
50  130
50  935
50  297
50  234
50  223
50  211
50  341
50  858
50  315
50  810
51  640
51  876
51  208
51  947
51  470
51  376
51  826
52  264
52  979
52  148
52  238
52  88
52  925
53  129
53  769
53  172
53  848
53  946
53  350
54  545
54  932
54  69
54  232
54  183
54  174
54  495
54  83
54  755
54  342
54  535
54  56
54  313
54  559
54  134
55  768
55  676
55  197
55  198
55  777
55  174
55  658
55  470
55  567
55  475
55  446
55  901
56  320
56  180
56  952
56  186
57  70
57  426
57  564
57  658
57  692
57  758
57  729
57  276
58  653
58  887
58  789
59  244
59  231
59  298
59  152
59  211
59  436
59  342
59  473
59  312
59  180
59  893
60  128
60  259
60  239
60  760
60  62
61  708
61  424
61  298
62  224
62  485
62  230
62  73
62  847
62  209
62  440
62  286
63  875
63  528
63  503
63  280
63  217
63  827
64  963
64  934
64  71
64  136
64  233
64  242
64  814
64  79
64  209
64  178
64  822
64  277
64  950
64  247
64  882
64  830
64  146
65  322
65  997
65  551
65  285
65  185
65  605
65  159
66  68
66  102
66  560
66  952
66  156
66  542
67  99
67  304
67  402
67  105
67  566
67  873
68  256
68  99
68  118
68  103
68  520
68  201
68  560
68  177
68  626
68  227
68  406
68  371
68  123
68  924
69  480
69  391
69  235
69  113
69  437
69  662
69  759
69  88
70  546
70  259
70  452
70  392
70  587
70  397
70  589
70  336
70  337
70  150
70  649
70  680
70  95
70  287
71  673
71  750
71  855
71  998
71  347
72  162
72  449
73  739
73  196
73  455
73  778
73  391
73  721
73  222
73  407
73  696
73  761
73  669
73  629
74  963
74  305
74  529
74  212
74  599
74  250
74  591
75  640
75  865
75  228
75  586
75  652
75  563
75  948
75  535
75  442
75  251
76  160
76  699
76  740
76  91
76  78
76  274
76  85
76  569
76  315
76  159
77  590
77  911
77  146
77  245
77  215
77  186
77  126
77  702
78  545
78  98
78  106
78  397
78  81
78  271
78  510
79  353
79  139
79  677
79  167
79  266
79  811
79  269
79  339
79  660
79  241
79  92
80  194
80  426
80  843
80  464
80  273
80  999
80  121
81  195
81  452
81  454
81  616
81  905
81  912
81  344
81  792
81  124
82  550
82  747
82  947
82  344
82  346
83  386
83  260
83  780
83  332
83  365
83  399
83  546
83  617
83  184
83  185
83  900
84  251
84  104
84  457
84  162
84  463
84  173
84  150
84  441
84  633
84  154
84  923
85  352
85  323
85  439
85  240
85  598
85  695
86  770
86  582
86  936
86  114
86  372
86  821
86  246
86  90
87  533
88  261
88  295
90  194
90  418
90  110
90  219
90  514
90  355
90  782
90  122
90  987
90  834
90  637
90  766
91  416
91  866
91  876
91  880
92  910
92  946
92  116
92  599
92  125
93  193
93  805
93  129
93  653
93  434
93  308
93  916
93  506
93  539
93  445
93  319
94  228
94  108
94  101
95  865
95  675
95  106
95  492
95  269
95  400
95  147
95  127
96  386
96  276
96  266
96  145
96  914
96  820
96  283
96  157
96  670
97  267
97  622
97  975
97  117
97  313
98  362
99  128
99  197
99  459
99  524
99  141
99  516
99  943
99  243
99  116
99  318
99  119
99  248
99  601
99  990
99  351
100  148
100  206
100  783
100  372
100  345
100  248
100  612
100  669
100  645
101  522
102  388
102  422
102  207
102  849
102  246
102  442
102  348
103  129
103  163
103  461
103  142
103  368
103  177
103  370
103  910
103  246
103  151
103  731
103  924
104  201
104  139
104  884
104  730
105  977
105  170
106  491
106  567
106  120
107  992
107  674
107  123
107  133
107  136
107  298
107  203
107  108
107  781
107  851
107  919
107  155
108  512
108  131
108  648
108  585
108  110
108  317
108  483
108  155
108  726
108  247
108  548
108  666
108  187
108  413
109  178
109  176
109  210
110  580
110  328
110  559
110  881
110  456
110  232
110  831
111  423
111  807
112  512
112  727
112  466
112  791
113  353
113  929
113  299
113  684
114  743
114  490
114  431
114  880
114  727
114  890
114  860
114  511
115  443
115  422
115  498
115  373
115  918
115  635
115  124
115  702
118  813
118  270
118  477
119  710
119  364
119  492
119  311
119  125
119  127
120  780
121  226
121  722
121  571
122  168
122  521
122  942
122  527
122  944
122  456
122  187
122  348
123  133
123  208
123  948
124  358
124  558
124  238
124  213
124  375
124  667
126  552
126  554
126  218
127  928
127  324
127  805
127  390
127  236
127  595
127  468
127  949
127  255
128  288
128  417
128  423
128  496
128  339
128  501
128  154
129  272
129  291
129  777
129  167
129  140
129  143
129  880
129  657
129  579
129  809
129  794
129  191
129  382
129  661
130  972
130  202
130  588
130  590
130  598
130  183
131  385
131  901
131  135
131  233
131  491
131  589
131  403
131  820
131  312
131  313
131  318
132  896
132  258
132  428
132  783
132  378
133  171
133  879
133  317
133  182
133  631
133  733
133  478
134  289
134  418
134  835
134  285
134  998
134  263
134  142
134  175
134  993
134  148
134  222
134  279
134  184
134  953
134  538
134  379
134  218
135  396
135  685
135  463
135  982
135  300
136  161
136  522
136  636
137  173
137  453
138  518
138  210
138  214
138  698
138  607
139  704
139  962
139  835
139  814
139  200
139  216
140  154
141  945
141  404
141  345
141  474
142  800
142  207
142  721
142  870
143  995
143  449
143  393
143  630
143  348
143  446
144  226
144  355
144  681
144  301
144  308
145  548
145  427
145  429
145  474
145  638
145  415
146  740
146  398
146  243
146  212
146  189
147  804
147  545
147  366
147  850
147  278
147  796
147  862
148  160
148  224
148  291
148  369
149  620
150  899
150  292
150  678
150  171
150  781
150  528
150  855
150  440
150  250
151  930
151  349
152  241
154  352
154  163
154  685
154  558
154  175
154  886
154  827
155  163
155  356
155  647
155  574
155  606
156  293
156  732
156  497
156  904
156  277
156  823
156  856
156  956
156  341
157  257
157  358
157  204
157  237
157  306
157  180
157  216
159  405
159  601
159  571
160  161
160  227
160  388
160  600
160  852
161  448
161  499
161  382
162  641
162  189
163  193
163  525
163  461
163  304
163  373
163  923
163  541
164  416
164  262
164  363
164  308
164  374
164  468
164  605
164  869
165  964
165  682
165  656
165  275
165  408
165  190
166  416
166  236
166  636
167  228
167  615
167  329
167  427
167  501
168  906
168  897
168  225
168  362
168  526
168  815
168  979
168  469
168  408
168  379
168  769
168  957
168  766
168  223
169  550
169  495
169  244
169  733
170  182
170  268
170  720
170  883
170  181
170  630
171  515
171  196
171  331
172  354
172  396
172  175
172  272
172  467
172  695
172  891
172  380
173  802
173  325
173  203
173  785
174  179
174  663
175  518
175  487
175  752
175  242
175  949
175  888
176  289
177  511
178  418
178  643
178  521
178  300
178  532
178  217
179  657
179  926
180  736
180  833
180  489
180  314
181  424
181  369
181  472
181  281
181  414
182  704
182  449
182  291
182  518
182  785
182  214
182  859
183  969
183  670
184  231
185  525
185  654
186  245
186  661
186  351
187  625
187  210
187  691
188  536
189  867
189  406
190  310
191  288
191  325
191  283
191  668
192  293
192  903
192  494
192  927
193  240
193  303
194  642
194  515
194  937
194  202
194  747
194  908
194  270
194  302
194  982
194  951
194  682
194  222
195  307
196  718
196  257
197  387
197  420
197  970
198  484
198  530
198  409
199  770
199  972
199  784
200  389
200  683
200  333
200  881
200  307
200  762
201  507
201  606
202  359
202  233
202  267
202  309
202  585
202  312
203  600
204  516
204  357
204  519
204  394
204  782
204  465
204  316
204  933
205  554
205  395
205  841
207  961
207  931
207  236
208  256
208  306
208  434
208  562
208  600
208  921
208  572
208  383
209  736
209  356
210  620
210  462
210  820
210  279
210  415
211  290
211  648
211  971
211  494
211  536
211  829
212  673
212  219
212  666
212  763
213  274
215  523
215  345
216  813
217  290
217  398
217  538
218  612
218  431
218  498
218  307
218  249
218  761
219  229
220  552
220  661
222  646
222  258
222  532
222  790
223  543
224  426
224  533
224  759
224  568
225  697
226  551
226  430
226  303
226  529
226  755
226  942
226  252
226  245
227  581
227  455
227  414
228  896
229  648
229  330
229  717
229  310
230  864
230  358
230  441
230  319
231  259
231  326
231  745
231  626
231  638
232  561
232  884
233  900
233  265
233  555
233  451
233  659
233  376
233  714
234  359
234  652
234  271
234  504
234  414
235  480
235  613
235  238
235  788
235  447
235  948
235  607
235  349
236  370
236  411
236  523
236  594
236  978
236  795
236  733
236  734
236  863
237  833
237  841
237  375
237  917
237  599
237  954
238  362
238  619
238  273
239  976
239  373
239  602
240  468
240  390
241  377
242  962
242  315
242  422
242  262
242  519
242  264
242  427
242  322
242  654
242  909
242  816
242  936
242  724
242  693
242  248
242  894
242  453
243  336
243  299
244  712
246  321
246  968
246  560
246  984
246  665
247  501
247  334
248  410
250  548
250  871
250  840
250  660
250  447
251  340
251  776
252  490
252  421
254  724
254  856
254  549
255  609
255  772
255  917
255  984
255  730
256  257
256  610
256  882
256  566
256  816
257  875
257  812
257  527
257  467
257  374
259  294
260  264
260  543
261  749
261  335
261  333
262  739
262  357
262  755
262  409
262  282
262  350
262  741
263  486
263  372
263  443
264  322
265  839
265  812
265  782
265  786
265  361
265  408
265  524
265  703
266  296
266  465
266  991
267  611
267  717
268  596
268  407
270  651
270  482
270  689
270  343
270  479
271  897
271  477
271  958
272  794
273  451
274  700
275  353
275  930
275  906
275  430
275  975
275  437
275  573
275  773
276  510
276  950
277  834
278  644
278  432
278  302
278  542
279  484
279  646
279  347
279  798
280  479
281  557
281  376
281  508
282  805
282  566
282  463
282  534
282  983
282  700
283  857
284  410
284  309
285  483
285  392
285  687
285  977
286  290
286  837
286  941
286  846
286  496
286  858
287  583
288  932
288  330
288  302
288  828
289  568
290  798
291  608
291  603
292  425
292  387
293  993
293  399
293  569
293  635
293  573
294  389
294  295
294  779
294  509
295  321
295  803
295  868
295  481
295  584
295  969
295  938
295  466
296  448
296  433
298  940
298  466
298  346
299  395
299  555
299  752
300  497
300  484
301  616
301  928
302  584
303  679
303  933
304  646
304  619
304  443
305  438
305  677
306  401
306  689
307  576
307  420
307  594
308  914
308  939
309  610
309  580
309  811
309  731
311  749
311  870
312  475
312  671
313  541
314  383
315  459
315  668
316  329
317  807
317  525
317  502
318  825
318  844
319  966
319  647
319  342
320  904
320  430
321  998
321  968
321  745
321  945
322  339
322  753
324  556
324  531
324  504
325  851
325  941
326  338
326  799
327  617
327  431
327  665
328  597
329  452
329  517
329  619
329  496
330  343
332  417
332  690
332  438
332  570
333  526
335  682
335  596
336  738
337  420
337  713
337  453
337  363
337  365
337  634
337  517
338  576
338  520
338  779
338  439
338  793
338  892
338  947
339  705
340  405
341  632
342  846
343  628
343  503
345  767
346  522
348  754
350  425
350  892
351  867
352  441
352  921
352  605
353  801
353  495
354  471
355  707
355  615
355  943
355  433
355  785
356  620
356  824
356  699
357  769
358  777
359  454
359  493
359  629
359  918
359  506
359  667
359  821
361  728
361  596
362  377
362  549
363  579
363  783
363  823
365  570
367  641
367  869
368  678
372  925
373  828
373  838
374  375
374  477
375  583
375  905
375  404
376  645
378  804
378  815
378  965
379  633
380  771
380  724
380  602
381  842
381  520
382  840
382  802
383  385
383  557
385  866
385  973
385  692
386  846
386  445
389  440
390  684
390  912
390  499
391  467
392  742
393  744
393  434
394  877
395  592
395  726
395  695
396  594
396  710
398  708
398  742
398  478
399  753
399  762
400  515
400  460
400  634
401  485
401  873
401  874
401  698
401  670
403  760
404  448
404  514
404  487
404  712
404  946
405  608
405  509
406  729
406  865
407  464
407  564
407  829
408  481
408  940
408  791
408  478
410  543
411  681
411  845
412  550
412  937
412  750
412  473
412  507
414  741
414  679
414  592
414  756
414  540
414  991
415  806
415  987
415  925
416  643
416  885
416  534
417  922
420  673
422  544
422  688
422  787
423  671
425  930
425  488
425  662
426  832
426  547
426  454
426  757
426  570
427  706
428  591
429  653
429  436
429  826
430  531
430  879
433  748
433  535
434  513
435  470
435  696
435  891
436  500
436  571
437  982
438  580
438  748
438  588
438  723
439  529
439  918
439  792
441  482
441  731
442  655
443  819
444  582
444  780
444  761
444  986
445  687
446  551
446  458
446  623
446  575
448  680
449  753
449  915
449  503
450  650
450  909
450  494
450  625
450  754
450  531
450  740
450  795
451  801
451  456
451  954
451  991
452  686
452  857
456  556
456  505
456  893
456  862
456  895
457  749
457  848
457  827
458  650
459  887
459  951
461  654
462  473
462  513
463  966
464  878
464  801
465  644
465  775
465  621
465  623
466  541
466  679
470  672
470  582
470  838
472  549
472  775
472  491
472  944
473  651
474  992
474  524
474  716
474  502
474  823
474  955
475  904
475  538
476  738
477  713
477  507
478  622
480  892
482  579
482  729
484  486
484  776
484  510
484  542
485  737
487  632
488  751
489  614
489  935
489  690
489  786
490  540
490  997
491  528
491  572
492  855
493  960
493  789
493  790
493  703
494  581
494  694
495  864
496  712
498  920
500  647
500  732
500  668
501  640
501  858
502  649
503  672
503  547
503  717
505  874
506  994
506  796
509  687
510  672
510  584
510  655
510  951
510  628
511  854
511  536
511  889
511  699
512  909
512  816
512  890
513  645
513  725
515  883
516  581
517  678
517  722
517  796
517  869
518  636
519  643
524  980
525  874
525  597
527  593
529  746
529  867
531  576
532  629
533  567
534  611
534  871
534  936
536  627
536  683
537  704
537  662
540  720
540  689
541  544
545  657
545  831
546  888
548  961
548  993
548  850
548  758
548  603
549  611
551  552
551  764
552  728
552  968
553  659
553  725
554  708
554  845
554  637
556  711
556  558
556  568
556  824
556  765
557  800
557  639
557  831
558  907
558  610
561  644
561  786
561  788
562  774
562  974
563  632
563  628
565  642
565  873
565  721
565  985
566  898
568  586
568  962
570  595
570  854
571  920
571  690
572  701
573  586
574  575
576  819
576  751
580  746
580  899
581  859
582  937
584  866
584  875
584  723
584  692
584  894
587  741
589  832
590  757
592  964
594  624
594  765
596  613
597  868
597  850
597  701
599  651
599  829
601  822
601  999
604  861
609  664
610  927
611  626
611  659
611  709
612  872
612  674
614  808
614  719
614  756
614  911
615  806
615  711
615  927
616  630
616  994
617  899
618  792
620  764
620  810
621  843
621  940
621  688
623  851
626  808
626  902
631  638
632  802
632  788
632  886
635  710
637  764
643  685
643  718
645  888
647  878
650  978
651  772
651  744
651  684
655  956
659  674
659  709
659  669
662  709
662  961
663  849
664  676
664  762
664  926
667  743
667  804
669  750
670  696
672  760
672  971
673  819
675  730
675  861
675  895
676  994
679  772
680  986
680  868
681  705
681  725
682  956
682  838
683  950
683  795
686  974
686  751
688  812
689  872
689  844
691  878
691  915
691  830
692  756
692  989
692  958
696  864
699  931
700  889
701  898
702  771
704  902
704  907
704  879
704  985
708  932
708  847
710  952
710  822
713  738
714  985
717  973
721  917
722  807
722  972
722  911
725  934
726  916
726  999
729  891
730  975
733  834
734  779
735  774
742  938
744  833
745  920
745  798
748  990
751  929
754  857
755  787
762  876
766  877
766  791
768  794
770  997
770  774
771  853
773  960
773  806
773  967
784  913
787  886
787  902
791  980
792  853
792  967
794  919
799  842
799  839
803  883
804  826
809  813
811  836
812  841
819  881
823  983
829  905
836  949
839  995
843  963
843  981
843  926
846  900
851  989
852  923
867  890
868  967
869  908
872  981
882  976
884  971
894  973
898  903
910  938
913  964
915  942
920  983
955  958
