0  3
0  4
0  138
0  395
0  142
0  655
0  16
0  217
0  516
0  410
0  539
0  285
0  414
0  295
0  178
0  437
0  310
0  244
0  186
0  59
0  53
0  907
0  969
0  398
0  599
0  985
0  236
0  884
0  213
1  669
1  129
1  3
1  4
1  6
1  522
1  13
1  14
1  399
1  144
1  19
1  20
1  26
1  27
1  413
1  415
1  32
1  34
1  134
1  41
1  170
1  555
1  687
1  192
1  323
1  325
1  974
1  336
1  87
1  228
1  475
1  96
1  656
1  612
1  911
1  758
1  148
2  256
2  3
2  5
2  6
2  8
2  521
2  271
2  18
2  22
2  407
2  536
2  282
2  773
2  549
2  294
2  42
2  683
2  693
2  54
2  9
2  826
2  188
2  63
2  97
2  333
2  207
2  80
2  210
2  471
2  88
2  225
2  482
2  113
2  375
2  633
2  123
2  895
3  4
3  5
3  8
3  9
3  10
3  12
3  13
3  14
3  19
3  21
3  25
3  27
3  541
3  32
3  33
3  35
3  36
3  39
3  46
3  50
3  52
3  57
3  571
3  864
3  66
3  587
3  84
3  602
3  91
3  606
3  96
3  101
3  112
3  113
3  122
3  124
3  637
3  133
3  141
3  142
3  145
3  659
3  151
3  154
3  157
3  160
3  676
3  677
3  166
3  168
3  183
3  697
3  704
3  711
3  206
3  727
3  729
3  218
3  222
3  224
3  741
3  231
3  749
3  750
3  242
3  254
3  255
3  263
3  812
3  273
3  274
3  281
3  283
3  797
3  299
3  300
3  306
3  305
3  818
3  820
3  328
3  340
3  352
3  868
3  401
3  362
3  878
3  367
3  884
3  380
3  387
3  913
3  409
3  921
3  938
3  428
3  431
3  434
3  75
3  966
3  973
3  462
3  471
3  487
3  488
3  766
3  502
4  5
4  7
4  8
4  9
4  522
4  13
4  15
4  16
4  17
4  18
4  515
4  20
4  21
4  538
4  29
4  30
4  33
4  36
4  38
4  604
4  519
4  51
4  565
4  56
4  58
4  64
4  578
4  68
4  69
4  72
4  589
4  592
4  594
4  84
4  598
4  92
4  607
4  608
4  112
4  117
4  532
4  635
4  128
4  650
4  655
4  157
4  161
4  169
4  177
4  432
4  694
4  697
4  187
4  192
4  197
4  206
4  207
4  719
4  739
4  237
4  244
4  257
4  262
4  273
4  279
4  284
4  298
4  827
4  317
4  341
4  858
4  350
4  359
4  878
4  371
4  893
4  399
4  581
4  944
4  433
4  961
4  965
4  458
4  971
4  473
4  986
4  500
4  505
5  768
5  98
5  6
5  7
5  905
5  10
5  11
5  143
5  272
5  17
5  402
5  20
5  22
5  31
5  160
5  161
5  219
5  862
5  37
5  808
5  42
5  647
5  300
5  430
5  561
5  91
5  51
5  949
5  159
5  188
5  394
5  190
5  629
5  832
5  962
5  835
5  68
5  289
5  74
5  940
5  205
5  974
5  592
5  209
5  594
5  139
5  87
5  987
5  348
5  93
5  990
5  738
5  740
5  488
5  622
5  112
5  497
5  903
5  885
5  502
5  120
5  404
5  890
5  801
5  383
6  900
6  646
6  7
6  136
6  10
6  527
6  16
6  657
6  19
6  916
6  535
6  25
6  26
6  28
6  30
6  31
6  33
6  418
6  163
6  292
6  165
6  38
6  40
6  44
6  47
6  948
6  55
6  57
6  188
6  831
6  64
6  194
6  324
6  837
6  583
6  72
6  586
6  823
6  802
6  722
6  476
6  93
6  95
6  229
6  487
6  104
6  106
6  485
6  748
6  239
6  368
6  886
6  293
6  123
6  252
6  381
7  15
7  272
7  529
7  275
7  923
7  156
7  134
7  41
7  45
7  437
7  607
7  443
7  61
7  53
7  960
7  65
7  322
7  197
7  71
7  329
7  759
7  83
7  85
7  470
7  220
7  222
7  37
7  356
7  105
7  115
7  887
7  249
7  122
7  252
8  70
8  12
8  15
8  915
8  949
8  918
8  89
8  24
8  313
8  29
9  640
9  11
9  150
9  28
9  541
9  927
9  417
9  170
9  686
9  48
9  49
9  821
9  703
9  960
9  194
9  835
9  82
9  342
9  983
9  90
9  377
10  384
10  768
10  130
10  644
10  392
10  11
10  17
10  530
10  404
10  22
10  535
10  281
10  796
10  546
10  198
10  166
10  295
10  429
10  47
10  49
10  307
10  311
10  184
10  57
10  702
10  193
10  66
10  323
10  69
10  582
10  75
10  78
10  723
10  85
10  343
10  984
10  860
10  477
10  351
10  611
10  934
10  715
10  872
10  362
10  503
11  12
11  398
11  271
11  400
11  792
11  23
11  24
11  26
11  794
11  674
11  342
11  549
11  44
11  176
11  695
11  444
11  74
11  97
11  330
11  214
11  598
11  737
11  98
11  230
11  487
11  752
11  113
11  370
11  245
11  508
11  865
12  384
12  129
12  133
12  66
12  14
12  537
12  25
12  540
12  30
12  800
12  34
12  39
12  47
12  48
12  56
12  60
12  957
12  321
12  962
12  67
12  838
12  73
12  215
12  603
12  863
12  609
12  610
12  615
12  551
12  108
12  493
12  366
12  247
12  122
13  265
13  780
13  145
13  403
13  148
13  36
13  39
13  40
13  181
13  54
13  444
13  450
13  69
13  268
13  842
13  467
13  470
13  932
13  90
13  862
13  357
13  106
13  638
14  21
14  121
14  572
15  240
15  162
15  453
15  102
15  713
15  298
15  301
15  174
15  400
15  450
15  498
15  53
15  473
15  856
15  706
15  828
15  341
16  325
16  211
16  566
16  119
16  191
16  732
16  861
16  446
16  709
17  43
17  260
17  679
17  75
17  140
17  18
17  50
17  196
17  564
17  537
17  86
17  823
17  23
17  55
17  165
18  448
18  225
18  579
18  359
18  109
18  591
18  80
18  212
18  983
18  56
18  640
18  94
19  100
19  308
19  72
19  76
19  340
19  630
19  23
19  505
19  116
20  162
20  136
20  361
20  151
20  780
20  109
20  168
20  147
20  54
20  905
20  24
20  58
20  667
20  764
21  261
21  902
21  201
21  783
21  242
21  89
21  345
21  580
22  32
22  448
22  43
22  484
22  102
22  104
22  31
22  171
22  396
22  785
22  259
22  503
22  996
22  251
22  316
22  413
22  927
23  257
23  772
23  904
23  138
23  275
23  923
23  28
23  288
23  298
23  176
23  305
23  61
23  967
23  76
23  204
23  847
23  722
23  984
23  601
23  477
23  379
23  657
23  251
24  518
24  265
24  399
24  405
24  406
24  27
24  554
24  941
24  945
24  306
24  308
24  55
24  186
24  316
24  63
24  967
24  712
24  336
24  337
24  377
24  216
24  493
24  992
24  993
24  867
24  612
24  381
24  81
24  621
24  622
24  111
24  624
24  626
24  246
24  121
24  891
24  810
25  512
25  864
25  101
25  360
25  73
25  87
25  110
25  850
25  195
25  662
25  791
25  824
25  441
25  250
25  476
25  733
25  318
26  132
26  135
26  264
26  45
26  534
26  666
26  346
26  29
26  678
26  557
26  174
26  49
26  691
26  195
26  330
26  333
26  77
26  81
26  466
26  83
26  853
26  86
26  216
26  90
26  95
26  481
26  874
26  241
26  632
27  128
27  137
27  143
27  302
27  288
27  34
27  37
27  40
27  940
27  942
27  175
27  313
27  59
27  317
27  191
27  65
27  324
27  327
27  968
27  83
27  731
27  732
27  223
27  355
27  612
27  615
27  107
27  767
28  67
28  485
28  103
28  43
28  44
28  45
28  52
28  597
28  150
28  127
28  666
28  59
28  93
28  773
29  705
29  266
30  769
30  35
30  102
30  241
30  651
30  622
30  303
30  710
30  401
30  114
30  565
30  433
30  344
30  153
30  943
30  765
30  94
30  421
31  576
31  35
31  740
31  199
31  74
31  395
31  76
31  718
31  149
31  761
31  889
31  701
31  958
32  960
32  163
32  38
32  353
32  42
32  811
32  337
32  720
32  593
32  277
32  919
32  472
33  546
33  261
33  684
33  142
33  48
33  338
33  116
33  62
33  278
33  564
33  637
33  158
34  235
34  46
34  178
34  213
34  124
35  418
35  68
35  357
35  230
35  169
35  204
35  141
35  593
35  728
35  610
35  822
35  345
35  152
35  569
35  866
35  894
36  808
36  809
36  368
36  146
36  420
36  570
36  123
36  314
36  158
36  442
37  289
37  553
37  969
37  330
37  268
37  77
37  623
37  978
37  73
37  664
37  114
37  746
38  513
38  614
38  391
38  776
38  106
38  976
38  84
38  292
38  667
38  980
39  101
39  269
39  375
39  794
39  476
39  510
39  543
40  899
40  132
40  773
40  239
40  155
40  925
40  803
40  41
40  427
40  814
40  285
40  561
40  51
40  436
40  952
40  698
40  70
40  840
40  863
40  751
40  765
40  767
41  294
41  680
41  94
41  65
42  259
42  388
42  528
42  346
42  670
42  342
42  563
42  180
42  949
42  694
42  444
42  197
42  462
42  79
42  598
42  727
42  601
42  858
42  222
42  742
42  872
42  382
42  635
42  126
42  127
43  131
43  164
43  118
43  582
43  111
43  995
43  604
43  861
43  798
44  738
44  900
44  293
44  999
44  879
44  304
44  760
44  189
44  62
45  139
45  397
45  143
45  147
45  276
45  277
45  407
45  408
45  157
45  932
45  46
45  177
45  567
45  184
45  314
45  700
45  318
45  63
45  64
45  67
45  581
45  326
45  609
45  334
45  208
45  350
45  523
45  737
45  226
45  484
45  234
45  121
45  634
45  636
45  253
46  581
46  71
46  170
46  427
46  398
46  79
46  528
46  675
46  405
46  150
46  526
46  91
47  390
47  232
47  272
47  562
47  440
47  665
48  520
48  350
49  704
49  481
49  465
49  50
49  52
49  181
49  329
49  729
50  513
50  226
50  527
50  533
50  536
50  153
50  930
50  550
50  425
50  171
50  301
50  431
50  818
50  181
50  183
50  185
50  187
50  324
50  71
50  841
50  589
50  78
50  208
50  100
50  861
50  606
50  991
50  80
50  994
50  868
50  103
50  108
50  792
50  119
50  379
51  99
51  243
51  271
51  496
51  817
51  371
51  438
51  859
51  956
52  416
52  576
52  105
52  327
52  552
52  937
52  423
52  141
52  912
52  402
52  355
52  212
52  309
52  92
52  235
52  826
52  830
52  997
53  450
53  131
53  709
53  582
53  233
53  560
53  280
54  870
54  78
54  567
54  314
54  411
54  58
54  898
55  352
55  104
55  60
56  135
56  426
56  190
57  388
57  328
57  60
57  847
57  89
57  505
57  120
57  420
57  763
57  892
57  61
58  133
58  262
58  364
58  810
58  62
58  588
58  117
58  152
58  799
58  638
58  981
59  642
59  485
59  167
59  296
59  585
59  852
59  88
60  579
60  421
60  79
60  312
60  179
60  372
60  376
60  639
61  577
61  100
61  208
61  658
61  339
61  255
62  258
62  315
62  70
62  199
62  77
62  573
62  979
62  628
62  119
62  770
62  347
62  126
63  641
63  99
63  175
64  928
64  998
64  366
64  496
64  146
64  318
64  692
64  478
64  726
64  700
64  509
64  798
65  483
65  997
65  264
65  393
65  118
65  233
65  446
66  389
66  525
66  242
66  571
67  293
67  207
67  597
67  175
67  796
68  644
68  263
68  139
68  524
68  397
68  656
68  659
68  919
68  389
68  930
68  296
68  303
68  438
68  196
68  584
68  849
68  213
68  602
68  619
68  620
68  110
68  370
68  639
69  486
69  590
69  915
70  332
70  684
70  240
70  209
70  787
70  666
70  671
71  320
71  681
71  397
71  467
72  105
72  375
72  825
72  255
74  256
74  365
74  144
74  146
74  149
74  419
74  426
74  692
74  182
74  439
74  202
74  848
74  81
74  163
74  468
74  85
74  214
74  231
74  743
74  877
74  366
74  248
75  97
75  386
75  455
75  137
75  461
75  848
75  513
75  373
75  542
75  201
75  312
75  250
75  92
75  574
76  896
76  200
76  970
76  279
76  565
76  379
76  501
77  673
77  711
77  137
77  903
77  781
77  173
77  82
77  638
77  630
77  247
77  701
77  589
77  223
78  576
78  258
78  274
78  916
78  151
78  805
78  756
78  699
78  832
78  205
78  466
78  854
78  88
78  479
78  610
78  110
78  753
78  882
78  116
78  246
79  295
79  876
79  531
79  149
80  103
81  352
81  552
81  82
81  857
82  417
82  717
82  451
82  453
82  716
82  909
82  590
82  243
82  86
82  250
82  155
82  95
83  96
83  836
83  585
83  458
83  312
83  117
83  632
83  603
83  220
83  829
84  545
84  125
84  547
84  189
85  196
85  454
85  617
85  461
85  470
85  631
85  856
85  794
86  689
86  403
86  245
86  478
87  897
87  961
87  457
87  167
87  240
87  585
87  346
88  515
88  836
88  159
88  237
88  463
88  657
88  724
88  479
89  164
89  138
89  334
89  189
89  343
89  441
89  252
89  778
90  320
90  528
90  533
90  248
90  159
91  417
91  262
91  167
91  742
91  774
91  344
91  348
92  812
93  257
93  99
93  455
93  776
93  331
93  846
93  931
93  373
93  154
93  134
93  677
94  358
94  648
94  125
94  573
94  218
94  221
95  162
95  619
95  107
95  114
95  760
95  186
96  611
96  98
96  246
96  416
96  609
96  108
96  171
96  172
96  781
96  140
96  195
96  854
96  311
96  377
96  867
96  663
97  484
97  463
97  209
97  723
97  665
97  959
98  226
98  749
98  948
98  990
98  709
99  229
99  425
99  911
100  675
100  214
100  871
100  647
100  908
100  109
100  630
100  920
100  409
100  573
100  287
101  321
101  356
101  616
101  747
101  460
101  270
101  111
101  754
101  643
101  792
101  569
101  511
102  896
102  775
102  107
102  172
102  210
102  115
102  567
102  862
103  807
103  267
103  238
103  600
104  992
104  147
104  374
104  871
104  621
104  558
104  563
104  729
105  492
106  130
106  643
106  588
106  204
106  974
106  495
106  893
106  575
107  490
107  562
107  158
108  736
108  322
108  182
108  524
108  654
108  211
108  469
108  118
108  617
109  392
109  747
109  368
109  691
109  183
109  132
110  518
110  424
110  431
110  115
110  153
111  128
111  129
111  642
111  227
111  486
111  391
111  361
111  144
111  156
111  387
111  372
111  917
111  374
111  951
111  217
111  730
111  769
111  954
112  768
112  743
112  905
112  874
112  154
112  124
112  285
112  287
113  180
113  383
114  136
114  427
114  429
114  367
114  392
114  127
114  220
115  385
115  410
115  635
116  256
116  859
116  676
116  200
116  457
116  812
116  205
116  179
116  155
116  512
116  489
116  120
116  740
116  851
116  507
116  383
116  730
116  735
117  456
117  713
117  745
118  502
118  135
118  145
118  169
118  652
118  845
118  911
118  982
118  215
118  633
118  793
118  319
119  193
119  360
119  179
119  281
120  322
120  807
120  263
120  849
120  693
120  445
120  126
121  387
121  806
121  198
121  937
121  976
121  241
121  185
122  131
123  872
123  130
124  936
124  492
124  428
124  482
124  494
124  239
124  178
124  251
124  249
124  923
124  460
124  125
124  559
125  544
125  929
125  291
125  517
125  273
125  173
125  593
125  498
125  853
126  358
126  200
126  297
126  715
126  269
126  655
126  202
126  349
127  140
127  194
127  660
127  161
127  164
127  168
127  690
127  436
127  824
127  706
127  837
127  462
127  212
127  846
127  599
127  216
127  225
127  503
127  253
127  254
128  846
128  180
128  206
128  406
128  152
128  756
129  384
129  645
129  742
130  259
130  422
130  198
130  365
131  553
131  757
132  363
132  978
132  309
132  351
133  203
133  173
133  174
133  221
133  280
133  771
133  504
133  803
133  858
133  508
134  945
134  466
134  248
136  972
136  626
136  184
137  148
137  187
138  962
138  292
138  254
139  359
139  266
139  464
139  818
139  372
140  260
140  274
140  772
141  236
141  469
141  694
142  461
142  199
143  224
143  780
143  526
143  726
143  465
143  886
143  156
143  317
144  192
144  228
144  297
144  663
145  394
145  571
146  165
146  518
146  595
146  855
147  746
147  942
147  525
148  231
149  704
149  929
149  868
149  424
149  688
149  825
150  396
150  481
151  160
151  935
151  306
151  215
151  955
152  229
152  520
152  302
154  224
154  234
154  920
154  442
154  764
155  648
156  354
156  710
156  679
156  783
156  218
156  827
156  284
157  480
157  219
157  831
158  901
158  870
158  321
158  713
158  464
158  564
158  597
158  695
158  378
158  670
158  191
159  684
159  509
161  291
161  429
161  370
161  532
161  415
162  736
162  934
162  166
162  296
162  297
162  619
162  621
162  275
162  966
163  483
163  516
163  497
163  977
163  547
163  347
163  190
165  928
165  419
165  452
165  245
165  699
166  258
166  741
166  238
166  816
166  210
166  435
166  276
166  654
166  887
166  474
166  219
166  510
167  232
167  943
167  499
167  947
168  498
169  989
170  232
170  303
170  177
170  182
170  956
171  708
171  839
171  172
171  500
171  566
171  855
171  217
171  349
171  575
172  299
172  227
172  917
172  723
172  539
172  543
173  965
174  483
174  393
174  689
174  975
174  829
175  770
175  558
175  176
175  465
175  821
175  278
175  959
176  439
176  524
176  211
176  701
176  613
177  354
177  230
177  957
178  289
178  283
179  265
179  981
179  185
179  703
180  338
180  929
181  422
181  743
181  329
181  651
181  401
181  568
182  646
182  661
183  650
183  588
183  697
183  412
183  414
184  568
184  881
185  353
185  675
185  772
185  521
185  618
185  301
185  369
185  629
185  407
185  280
185  441
185  778
186  323
186  686
186  531
186  757
186  734
187  307
187  830
188  227
188  238
188  560
188  338
190  193
191  544
191  228
191  264
191  201
191  971
191  396
191  782
191  495
191  304
191  744
191  594
191  829
191  286
192  517
192  732
192  202
192  236
192  284
192  393
192  348
193  787
193  725
194  980
195  452
195  586
195  203
195  537
195  860
196  522
196  816
196  286
197  879
197  504
197  380
198  320
198  203
198  367
198  636
198  490
199  673
199  455
199  501
199  889
199  506
200  964
200  507
200  445
201  926
202  288
202  422
202  649
202  560
202  756
202  757
202  351
203  325
203  914
203  244
203  287
204  843
204  753
204  243
204  283
204  766
205  452
205  807
205  755
205  600
206  235
206  620
206  941
206  592
206  739
206  799
207  420
207  234
208  880
209  480
209  494
209  406
209  855
209  282
209  509
210  999
210  647
210  373
210  886
211  382
212  233
213  540
213  746
213  860
214  449
214  331
214  453
214  705
214  814
214  335
214  400
214  771
214  596
214  955
214  221
214  926
214  223
215  662
215  811
215  302
215  305
215  793
216  385
216  748
217  545
217  267
217  810
217  332
217  237
217  270
217  434
217  883
217  436
217  942
217  310
217  728
217  409
218  752
218  795
219  625
221  347
221  966
221  648
221  363
221  556
221  369
221  309
221  315
222  335
222  627
222  340
222  771
222  698
222  511
223  702
224  456
224  361
224  875
224  267
224  891
225  931
225  451
225  378
225  315
225  414
226  449
226  270
226  754
226  698
227  580
227  269
227  815
227  754
227  957
228  938
228  249
229  290
229  253
230  514
230  261
230  936
230  586
230  947
230  276
230  471
230  702
232  389
232  634
232  412
232  575
233  328
233  618
233  907
233  477
233  703
235  801
235  291
235  548
235  646
235  554
235  290
235  595
235  311
235  826
235  349
236  716
236  277
236  536
237  421
237  853
237  885
238  424
238  721
238  789
239  434
239  878
240  827
240  260
241  739
241  935
241  279
241  975
241  369
241  308
241  662
241  247
241  763
241  511
242  428
242  819
242  310
242  538
242  319
242  671
243  356
243  817
243  437
244  480
244  616
244  808
245  865
245  803
249  447
250  685
250  435
250  857
251  334
252  577
252  391
252  282
252  762
253  416
253  611
253  731
254  813
254  750
254  599
255  326
255  683
255  680
256  268
256  681
257  363
258  371
259  559
259  278
259  607
260  489
260  897
261  386
261  457
261  266
262  836
262  390
262  460
264  354
264  908
264  558
265  411
266  459
266  327
267  796
268  432
269  459
269  707
270  364
270  446
271  395
271  815
272  774
272  519
272  717
272  304
272  775
272  839
272  822
272  671
273  385
273  921
276  491
279  299
279  530
279  468
279  410
279  541
280  614
281  313
282  608
282  339
282  652
282  307
282  438
282  286
285  290
285  548
285  935
285  300
285  883
285  566
285  696
286  673
286  956
286  381
288  712
288  691
288  508
288  906
288  542
289  336
289  672
290  682
290  458
290  625
290  699
291  873
291  970
291  339
291  764
292  294
292  873
292  316
293  717
293  881
293  539
294  579
294  456
294  714
294  811
294  506
294  412
294  447
295  805
295  781
295  403
296  563
296  559
297  360
297  917
298  833
298  665
298  504
298  953
299  362
299  526
300  624
301  761
301  920
301  411
302  464
303  641
303  419
303  882
303  778
303  468
303  758
303  548
303  842
303  426
304  454
304  326
304  813
304  430
304  806
304  374
304  408
304  319
305  516
305  616
305  841
305  463
305  720
305  882
305  660
305  629
305  759
305  475
305  605
305  670
306  834
307  857
308  386
308  903
308  623
308  626
308  435
308  687
309  753
310  682
310  331
310  793
310  632
310  825
310  734
311  736
311  578
311  678
311  337
311  507
312  801
312  613
312  678
312  986
312  979
313  652
313  443
314  358
316  744
316  578
317  672
317  714
317  415
318  888
318  525
319  995
319  332
320  848
320  815
321  804
322  335
322  863
323  514
323  653
323  880
323  344
324  432
324  378
324  668
325  353
326  893
326  447
327  491
327  587
327  382
328  497
328  440
328  479
329  674
329  765
330  939
330  840
330  779
330  755
330  533
330  510
331  583
331  333
331  918
331  953
332  494
332  529
333  899
333  777
333  490
333  653
333  628
333  887
334  710
334  584
334  809
334  601
335  751
335  981
335  828
336  692
336  800
337  834
337  355
337  520
337  555
337  707
337  376
337  345
338  705
338  467
338  341
338  343
338  540
339  856
340  965
340  454
340  720
342  649
343  696
343  523
344  877
344  623
344  721
344  788
344  365
345  557
345  535
345  696
345  762
346  869
346  521
346  491
349  677
350  577
350  388
350  357
350  394
350  364
350  689
350  656
350  700
352  442
359  433
360  653
360  693
360  950
361  529
361  584
362  982
362  963
363  779
363  975
363  595
363  733
364  897
364  390
364  493
365  749
365  784
365  404
365  376
368  512
368  615
368  686
368  948
369  876
369  695
369  475
369  895
370  448
370  482
370  551
370  871
370  851
370  950
370  888
370  413
370  798
372  761
372  425
373  449
373  708
374  918
375  661
375  914
376  474
377  682
377  845
378  731
379  380
379  405
380  418
380  552
380  430
380  658
380  445
380  895
381  402
383  583
383  875
383  532
383  473
384  916
385  785
385  910
385  913
386  850
387  523
388  472
388  555
390  605
390  639
391  922
391  614
392  963
392  519
392  499
392  650
393  707
394  688
394  996
395  624
395  730
397  945
398  870
398  718
398  927
399  499
402  423
402  443
402  901
404  451
404  486
404  423
404  755
404  408
406  501
407  459
408  833
408  716
408  496
408  572
408  543
410  620
410  789
411  527
412  608
412  546
412  813
413  596
413  745
414  795
414  947
414  603
415  633
416  844
416  933
417  712
417  439
418  832
418  569
419  758
420  834
421  574
421  557
424  492
424  478
425  805
425  763
426  944
426  474
428  596
428  644
430  751
431  939
431  706
433  909
433  495
433  894
433  440
435  993
435  899
435  550
435  969
435  977
435  663
435  637
435  542
437  591
437  600
437  733
438  515
439  989
442  833
442  776
442  605
443  469
443  617
444  745
444  784
444  570
445  631
447  931
448  924
449  775
452  953
452  587
453  530
456  562
456  921
456  734
456  885
457  901
457  925
459  902
459  590
459  572
460  649
460  669
462  728
463  843
465  664
465  669
466  985
467  640
467  488
467  791
468  963
468  517
468  838
468  972
468  472
468  990
469  628
470  604
471  800
471  823
471  830
472  591
473  625
473  989
474  634
474  534
475  680
475  690
475  735
476  842
476  500
477  769
477  514
477  934
477  727
477  847
477  913
477  759
479  645
479  874
479  789
482  725
484  531
484  933
486  489
486  946
486  506
487  968
488  930
488  553
488  549
490  534
491  741
491  556
491  845
494  804
494  668
494  718
496  902
498  721
498  779
499  724
501  658
502  783
503  545
503  738
505  922
507  835
509  602
509  884
510  790
515  550
515  883
515  538
517  961
517  898
517  551
517  844
520  750
521  554
522  806
522  660
523  879
527  570
529  676
529  900
530  978
530  627
530  725
530  618
532  762
532  561
533  984
533  906
534  970
536  547
538  544
538  687
539  737
539  869
541  777
542  912
543  641
544  685
545  613
545  938
545  556
545  824
546  568
547  674
547  683
548  991
550  580
550  631
550  767
551  852
552  688
554  898
554  822
555  770
555  809
555  782
555  668
558  642
560  719
561  816
561  711
562  912
563  574
564  881
566  636
569  936
573  998
574  627
578  928
584  672
586  643
586  973
591  786
591  958
592  681
593  790
594  837
595  865
602  909
603  839
603  937
603  606
604  999
605  995
606  715
608  986
609  667
611  828
612  971
614  896
614  877
614  910
615  817
617  820
618  964
618  654
618  788
619  892
620  992
621  661
622  747
622  724
622  985
624  994
624  708
626  645
626  946
626  980
628  819
630  679
635  786
636  795
639  914
639  838
640  786
643  651
643  690
643  790
645  907
646  820
648  819
649  760
649  915
650  659
655  664
655  925
656  797
659  933
661  964
661  685
662  744
667  932
668  719
672  866
672  844
674  797
677  983
680  804
682  841
683  787
683  924
686  944
686  788
686  890
693  726
694  875
696  991
699  735
702  904
704  904
704  814
709  924
710  714
712  869
713  994
713  784
713  888
715  752
715  722
716  748
717  766
719  774
720  873
721  998
722  889
723  955
723  802
727  802
727  988
730  777
735  880
735  785
735  799
736  977
742  864
742  866
744  791
749  859
749  831
750  851
752  876
756  854
765  850
768  972
768  988
769  782
771  993
771  959
772  941
777  891
778  843
785  958
786  821
787  910
795  952
795  892
797  908
803  849
805  840
805  988
806  996
808  890
808  852
813  906
815  997
815  926
819  954
824  943
831  982
835  952
835  976
841  968
841  922
847  950
852  967
853  894
864  867
878  919
894  954
894  973
899  951
916  987
921  940
936  946
937  979
938  939
949  951
950  987
