0  1
0  2
0  3
0  10
0  18
0  148
0  280
0  28
0  30
0  679
0  40
0  44
0  307
0  55
0  184
0  958
0  65
0  579
0  326
0  463
0  980
0  92
0  478
0  97
0  361
0  874
0  114
0  374
0  510
1  129
1  4
1  517
1  409
1  7
1  14
1  400
1  151
1  153
1  285
1  161
1  34
1  171
1  51
1  440
1  698
1  193
1  839
1  201
1  546
1  79
1  464
1  856
1  89
1  860
1  605
1  479
1  736
1  102
1  105
1  107
1  108
1  757
1  122
1  125
2  234
2  113
2  626
2  118
2  57
2  636
3  780
4  128
4  5
4  8
4  9
4  11
4  12
4  141
4  15
4  276
4  25
4  389
4  160
4  731
4  36
4  39
4  169
4  264
4  178
4  73
4  697
4  31
4  451
4  841
4  202
4  525
4  86
4  88
4  689
4  207
4  735
4  353
4  699
4  484
4  945
4  106
4  356
4  751
4  886
4  247
4  120
4  506
4  252
5  386
5  131
5  133
5  6
5  904
5  17
5  786
5  22
5  279
5  539
5  156
5  29
5  926
5  32
5  497
5  547
5  37
5  38
5  167
5  437
5  314
5  827
5  191
5  836
5  204
5  591
5  336
5  337
5  595
5  85
5  217
5  346
5  229
5  485
5  849
5  744
5  368
5  881
5  246
5  887
5  124
6  119
6  661
6  654
7  66
7  163
7  155
7  870
7  801
7  170
7  299
7  482
7  815
7  948
7  283
7  491
7  254
7  703
8  769
8  69
8  488
8  531
8  665
9  263
9  45
9  621
9  401
9  121
10  457
10  932
10  13
12  134
12  812
12  906
12  398
12  16
12  402
12  19
12  20
12  26
12  27
12  675
12  293
12  295
12  554
12  428
12  685
12  562
12  819
12  54
12  58
12  575
12  320
12  705
12  712
12  458
12  77
12  81
12  467
12  601
12  732
12  734
12  96
12  610
12  103
12  367
12  240
12  242
12  851
12  628
12  759
12  633
12  508
13  339
13  74
14  391
14  369
14  338
14  84
14  59
14  95
15  768
15  159
16  64
16  194
16  931
17  99
17  296
17  80
17  662
17  535
17  600
17  223
17  221
17  182
18  249
18  50
18  328
19  35
19  740
19  329
19  430
19  913
19  212
19  950
19  23
19  413
20  225
20  674
20  68
20  359
20  364
20  738
20  879
20  21
20  617
20  474
21  960
21  104
21  493
21  784
21  24
21  345
21  892
21  415
22  576
22  71
22  109
22  469
22  890
22  123
22  709
23  747
23  454
23  43
23  978
23  728
23  60
24  796
25  33
25  98
25  773
25  49
25  552
25  41
25  938
25  172
25  47
25  305
25  351
25  236
25  260
25  282
25  219
25  476
25  350
25  927
26  844
26  214
27  42
27  83
27  195
27  919
28  48
28  61
28  861
29  357
29  327
29  427
29  269
29  721
29  378
29  383
29  733
29  638
31  944
31  52
31  468
31  380
31  637
33  641
33  130
33  259
33  521
33  783
33  147
33  278
33  495
33  545
33  164
33  46
33  56
33  673
33  973
33  846
33  717
33  78
33  486
33  111
33  763
33  381
33  597
34  226
34  771
34  612
34  70
34  584
34  143
34  912
34  882
34  534
34  218
34  379
35  291
35  62
36  209
36  725
37  417
37  298
37  144
37  313
37  127
37  639
38  803
38  644
38  459
38  173
38  175
40  616
40  87
40  373
40  183
42  145
42  250
42  258
45  514
45  422
45  487
45  499
45  53
45  91
46  936
46  987
46  342
47  100
48  208
48  976
49  186
50  135
50  271
50  115
50  181
50  215
50  828
50  287
52  371
53  832
53  962
53  774
53  518
53  137
53  277
53  348
53  761
53  315
53  444
53  63
54  970
54  238
54  311
55  696
55  586
55  710
55  865
56  640
56  418
56  419
56  602
56  166
56  199
56  72
56  203
56  748
56  205
56  509
56  136
56  754
56  921
56  634
56  989
57  704
58  76
58  206
61  512
61  233
62  569
62  743
63  232
63  905
63  843
65  385
65  67
65  261
65  75
65  975
65  563
65  93
65  190
66  883
66  439
66  845
66  319
68  112
68  516
68  943
68  848
68  210
68  245
68  94
69  928
70  614
71  498
71  343
73  126
74  101
74  526
74  306
74  216
74  507
75  842
75  455
76  165
76  682
76  142
76  916
76  792
76  540
79  332
79  177
79  308
79  855
79  90
80  82
80  230
81  275
81  117
81  503
82  456
82  530
82  110
82  825
84  690
84  651
84  213
84  231
85  452
86  668
87  352
87  941
87  558
87  150
87  375
88  220
90  821
90  414
91  537
91  957
94  434
94  196
94  613
96  384
97  581
97  838
97  952
97  955
97  862
98  840
100  902
102  770
102  737
102  300
102  322
102  154
103  140
103  116
103  988
103  817
105  176
107  847
109  152
109  483
109  799
110  309
112  462
113  149
113  711
114  157
115  481
115  188
115  937
116  312
116  442
116  179
116  756
118  158
120  999
122  192
122  520
122  713
122  224
122  543
123  340
123  580
123  382
124  745
124  814
126  752
127  441
127  138
127  524
127  449
128  392
128  132
128  257
130  200
130  403
130  180
130  527
132  395
132  606
133  915
133  620
135  198
135  876
135  139
135  268
135  253
135  187
135  317
136  393
136  416
136  316
136  853
137  248
140  390
142  286
143  146
144  649
144  490
144  555
144  466
144  837
145  720
145  742
145  407
147  707
147  228
147  693
148  168
148  541
149  244
150  354
150  273
150  266
150  866
150  529
150  435
150  349
151  333
151  366
151  404
151  830
151  991
152  256
152  804
152  334
153  480
154  185
154  303
155  267
156  859
156  460
158  446
159  465
160  394
161  162
163  990
165  577
165  939
165  396
165  560
165  594
165  211
165  795
167  875
167  388
167  683
167  174
167  243
167  372
167  310
167  532
169  432
169  323
170  241
171  330
172  325
176  426
176  645
177  593
177  406
177  335
178  929
178  578
178  358
178  424
178  522
178  235
179  360
179  496
179  189
179  559
180  272
180  239
183  289
183  477
183  630
183  719
185  197
188  746
191  660
192  739
192  294
192  808
192  684
192  222
197  304
197  227
197  355
197  779
198  536
198  341
200  436
200  996
200  429
200  557
201  344
201  281
201  607
202  473
203  632
204  365
204  893
204  942
205  425
206  650
207  363
207  900
208  858
210  251
212  397
213  549
214  664
214  461
216  781
217  775
218  321
218  835
220  431
221  324
221  237
221  511
222  297
222  445
224  564
225  608
226  494
228  635
228  302
231  590
233  489
236  265
237  672
237  513
237  284
238  515
238  807
238  652
238  688
238  500
238  347
238  701
238  255
239  274
244  669
247  667
247  362
247  376
247  505
247  923
247  714
252  262
256  270
259  824
262  850
262  331
263  787
265  411
267  288
268  570
271  475
272  292
274  809
275  727
278  290
280  687
283  726
284  301
285  868
285  765
285  519
290  370
292  686
296  412
296  797
296  609
298  585
301  897
301  624
301  405
301  470
301  791
303  788
303  533
304  538
304  917
306  956
307  822
312  318
313  433
313  471
316  438
319  718
323  631
326  826
326  691
326  708
327  777
334  553
334  603
334  716
334  758
335  730
336  447
337  706
337  542
341  648
341  571
341  789
341  423
343  453
344  642
344  901
345  963
345  678
346  910
353  550
354  377
354  387
356  572
358  800
359  472
360  741
363  657
367  443
367  653
368  408
368  666
369  869
370  659
373  995
378  834
379  985
379  556
379  925
380  410
383  947
385  598
385  798
386  680
390  420
390  977
392  574
392  399
395  994
395  811
397  823
399  898
400  968
402  448
402  891
404  933
404  421
407  587
407  596
408  561
409  615
409  749
409  816
409  502
409  573
412  750
418  623
421  450
427  974
427  918
432  877
434  914
434  949
435  810
435  492
435  589
436  566
437  567
442  618
443  528
443  583
452  831
453  979
456  785
457  670
459  565
460  592
463  981
464  544
468  611
470  802
470  772
472  629
480  896
480  588
480  694
483  504
483  753
488  964
488  599
489  992
489  818
489  523
493  762
498  501
499  625
499  548
501  551
502  643
504  568
504  969
504  782
509  723
512  658
515  582
522  953
524  663
525  880
529  820
530  646
531  760
531  627
531  647
535  604
546  724
548  619
553  872
559  986
564  715
564  854
566  622
570  778
570  677
573  655
575  852
578  920
578  755
578  676
578  871
579  885
583  671
585  681
588  965
589  692
595  954
595  895
604  997
604  829
607  909
608  982
610  864
610  863
613  899
614  940
615  767
623  867
623  794
625  884
630  702
631  984
632  813
636  656
636  966
637  700
639  889
644  790
653  946
653  695
653  805
653  959
658  722
668  934
677  907
677  951
681  935
691  922
691  967
692  764
692  998
697  857
703  903
722  793
724  833
727  729
731  806
735  873
736  776
753  930
754  766
773  888
775  911
779  961
792  908
817  972
857  894
869  878
879  983
922  924
970  971
991  993
