0  2
0  3
0  4
0  389
0  6
0  7
0  8
0  9
0  12
0  386
0  272
0  918
0  538
0  414
0  287
0  160
0  134
0  169
0  45
0  46
0  178
0  312
0  416
0  450
0  67
0  965
0  70
0  327
0  74
0  77
0  80
0  465
0  84
0  85
0  472
0  96
0  867
0  104
0  116
0  630
0  248
0  506
0  379
0  341
1  384
1  2
1  3
1  516
1  135
1  785
1  274
1  403
1  404
1  922
1  31
1  802
1  423
1  298
1  555
1  65
1  332
1  335
1  96
1  227
1  146
1  110
1  127
2  514
2  115
2  4
2  5
2  7
2  8
2  268
2  14
2  15
2  528
2  19
2  22
2  23
2  795
2  86
2  218
2  133
2  667
2  40
2  681
2  554
2  685
2  46
2  177
2  50
2  51
2  55
2  927
2  117
2  62
2  63
2  581
2  198
2  71
2  202
2  460
2  237
2  342
2  601
2  602
2  91
2  118
2  351
2  97
2  911
2  613
2  489
2  365
2  369
2  915
2  244
2  190
2  502
2  136
2  763
2  124
2  765
2  382
3  133
3  51
3  129
3  139
3  12
3  910
3  402
3  21
3  25
3  548
3  198
3  552
3  681
3  307
3  570
3  68
3  326
3  455
3  205
3  79
3  469
3  856
3  90
3  219
3  350
3  351
3  738
3  996
3  103
3  421
3  490
3  492
3  751
3  624
3  500
3  246
3  617
3  125
4  128
4  5
4  6
4  136
4  137
4  10
4  140
4  273
4  951
4  768
4  520
4  35
4  165
4  41
4  426
4  43
4  223
4  945
4  435
4  180
4  521
4  308
4  699
4  138
4  63
4  64
4  578
4  68
4  71
4  439
4  718
4  81
4  338
4  727
4  89
4  603
4  348
4  479
4  992
4  98
4  99
4  998
4  529
4  106
4  748
4  189
4  117
4  121
5  86
5  267
5  130
5  144
5  756
5  470
5  29
5  478
6  131
6  10
6  13
6  14
6  914
6  20
6  790
6  36
6  38
6  625
6  424
6  941
6  306
6  53
6  56
6  58
6  835
6  709
6  461
6  463
6  976
6  696
6  214
6  88
6  732
6  118
6  484
6  422
6  359
6  616
6  490
6  496
6  881
6  758
6  250
6  764
6  381
6  638
7  647
7  11
7  770
7  45
7  16
7  657
7  19
7  789
7  663
7  408
7  26
7  923
7  284
7  158
7  801
7  36
7  295
7  39
7  156
7  301
7  944
7  180
7  350
7  699
7  60
7  318
7  245
7  449
7  200
7  201
7  76
7  845
7  78
7  463
7  82
7  83
7  164
7  655
7  220
7  990
7  486
7  488
7  572
7  746
7  619
7  466
7  753
7  883
7  190
7  873
7  123
7  253
8  9
8  13
8  142
8  157
8  544
8  40
8  669
8  820
8  565
8  54
8  701
8  672
8  66
8  840
8  585
8  81
8  339
8  88
8  93
8  874
8  29
8  221
8  885
9  16
9  786
9  405
9  150
9  791
9  921
9  154
9  155
9  28
9  30
9  932
9  177
9  818
9  947
9  56
9  57
9  444
9  321
9  978
9  727
9  984
9  231
9  747
9  789
10  138
10  11
10  146
10  24
10  154
10  27
10  677
10  172
10  430
10  50
10  563
10  436
10  824
10  324
10  842
10  75
10  473
10  90
10  91
10  92
10  861
10  104
10  756
11  272
11  73
11  332
11  79
11  976
11  49
11  20
11  888
11  761
11  27
11  668
11  751
12  403
12  37
12  167
13  48
13  498
13  620
14  256
14  512
14  643
14  519
14  265
14  779
14  782
14  143
14  17
14  18
14  147
14  533
14  23
14  24
14  25
14  286
14  571
14  32
14  545
14  35
14  676
14  518
14  168
14  122
14  556
14  178
14  175
14  176
14  306
14  798
14  55
14  314
14  59
14  700
14  64
14  193
14  578
14  69
14  15
14  73
14  586
14  695
14  460
14  210
14  919
14  469
14  470
14  474
14  271
14  506
14  107
14  867
14  356
14  536
14  361
14  875
14  749
14  113
14  510
14  631
14  249
14  250
14  766
15  401
15  283
15  287
15  32
15  33
15  547
15  37
15  934
15  297
15  44
15  174
15  560
15  194
15  708
15  202
15  208
15  94
15  353
15  361
15  235
15  495
15  880
15  753
15  114
15  251
16  129
16  17
16  18
16  148
16  21
16  22
16  281
16  282
16  924
16  414
16  420
16  168
16  257
16  943
16  393
16  697
16  188
16  62
16  197
16  585
16  843
16  77
16  718
16  207
16  208
16  78
16  377
16  606
16  608
16  865
16  739
16  741
16  572
16  532
16  255
16  85
17  388
17  26
17  540
17  30
17  161
17  675
17  294
17  566
17  567
17  186
17  67
17  69
17  839
17  72
17  977
17  219
17  860
17  997
17  101
17  545
17  503
18  996
18  150
18  522
18  619
18  589
18  240
18  788
18  126
18  950
18  185
18  409
18  634
18  720
18  573
18  318
19  363
20  711
21  34
21  805
21  496
21  593
21  242
21  310
21  314
21  61
22  544
22  833
22  163
22  710
22  683
22  642
22  206
22  627
22  949
22  954
22  31
23  679
23  968
23  372
23  119
23  48
23  82
23  212
23  729
23  537
23  507
24  344
24  374
24  329
24  458
24  273
24  74
24  918
24  311
24  920
24  95
25  130
25  657
25  411
25  28
25  291
25  293
25  166
25  41
25  47
25  307
25  184
25  186
25  187
25  188
25  705
25  325
25  457
25  970
25  207
25  803
25  549
25  109
25  241
25  637
26  676
26  459
26  720
26  191
27  33
27  742
27  686
27  47
27  179
27  701
28  262
28  359
28  940
28  557
28  245
28  57
28  760
28  373
30  609
30  38
30  390
30  807
30  232
30  426
30  846
30  209
31  930
31  228
31  481
31  548
31  941
31  110
31  111
31  243
31  52
31  382
31  248
31  836
31  442
31  511
31  865
31  477
31  445
31  863
32  384
32  259
32  132
32  522
32  530
32  148
32  406
32  151
32  792
32  410
32  543
32  290
32  422
32  39
32  808
32  43
32  304
32  438
32  184
32  580
32  336
32  593
32  99
32  270
32  354
32  611
32  868
32  109
32  367
32  120
33  97
33  34
33  871
33  362
33  199
33  205
33  942
33  337
33  345
33  441
34  226
34  454
34  551
34  465
35  320
35  144
35  59
35  134
35  296
35  106
35  688
35  945
35  499
35  52
35  182
35  58
35  635
35  316
36  928
36  353
36  197
36  810
36  107
36  333
36  183
36  254
37  113
37  42
37  166
38  105
38  42
38  850
38  949
39  126
40  224
40  603
40  423
40  939
40  108
40  482
40  623
40  215
40  271
40  380
40  253
41  841
41  44
41  398
41  562
41  725
41  954
42  192
42  347
42  614
42  717
42  850
42  595
42  53
43  92
44  735
46  837
46  838
46  871
47  612
47  49
47  330
47  334
47  176
47  625
47  405
47  836
47  721
47  475
47  862
48  60
48  333
49  427
49  233
49  779
49  302
49  239
49  881
49  404
49  95
50  65
50  966
50  70
50  135
50  98
50  61
50  970
50  658
50  83
50  597
50  54
50  125
51  472
51  983
52  161
52  172
52  175
52  216
52  847
52  252
52  959
53  321
53  100
53  265
53  282
54  299
54  300
55  355
55  805
55  93
55  744
55  762
55  119
55  876
55  655
55  981
55  284
55  87
55  121
55  826
55  475
55  444
55  605
55  958
56  66
56  131
56  203
56  973
56  848
56  402
56  425
56  153
56  889
56  331
57  640
57  388
57  103
57  396
57  624
57  882
57  89
59  642
59  415
59  72
59  764
59  778
59  75
59  834
59  750
59  815
59  112
59  145
59  724
59  854
59  439
59  185
59  378
59  783
59  411
59  629
60  385
60  80
60  276
60  831
61  950
61  111
62  256
62  105
62  290
62  214
62  674
62  770
63  480
63  901
63  487
63  807
63  76
63  622
63  112
63  159
63  787
63  660
63  149
63  278
63  311
63  602
63  955
63  698
63  446
63  247
64  576
64  743
64  424
64  397
64  366
64  239
64  456
64  94
65  231
65  972
65  588
65  301
65  84
65  662
65  473
66  257
66  261
66  334
66  368
66  305
66  788
66  693
66  247
66  413
67  464
67  102
67  297
67  428
67  141
67  206
67  752
67  182
67  809
67  600
67  122
67  189
68  259
68  230
68  329
68  433
68  659
68  532
68  149
68  283
69  391
69  648
69  233
69  139
69  687
69  564
69  967
69  955
70  292
70  357
70  569
70  636
70  573
71  352
71  225
71  419
71  391
71  303
71  116
71  468
71  795
71  828
71  541
72  101
72  870
72  279
72  752
72  337
72  183
72  511
73  485
73  360
73  818
73  87
74  262
74  742
74  774
74  592
74  979
75  385
75  232
75  792
75  825
76  243
76  236
77  289
77  715
77  948
77  533
77  447
77  574
77  767
79  194
79  295
79  431
79  916
79  888
83  102
83  171
83  108
83  124
84  771
84  199
84  392
84  971
84  705
84  316
84  989
85  195
85  804
85  364
85  529
85  722
85  275
85  982
85  931
87  171
87  201
88  523
88  843
88  754
88  986
88  221
89  503
89  302
89  370
89  825
89  187
89  349
89  191
90  610
90  229
90  583
90  946
90  213
90  693
91  481
91  229
91  716
91  343
91  670
92  907
92  100
92  115
92  561
92  211
93  313
94  196
94  486
94  935
94  366
94  942
95  386
95  173
95  814
95  378
95  159
96  456
96  453
96  383
97  508
97  346
97  666
99  398
99  568
99  984
99  217
99  443
100  440
100  858
101  275
101  419
101  575
102  736
102  741
102  137
102  140
103  484
103  653
103  304
103  925
104  260
104  230
104  237
104  143
104  432
104  292
105  516
105  395
105  685
105  368
105  371
105  147
105  152
105  153
105  317
105  319
106  162
106  298
106  114
106  223
107  158
107  431
108  261
108  714
108  974
108  623
108  309
108  151
108  120
108  958
109  645
109  328
109  203
109  300
109  174
109  407
109  829
110  653
110  433
110  173
111  546
111  715
112  960
112  900
112  969
112  397
112  141
112  466
112  690
112  562
112  340
112  757
112  887
112  824
112  665
112  559
112  607
113  289
113  260
113  806
113  308
113  342
113  794
113  859
113  127
114  163
114  421
114  582
114  587
114  495
114  222
115  128
116  162
116  328
116  618
116  555
116  852
116  504
117  856
118  193
118  443
118  477
119  556
119  181
120  769
120  204
120  906
120  213
120  123
120  702
121  930
121  132
121  712
121  142
121  241
121  872
121  733
122  617
122  394
122  509
122  336
122  537
122  733
124  160
124  897
124  710
124  322
124  595
124  632
124  217
124  703
124  220
124  509
124  863
125  768
125  614
126  454
126  551
126  145
126  339
126  692
126  409
126  167
127  164
127  609
127  553
127  939
127  303
127  721
127  156
127  851
127  628
127  534
127  855
127  474
127  828
127  606
127  373
128  392
128  152
128  892
128  478
129  315
129  972
129  838
130  212
130  542
131  497
131  605
131  814
132  379
132  270
132  855
133  224
133  258
133  719
133  437
133  155
134  246
134  263
135  165
135  410
136  211
136  157
137  577
137  776
137  170
137  880
137  209
137  531
137  356
137  285
138  268
139  446
140  905
140  435
140  607
141  192
142  395
142  343
144  775
144  169
144  541
144  274
144  757
144  668
144  381
144  677
145  967
145  649
145  971
145  912
145  849
145  280
146  904
146  286
147  418
150  276
151  893
152  621
154  196
155  323
155  502
156  899
157  933
157  870
157  236
157  269
157  638
157  793
157  542
158  694
160  903
161  258
161  453
161  358
161  557
161  238
161  725
162  632
162  505
163  181
164  874
166  580
166  554
166  471
166  862
167  264
167  777
168  170
168  340
169  240
170  684
171  983
172  204
172  179
172  216
172  763
172  906
173  596
173  437
174  576
174  266
174  724
174  277
174  218
174  493
174  319
175  769
177  767
178  929
178  630
179  731
179  937
179  535
179  989
179  926
180  663
181  417
181  875
181  408
181  661
181  728
181  853
182  387
183  225
183  611
183  489
183  210
183  312
183  891
185  800
185  291
185  251
185  249
185  827
187  691
187  462
188  594
188  195
188  396
189  267
190  464
190  621
191  988
193  200
193  263
194  458
194  691
194  428
195  416
195  227
195  550
195  697
195  222
197  390
199  487
200  581
200  616
200  279
200  315
202  689
202  749
204  387
204  254
205  293
205  678
205  654
205  816
205  785
205  467
205  730
205  412
207  869
207  786
207  916
207  313
207  571
207  927
208  252
208  277
208  823
209  482
209  646
209  494
209  215
209  349
210  242
210  626
210  911
211  755
211  326
212  561
212  445
213  519
213  234
213  775
213  527
214  800
214  226
214  228
214  716
214  722
214  889
215  235
215  305
215  615
215  857
216  288
216  327
218  615
219  531
219  812
220  567
221  362
221  238
222  323
222  812
224  234
224  525
224  369
224  501
224  476
224  671
225  900
226  929
226  613
227  543
227  670
227  985
228  796
228  255
229  777
229  771
229  690
230  278
230  841
230  299
230  310
231  346
231  980
231  357
233  704
233  427
233  325
234  400
234  331
234  432
234  317
235  784
235  244
236  700
237  324
237  894
240  526
241  389
242  512
242  355
242  886
243  944
243  708
243  269
244  264
244  579
245  745
245  266
245  692
246  783
247  288
247  664
248  649
248  399
248  335
248  766
249  558
249  951
252  417
252  791
252  281
252  604
252  285
253  480
253  961
256  735
258  539
258  483
260  429
261  737
261  406
261  943
262  980
263  309
264  641
266  415
267  740
268  320
269  280
270  866
270  547
270  558
270  912
270  372
270  599
270  820
270  636
271  360
271  375
271  737
272  488
272  723
273  322
273  497
273  374
273  540
276  704
276  896
276  354
276  631
276  695
277  804
277  598
277  407
281  747
282  643
282  909
282  436
282  536
282  957
283  832
283  864
283  517
283  294
283  589
283  367
283  530
284  461
284  917
284  762
284  447
285  376
285  583
285  935
286  383
288  338
289  296
289  913
289  501
289  730
289  986
290  714
294  364
294  455
296  890
296  569
297  759
298  920
298  570
298  330
298  926
299  696
300  688
301  582
303  893
304  418
304  811
304  883
304  665
305  682
305  723
305  919
305  344
307  684
307  485
308  898
310  644
310  734
312  420
312  575
314  832
314  345
314  449
315  377
315  591
316  468
316  341
316  678
317  517
317  363
317  521
317  953
317  348
318  774
318  586
318  743
318  596
319  860
320  371
322  627
322  683
324  909
326  438
327  634
327  802
328  673
329  908
330  608
331  680
331  590
332  358
332  878
332  894
333  651
333  991
334  352
334  467
334  413
335  538
335  365
335  784
336  803
337  969
338  560
338  964
338  873
339  610
339  612
339  852
339  639
340  553
340  781
340  563
340  504
342  813
343  729
344  347
344  864
344  959
345  904
346  451
346  910
346  399
346  375
346  507
347  641
347  745
347  626
347  731
348  658
348  539
348  999
349  510
350  462
351  518
351  839
351  442
351  639
352  393
352  434
353  822
353  854
353  966
353  679
353  776
353  915
353  694
354  991
356  394
356  380
357  778
357  524
357  500
357  599
358  450
358  515
358  584
358  400
358  952
359  650
361  600
361  978
362  680
362  633
364  370
364  787
364  549
366  520
366  661
367  740
367  590
369  633
369  430
369  719
370  376
370  799
371  483
371  816
371  498
371  425
374  908
374  452
374  471
375  401
375  938
376  441
376  817
376  933
377  534
377  963
379  940
379  535
380  682
380  790
381  806
381  648
381  759
381  671
383  527
386  515
390  526
391  622
391  830
394  451
394  523
394  524
394  717
394  846
394  566
394  440
394  794
395  902
395  491
395  982
395  809
398  546
398  780
398  947
398  823
399  434
403  591
405  492
406  429
406  412
406  479
412  780
412  796
414  844
414  765
414  734
415  499
416  640
416  652
416  736
416  574
417  601
418  853
418  995
419  452
421  513
421  999
423  882
423  494
426  887
427  514
428  476
428  565
428  491
429  564
431  459
432  594
434  650
436  448
436  635
436  895
438  896
438  738
440  513
441  861
443  448
443  914
444  559
445  687
447  508
448  457
448  902
449  884
450  964
451  646
452  528
454  760
454  493
459  726
459  819
459  758
459  664
460  604
460  962
464  675
464  525
466  834
468  654
470  579
471  669
474  505
474  707
476  899
476  628
480  781
481  672
481  822
483  568
485  844
487  998
488  985
488  810
492  993
493  552
493  993
493  995
494  977
495  973
498  674
498  981
502  620
504  656
504  597
504  773
505  588
506  662
508  923
509  913
511  819
513  997
519  897
525  975
527  689
530  968
530  797
533  826
533  637
534  890
539  577
539  629
540  550
546  706
546  858
546  830
548  651
549  667
551  592
553  698
556  992
556  587
556  598
558  711
558  815
559  849
560  917
565  686
566  884
568  979
569  885
570  584
583  840
584  706
585  644
586  660
586  647
587  924
587  938
588  744
588  645
590  656
591  921
593  799
597  713
597  901
602  652
607  726
608  702
611  960
611  772
611  618
611  847
612  868
613  956
624  808
624  755
632  659
636  857
640  835
640  797
640  782
644  932
646  728
647  891
649  936
657  898
658  817
659  673
661  666
662  798
664  732
664  821
665  876
666  842
669  772
670  712
671  827
671  707
674  703
674  831
676  936
676  750
681  869
685  709
685  746
687  956
691  953
692  957
698  952
708  837
711  713
711  948
714  754
715  739
717  845
726  829
728  851
728  773
729  886
729  990
730  961
734  748
741  892
745  801
746  905
754  761
754  877
756  859
759  934
760  907
761  848
763  946
770  878
773  937
779  965
790  793
795  987
804  877
806  833
808  811
812  813
817  821
817  903
820  895
829  931
831  866
833  987
835  928
849  925
861  872
862  879
870  922
877  879
878  974
915  988
932  963
943  962
950  975
962  994
965  994
