0  2
0  3
0  264
0  528
0  273
0  131
0  533
0  22
0  23
0  668
0  31
0  160
0  548
0  287
0  965
0  71
0  717
0  597
0  736
0  97
0  227
0  101
0  742
0  259
0  490
0  104
0  787
0  116
1  2
1  4
1  5
1  390
1  8
1  10
1  13
1  14
1  656
1  19
1  20
1  46
1  535
1  388
1  155
1  30
1  673
1  37
1  809
1  300
1  429
1  302
1  815
1  136
1  434
1  950
1  185
1  955
1  138
1  193
1  452
1  588
1  909
1  83
1  85
1  953
1  984
1  729
1  475
1  96
1  867
1  870
1  497
1  788
1  375
1  760
1  889
2  386
2  3
2  4
2  133
2  6
2  7
2  9
2  11
2  658
2  19
2  22
2  235
2  25
2  282
2  491
2  32
2  34
2  675
2  164
2  933
2  38
2  683
2  44
2  816
2  179
2  820
2  53
2  184
2  826
2  61
2  190
2  191
2  448
2  449
2  195
2  837
2  100
2  711
2  73
2  77
2  85
2  598
2  471
2  197
2  985
2  118
2  483
2  996
2  166
2  614
2  103
2  233
2  106
2  619
2  630
2  239
2  624
2  241
2  755
2  629
2  502
2  120
3  5
3  6
3  12
3  13
3  14
3  16
3  20
3  24
3  260
3  26
3  27
3  28
3  541
3  555
3  47
3  562
3  51
3  569
3  58
3  63
3  65
3  70
3  76
3  99
3  86
3  95
3  611
3  104
3  107
3  109
3  110
3  111
3  129
3  131
3  132
3  133
3  647
3  138
3  139
3  142
3  143
3  147
3  151
3  152
3  169
3  176
3  183
3  696
3  699
3  196
3  201
3  714
3  501
3  718
3  217
3  220
3  221
3  230
3  237
3  238
3  248
3  249
3  254
3  772
3  641
3  777
3  266
3  643
3  278
3  284
3  287
3  296
3  812
3  305
3  308
3  309
3  829
3  319
3  320
3  836
3  330
3  846
3  856
3  345
3  348
3  863
3  868
3  486
3  358
3  879
3  880
3  372
3  381
3  896
3  898
3  393
3  401
3  408
3  924
3  413
3  419
3  436
3  952
3  447
3  983
3  483
3  997
3  998
3  187
4  35
4  118
4  294
4  7
4  681
4  10
4  12
4  354
4  16
4  963
4  822
4  257
4  286
5  98
5  549
5  209
5  328
5  9
5  781
5  366
5  47
5  8
5  18
5  693
5  374
5  218
5  655
5  94
5  63
6  256
6  833
6  356
6  135
6  41
6  11
6  943
6  48
6  75
6  691
6  463
6  951
6  410
6  15
6  60
6  361
7  395
7  869
7  551
7  874
7  167
7  880
7  403
7  214
7  473
7  698
7  893
7  575
8  263
8  397
8  145
8  18
8  27
8  158
8  261
8  32
8  36
8  45
8  159
8  60
8  64
8  65
8  326
8  712
8  74
8  204
8  592
8  87
8  88
8  89
8  605
8  352
8  99
8  101
8  232
8  125
8  378
8  253
8  639
9  289
9  67
9  17
9  137
9  674
9  559
9  49
9  531
9  212
9  341
9  406
9  408
9  564
9  506
9  444
9  29
9  605
9  191
11  44
11  686
11  49
11  982
11  122
11  479
12  42
12  114
13  453
13  225
13  425
13  202
13  903
13  972
13  495
13  144
13  17
13  754
13  993
13  280
13  601
13  154
13  252
13  159
14  15
14  21
14  24
14  25
14  28
14  417
14  35
14  932
14  172
14  48
14  66
14  195
14  76
14  82
14  90
14  850
14  368
14  246
14  119
14  632
15  545
15  226
15  59
15  612
15  325
15  40
15  236
15  29
15  123
15  244
15  245
15  182
15  345
15  539
15  341
15  573
15  949
16  780
16  272
16  274
16  21
16  153
16  413
16  670
16  34
16  677
16  295
16  169
16  43
16  945
16  818
16  307
16  948
16  54
16  312
16  458
16  86
16  94
16  223
16  737
16  239
16  240
16  241
16  553
16  379
16  765
16  255
17  288
17  416
17  770
17  804
17  168
17  523
17  271
17  882
17  51
17  823
17  137
18  193
18  422
18  174
18  956
18  606
18  230
19  518
19  267
19  782
19  45
19  784
19  664
19  543
19  161
19  36
19  165
19  940
19  429
19  46
19  177
19  438
19  55
19  31
19  316
19  445
19  62
19  198
19  459
19  716
19  846
19  82
19  84
19  853
19  471
19  602
19  988
19  224
19  98
19  741
19  998
19  105
19  766
20  33
20  139
20  396
20  270
20  752
20  23
20  282
20  603
20  92
21  257
21  163
21  353
21  675
21  918
21  560
21  26
21  572
22  210
22  78
23  33
23  323
23  329
23  586
23  396
23  430
23  111
23  532
24  835
24  948
24  707
24  152
24  59
24  61
25  259
25  261
25  774
25  145
25  531
25  286
25  389
25  40
25  42
25  175
25  437
25  574
25  693
25  194
25  203
25  79
25  852
25  88
25  603
25  478
25  103
25  765
26  897
26  130
26  420
26  39
26  72
26  91
26  907
26  610
26  783
26  753
26  114
26  872
26  183
26  920
26  213
26  123
26  412
26  30
26  383
27  50
27  302
28  961
28  773
28  134
28  935
28  360
28  362
28  946
28  499
28  84
28  437
28  56
28  794
28  91
28  284
28  62
28  639
29  64
29  423
29  55
29  156
30  199
30  617
30  881
30  87
31  418
31  67
31  708
31  721
31  621
31  337
31  625
31  50
31  163
31  533
31  182
31  186
31  706
31  537
31  90
31  285
31  638
32  37
32  966
32  135
32  778
32  268
32  162
32  301
32  272
32  465
32  116
32  54
32  824
32  982
32  474
32  187
32  764
32  767
33  96
33  128
33  162
33  219
33  212
33  550
33  39
33  43
33  245
33  793
33  122
33  251
34  38
34  234
34  77
34  593
34  404
34  342
34  125
35  738
35  243
35  645
36  129
36  651
36  526
36  399
36  784
36  276
36  157
36  548
36  811
36  304
36  53
36  695
36  321
36  332
36  80
36  83
36  984
36  93
36  615
36  747
36  108
36  884
36  117
36  635
37  151
37  705
38  228
38  71
38  714
38  113
38  915
38  728
38  57
38  158
39  56
39  622
39  577
40  141
40  52
40  881
40  41
40  818
40  180
40  820
40  57
40  58
40  321
40  322
40  451
40  198
40  73
40  203
40  206
40  339
40  314
40  491
40  113
40  371
40  631
40  124
40  894
41  530
41  108
42  186
42  989
42  630
43  512
44  800
45  115
45  585
45  906
45  242
45  175
45  680
45  594
45  698
46  482
46  324
46  69
46  844
46  400
46  117
46  251
47  450
47  420
47  171
47  814
47  81
47  899
47  726
47  317
48  112
48  279
48  848
48  472
48  309
48  567
48  888
48  89
48  124
49  395
49  231
49  431
49  216
49  211
49  52
49  469
49  664
49  628
49  222
49  565
50  514
50  330
50  80
50  439
50  665
50  922
50  892
50  734
51  384
51  290
51  424
51  425
51  240
51  893
52  178
53  584
53  140
53  173
53  303
53  120
54  405
54  334
54  695
55  340
56  68
56  805
56  200
56  142
56  432
56  277
56  310
56  964
56  127
56  357
57  66
57  229
57  838
57  734
57  453
58  288
58  258
58  68
58  902
58  394
58  146
58  72
58  402
58  626
58  498
58  443
58  637
59  496
59  720
59  666
59  349
60  546
60  291
60  199
60  583
60  779
60  300
60  78
60  271
60  75
60  419
60  180
60  405
60  857
60  155
60  925
60  715
61  385
61  292
61  678
61  269
61  110
61  399
61  725
61  642
61  727
62  69
62  808
62  210
62  219
62  517
63  812
63  877
63  365
63  278
63  950
63  218
64  369
64  729
65  376
65  213
66  482
66  207
66  465
66  626
67  258
67  767
68  353
68  100
68  166
68  70
68  170
68  178
68  228
68  189
68  126
70  513
70  616
70  140
70  141
70  440
70  313
71  387
71  679
72  515
72  403
72  789
72  922
72  293
72  167
72  684
72  173
72  562
72  692
72  322
72  584
72  74
72  718
72  595
72  859
72  606
72  421
72  102
72  875
73  97
73  515
73  485
73  265
73  939
73  908
73  242
73  81
73  946
73  467
73  492
74  704
74  579
74  197
74  973
74  840
74  274
74  757
74  311
74  825
74  411
74  549
75  961
75  994
75  165
75  298
75  791
75  109
75  370
75  499
75  934
75  959
76  806
76  79
76  661
76  472
76  121
76  634
76  559
76  127
77  134
77  807
77  106
77  962
77  847
77  112
77  115
77  412
80  556
80  644
80  700
81  283
81  927
82  653
83  706
83  805
83  464
83  509
84  627
84  329
84  400
84  595
84  148
84  317
85  92
85  525
86  146
86  613
86  503
87  768
87  105
87  299
87  527
87  93
88  661
88  872
89  260
89  813
90  929
90  557
90  244
90  792
91  576
91  541
91  854
91  614
91  168
91  969
91  333
91  653
91  936
91  446
91  534
91  249
91  730
91  751
91  150
91  415
92  682
92  582
93  454
93  102
93  327
93  279
93  847
93  304
93  306
93  990
93  95
94  149
95  336
95  514
96  459
96  225
96  523
96  525
96  208
96  944
96  547
96  150
96  315
96  539
96  156
96  895
97  964
97  989
97  894
98  331
98  455
98  107
98  700
99  224
99  833
99  999
99  748
99  148
99  599
99  346
100  200
100  381
101  291
101  177
101  620
101  754
101  744
101  722
101  211
101  859
102  128
102  164
102  297
102  749
102  181
102  663
102  580
104  709
104  170
104  299
104  119
104  378
104  188
105  369
105  275
105  586
105  493
105  494
105  557
105  657
105  498
105  276
105  953
105  538
105  283
105  281
105  895
106  384
106  672
106  546
106  707
106  324
106  130
106  522
106  172
106  688
106  147
106  308
106  342
106  516
106  682
107  352
107  229
107  861
108  386
108  781
109  908
109  327
110  192
110  362
110  237
110  306
110  759
111  409
112  157
112  144
112  561
112  340
112  669
113  121
113  566
113  289
114  204
114  143
114  976
114  348
115  132
115  426
115  174
115  176
115  920
115  612
115  253
116  464
116  638
116  296
117  421
117  358
117  967
117  360
117  560
117  561
117  500
117  724
117  154
117  572
118  448
118  824
118  621
119  851
120  587
120  205
120  301
120  221
120  659
120  216
120  954
120  957
120  254
120  442
123  777
123  435
123  496
123  625
123  467
124  161
124  194
124  196
124  678
124  243
124  841
124  879
124  336
124  402
124  339
124  968
124  149
124  900
124  508
125  227
125  588
125  462
125  215
125  314
125  604
125  126
126  307
126  435
126  574
128  256
128  590
128  942
128  374
128  477
129  325
129  775
129  297
129  622
129  511
130  153
130  486
130  217
131  417
131  357
131  832
131  136
131  428
131  456
131  181
131  505
131  312
131  537
132  233
132  943
133  644
133  716
133  589
133  209
133  798
135  713
135  205
136  250
136  238
137  647
137  269
137  594
137  697
138  506
139  947
140  373
141  208
141  179
141  315
142  545
142  267
142  528
142  532
142  313
143  609
143  485
143  262
143  270
144  416
145  202
145  192
145  702
146  520
146  924
146  247
147  480
147  552
147  842
147  749
147  813
147  184
147  728
147  188
147  970
147  542
147  255
148  234
148  923
149  334
150  160
150  992
150  875
150  461
150  333
150  248
150  280
150  509
150  637
151  900
151  844
151  623
151  371
151  790
151  732
151  223
152  323
153  801
153  214
154  540
154  733
154  671
155  773
155  207
155  689
155  565
155  860
156  504
157  456
157  898
158  617
158  520
158  884
158  441
158  604
158  318
160  370
161  427
161  310
162  611
162  687
162  669
162  190
166  634
167  976
167  692
167  375
167  383
167  831
168  803
168  868
168  780
168  907
168  332
168  303
169  866
169  458
169  171
169  492
169  367
169  266
170  226
170  359
170  265
170  685
170  722
170  905
170  347
170  478
172  804
174  563
174  220
175  392
175  201
175  363
175  236
175  337
175  758
175  631
175  379
175  319
177  652
177  591
177  247
177  926
178  640
178  845
178  185
178  222
178  351
179  935
179  215
179  460
179  663
179  665
179  858
180  468
180  724
180  776
181  320
181  385
181  189
182  790
183  609
183  530
183  601
183  764
184  888
184  438
184  798
185  518
185  346
185  445
185  735
187  231
189  691
191  690
193  273
193  454
193  855
195  264
195  801
195  571
196  449
196  814
196  500
196  731
197  996
197  206
197  797
199  899
199  676
200  355
200  484
200  743
200  643
200  502
200  542
201  232
201  235
201  942
201  720
201  275
201  510
202  699
202  494
202  503
203  979
204  521
204  958
204  849
206  517
206  655
207  600
208  390
208  582
208  551
208  553
208  587
208  636
209  589
210  452
210  391
210  755
210  439
210  667
211  397
211  344
211  475
211  925
215  919
216  585
216  974
216  596
216  570
217  455
218  963
219  387
219  508
220  940
221  828
221  733
222  350
223  318
223  558
225  864
225  677
225  263
225  657
225  434
226  544
227  705
227  578
227  547
227  740
227  771
227  501
227  250
228  914
229  994
230  627
231  311
232  335
233  338
234  719
235  294
235  328
235  466
235  538
236  791
236  708
236  535
237  470
237  351
238  826
238  246
239  916
239  461
240  252
241  474
241  687
242  817
242  364
242  885
243  932
243  997
243  783
245  544
245  914
245  649
246  941
247  816
247  726
247  281
249  890
249  573
249  382
250  292
250  326
250  554
250  654
250  566
251  822
252  770
253  414
253  505
253  921
253  285
253  766
254  909
255  268
256  368
256  262
256  577
257  947
258  590
259  555
260  628
263  642
263  389
263  713
263  407
263  493
263  723
263  343
263  444
264  298
264  365
264  335
264  479
265  488
265  676
267  277
267  995
268  393
268  834
270  410
270  581
272  487
272  392
272  428
272  398
272  367
272  788
272  415
274  331
274  842
274  658
276  599
276  761
277  355
277  293
277  489
277  394
277  941
277  409
278  433
279  512
279  290
279  887
279  377
279  443
279  382
280  970
280  570
281  476
281  740
283  613
283  807
283  295
283  350
284  361
284  903
286  480
286  993
287  432
287  681
288  782
289  835
289  354
289  843
290  836
290  414
292  338
295  305
295  849
297  730
297  316
297  519
298  349
299  447
301  887
302  688
302  567
303  406
303  398
303  623
305  808
305  799
306  344
306  608
307  671
308  697
308  646
309  568
309  343
309  649
310  524
311  451
312  347
312  795
313  737
313  648
313  466
313  373
314  446
315  524
316  571
318  860
320  364
322  476
322  462
322  862
323  356
324  607
325  427
325  436
325  632
325  889
326  424
326  423
326  552
326  680
327  388
327  750
329  977
329  411
330  473
330  404
331  372
333  785
334  529
335  839
338  490
338  966
339  646
340  407
341  838
341  936
341  937
341  463
342  635
342  507
344  802
344  550
344  521
344  593
345  366
346  380
347  460
348  363
348  756
349  418
349  977
349  841
349  615
349  721
349  821
349  792
350  800
350  489
350  694
351  376
352  377
352  843
352  769
353  870
353  701
354  670
354  457
355  745
355  391
356  905
356  789
357  672
357  883
358  484
358  359
358  913
358  442
359  497
361  742
364  896
364  965
364  823
364  440
364  633
365  380
366  401
367  703
368  901
369  470
371  752
371  597
371  763
371  477
372  660
372  694
373  710
373  431
374  981
376  991
378  426
379  762
379  796
380  469
380  757
380  583
382  579
383  906
384  600
384  760
385  468
386  433
386  674
387  422
389  934
390  763
393  926
394  522
396  673
401  610
402  731
402  598
404  867
405  723
405  495
405  951
407  481
407  654
409  481
412  441
412  750
414  725
415  534
415  837
415  854
417  988
422  450
422  853
423  986
425  457
426  633
426  430
427  863
428  576
428  794
429  866
429  519
431  878
433  690
434  684
434  558
436  652
436  991
438  527
441  602
442  636
443  753
443  795
443  845
445  686
448  732
449  650
450  802
450  556
450  886
452  769
455  915
455  526
456  945
456  756
456  821
456  762
456  507
458  529
459  829
459  711
460  624
460  702
460  715
462  748
464  580
464  487
465  704
466  488
468  578
468  850
469  511
474  689
475  640
475  645
478  937
481  852
481  581
482  568
482  861
483  928
483  869
484  719
484  685
484  815
485  504
486  902
487  656
491  666
495  832
495  510
495  591
496  776
496  785
497  744
497  516
499  960
500  569
500  739
501  709
501  851
501  659
501  796
504  979
505  904
507  806
508  972
509  513
509  741
509  618
509  554
510  747
510  540
512  975
515  543
517  743
519  930
525  986
529  536
530  667
530  985
533  536
533  787
534  650
535  616
537  563
538  912
538  662
539  831
545  592
545  701
545  575
548  921
549  564
560  856
564  930
565  618
565  703
565  817
566  662
566  825
569  933
570  786
570  876
574  607
574  745
575  710
575  746
575  819
575  980
577  890
577  735
578  596
578  974
578  641
582  862
582  967
583  660
583  738
585  772
586  882
590  651
590  910
591  712
593  608
593  758
593  679
594  648
594  739
594  727
598  995
598  668
600  696
600  619
601  810
606  793
608  629
611  779
611  620
611  775
615  771
616  952
621  855
622  911
623  901
626  683
626  717
631  883
631  885
631  919
632  959
633  865
634  910
638  904
638  797
640  878
642  962
643  819
644  840
644  759
646  874
646  803
646  917
648  778
650  774
650  886
656  916
659  761
659  848
661  960
665  809
665  830
673  864
673  956
674  839
682  830
687  828
690  958
691  827
700  891
701  912
702  969
710  931
720  736
722  786
723  931
726  827
736  746
739  768
741  928
743  751
745  897
745  811
747  973
749  990
755  799
760  865
767  981
773  857
773  834
776  810
778  911
782  877
785  917
789  949
794  892
796  975
801  871
806  939
808  871
815  992
816  918
821  955
836  927
840  873
842  876
843  983
845  858
857  971
860  891
864  873
865  980
869  923
892  944
893  938
895  938
900  929
903  954
910  913
917  971
921  957
935  978
951  968
952  987
953  987
959  999
965  978
