0  1389
0  360
1  496
2  2008
2  5079
2  2511
3  2159
3  5666
4  4259
4  4704
4  1163
5  3928
5  5095
5  2385
6  2893
7  477
7  538
7  4460
8  274
8  3119
9  1466
10  430
10  1565
11  982
11  5977
12  4031
12  4931
12  2511
12  532
13  5482
14  2343
14  3858
15  2249
15  2290
16  1813
16  3636
16  3702
17  2135
17  5211
18  767
18  1062
19  1442
19  5431
20  4540
21  2451
22  2360
22  4547
23  2454
24  4005
24  5072
24  2340
25  584
25  4102
26  5984
26  983
26  616
27  4850
27  4710
27  2384
28  1946
29  246
29  2165
30  3088
31  3642
31  4093
32  4748
32  2250
33  2947
33  4829
33  2215
33  746
34  1246
35  2045
35  3924
36  3569
37  236
37  1980
38  2656
38  466
38  4772
38  835
38  619
39  1548
39  5125
39  3490
40  3933
41  4743
41  2717
42  5040
43  1754
44  267
44  4070
45  1496
46  2406
46  1608
47  5911
47  1097
48  2799
48  3861
49  1395
50  5857
51  4102
52  581
53  5227
54  2220
54  1577
55  5726
55  1189
56  5819
57  2793
57  1910
58  5133
59  2917
59  2323
59  692
59  2825
60  633
60  5217
60  3878
60  4782
61  3163
62  3918
62  1703
63  1269
63  671
63  5283
64  4906
64  1663
65  2951
65  5291
66  3467
66  3427
67  5587
67  4769
68  4725
68  5777
69  1532
69  1149
69  2104
70  4738
71  901
72  2321
72  1626
73  5156
73  1385
74  682
74  5215
75  739
75  3155
75  3278
76  1492
76  3390
77  985
77  2231
78  3083
79  4149
79  4666
80  2186
80  2733
81  4244
81  5207
82  1743
82  4253
82  3326
82  4424
83  4174
84  5801
85  1928
86  4024
86  2788
87  2826
88  1624
89  3973
90  5971
91  3800
92  1885
92  1681
93  1996
93  4012
94  2021
95  805
96  136
96  4288
96  4644
97  846
97  3515
98  1093
99  689
99  1445
99  5498
100  4514
101  1339
102  3543
103  1471
103  2461
104  535
104  942
104  4011
104  3974
105  611
106  4621
106  3373
107  708
108  1487
108  5654
108  592
109  2300
109  2602
110  5774
111  1204
111  212
112  926
113  5320
113  5847
113  191
114  4541
115  5146
116  1670
116  3922
116  4169
117  3452
117  3237
118  1850
118  2158
119  2918
119  2452
119  2602
119  5434
119  4012
120  577
121  3909
121  3395
122  324
122  5890
122  1551
123  1986
124  3887
125  2005
125  2077
125  3578
126  5014
126  2512
127  1406
127  2922
128  1881
128  263
128  3953
129  4152
130  5812
130  4260
131  1718
131  5330
132  5505
132  702
133  4867
134  4060
134  5827
135  5734
135  3932
137  3077
137  2610
137  4309
137  2168
138  144
138  5023
139  924
139  5388
139  895
140  1701
140  1785
140  2082
140  228
141  235
142  5381
142  2314
142  4199
143  797
143  2127
143  2042
144  1250
144  571
145  3297
145  2760
146  3074
146  2644
146  2064
147  3931
147  2002
147  983
148  2972
148  4758
148  5153
149  2603
150  3433
151  3207
151  4275
151  1433
152  2141
152  4964
153  5376
154  4102
154  5703
155  5696
155  3995
156  3611
157  4507
157  5104
157  5910
157  1423
158  2383
159  5232
159  1810
159  578
159  3468
160  1508
161  4607
162  4609
163  2979
163  1212
164  1882
164  5822
165  5571
166  1469
166  5152
166  1292
167  4492
167  931
167  4806
168  2031
168  5594
168  5875
169  4935
169  2360
170  1854
170  5050
171  5540
171  213
172  4971
172  5688
173  254
173  3041
173  4610
174  1030
175  2752
176  2596
176  3822
176  5636
177  3968
177  4940
178  1583
178  4990
179  5870
179  502
180  2795
180  4986
181  2837
181  3078
181  2734
181  1428
182  1896
182  2365
183  5481
183  5303
184  1203
185  5572
185  3708
186  5342
187  1712
187  5558
188  3146
189  5925
190  1382
190  1104
191  3005
192  4933
192  963
192  1089
193  2608
193  2697
193  2655
193  2544
193  483
193  5984
194  2643
194  1016
194  2262
195  1910
195  2335
196  2391
196  5682
196  916
197  5816
198  1448
198  4065
198  4949
199  733
199  5284
200  2248
200  3479
201  476
201  4190
201  1195
202  4432
203  3850
203  4059
203  3933
204  3767
205  5630
206  2901
206  5117
206  5293
206  4469
207  4615
207  4405
207  3121
207  1097
208  1515
208  4716
208  3553
208  5868
208  1888
208  1213
208  5981
209  784
210  3317
210  4846
211  909
212  3438
213  4527
214  2468
215  4306
216  3325
216  3454
216  430
217  4519
217  2030
218  4394
218  4454
218  4593
219  2862
220  377
220  1332
221  2729
221  3249
221  1720
222  2751
222  2882
222  4161
222  2945
223  2614
224  5322
225  2055
226  3034
226  523
226  1159
226  3515
226  474
227  1463
227  2885
228  881
228  4051
229  4738
229  5180
230  2094
231  319
231  4708
231  5887
232  4875
233  3033
234  2995
234  3956
235  4104
237  3193
238  929
238  307
239  5019
240  2474
241  381
242  548
242  4609
243  2099
244  4443
245  868
245  3418
245  3460
246  607
247  5602
248  5485
248  3443
249  1079
249  1408
250  5882
250  2314
251  2511
252  3159
252  1883
253  2205
253  3261
253  4749
255  2196
255  5910
256  2643
257  3619
257  3427
257  3419
258  2160
258  3326
259  3172
259  3812
260  3375
261  2108
261  3286
261  3667
261  3880
262  5466
263  4414
264  4630
264  1907
264  269
265  1671
265  2603
266  1518
266  2219
266  5708
267  1344
267  1956
268  4837
268  4744
268  1643
269  2710
269  780
270  966
270  2562
270  963
271  3373
271  1614
271  4487
272  1396
272  4434
272  3599
273  2050
275  852
275  972
275  5143
275  5493
275  4595
276  2695
276  2520
277  4188
277  1125
278  4427
279  2417
279  4596
279  2662
280  1411
280  3041
281  3779
281  5264
282  4170
282  3061
283  886
283  3414
284  4501
285  554
286  2273
287  350
287  2244
288  5863
289  4144
290  511
290  4108
291  3120
291  3282
291  3185
291  736
292  784
293  3826
294  3931
295  4120
296  772
296  2253
296  3853
296  4984
297  2105
298  4438
299  411
299  5024
299  899
299  4744
300  3184
300  2606
301  3200
301  4570
302  2771
302  1625
302  920
302  5523
303  4900
303  5133
303  3823
304  4794
305  589
305  758
305  5950
305  4339
306  862
306  310
307  1172
307  3289
308  1819
308  2708
308  4251
309  2223
309  1659
310  552
310  2962
310  4894
311  2645
312  1220
312  2956
312  2073
313  1884
313  2333
313  700
314  2674
315  2499
316  1489
316  3957
317  3004
317  5683
318  1725
318  3063
318  4612
320  5821
321  618
321  1935
322  1888
323  1020
323  5896
324  505
324  2152
325  5036
325  5723
326  3505
326  1696
327  693
327  2030
327  539
328  1190
329  3051
330  935
331  5975
331  1454
332  1315
333  3973
333  2884
333  782
334  2535
334  2460
335  4080
335  3223
336  3843
337  5622
338  5192
339  4097
339  432
339  5344
340  489
340  3927
340  1961
341  788
342  3691
342  3570
343  5043
343  2773
344  5717
345  589
346  1807
346  5786
347  1287
348  1301
348  4133
348  1224
349  5889
349  381
350  655
351  2298
351  2714
351  5421
351  2763
351  1126
352  2922
352  4878
352  2194
353  5103
353  1879
354  1985
354  4284
354  5381
355  2126
355  5814
356  2893
357  2595
357  2026
357  5710
358  1019
358  1607
358  4471
358  4737
358  5492
359  1488
359  1091
360  4464
361  5312
361  2737
361  407
362  5573
362  1747
363  3455
364  1072
364  1214
365  1719
365  3501
366  1415
366  2799
367  5976
367  2713
368  5852
369  3732
369  3203
369  1998
370  3597
370  2544
371  4500
371  4253
372  3756
373  804
373  2205
374  1405
374  4038
375  1308
375  1915
375  1348
376  2341
376  2704
376  3745
376  599
376  3301
378  5998
379  3175
380  5455
380  2731
380  3416
380  4089
381  4440
382  2226
382  1899
383  1349
383  3134
384  996
384  2978
385  5375
386  1445
387  506
388  4068
388  4351
389  3014
389  1315
390  2508
391  4742
391  3669
392  5359
392  4226
393  766
393  4601
394  3875
394  3560
395  3581
395  3344
396  1809
396  5542
396  4461
397  4553
398  5395
398  854
399  1491
400  3934
400  2919
401  1179
402  2512
402  2304
403  1030
403  2521
403  3394
404  860
405  724
405  1174
406  580
407  5508
407  2463
408  5553
409  1751
409  3153
409  5259
409  5972
410  3898
410  3671
412  4590
412  4219
413  876
413  2169
414  1391
414  3546
414  5394
414  2939
415  2635
416  3657
416  5748
416  4488
417  4796
418  1887
418  4952
418  5238
418  2803
419  3573
419  4186
420  5093
420  3344
421  999
422  921
422  1999
422  1772
423  1724
423  1530
423  2525
424  3933
424  1473
424  593
424  3024
425  5885
426  1072
427  4407
427  1587
428  537
429  2364
429  1285
430  1853
431  1640
431  2427
432  821
432  4458
433  5621
433  901
434  4802
434  3061
435  3312
435  3680
436  3711
436  5990
436  5652
437  1718
438  5785
438  1035
439  3862
439  3567
440  4058
441  2483
441  5323
442  1428
443  807
443  5075
444  1743
445  1452
445  5617
446  1007
446  5934
447  4919
447  1976
447  5868
448  3766
449  1776
450  3177
450  3726
451  5358
451  3029
452  4413
453  4108
453  2344
453  1786
454  2358
454  527
455  5749
455  5423
455  5149
456  5207
457  2336
457  5743
458  4324
458  5958
459  1852
459  5471
459  5643
459  743
460  2879
461  3639
461  2357
462  4973
462  5985
463  1925
464  3881
464  1929
465  1133
465  3313
465  5189
466  4043
466  4158
466  1472
467  734
467  1825
468  4372
469  3545
469  1364
470  2483
471  4812
471  3264
472  4376
472  5678
472  1819
473  754
473  2637
474  1864
474  4872
475  2273
475  3241
478  2964
478  4746
478  5511
479  3059
479  4864
480  3206
481  1096
481  2534
482  3077
483  597
483  1428
484  1825
485  4174
486  3234
486  5037
487  2564
487  1452
488  5620
488  2118
490  1624
491  1427
491  1978
492  648
492  2432
492  1786
493  1892
494  1404
494  5805
494  5072
495  1255
495  1289
496  3620
496  5102
496  1435
497  3242
497  2636
498  5170
499  741
500  735
501  4168
501  3788
502  2648
503  5166
503  1175
504  5898
505  2023
506  1244
507  5087
508  2148
508  2305
509  3747
509  534
510  4988
511  2090
511  4429
512  2257
513  3920
513  5412
513  2615
513  719
514  3674
515  4762
515  3443
515  2440
516  4818
517  4526
518  4202
518  5288
519  4682
520  3397
521  4402
521  4258
521  2877
522  2087
522  3828
523  3161
524  2559
525  3239
526  1660
526  3041
527  2665
527  3549
528  2439
528  3579
528  5139
528  1665
529  1938
530  5294
531  5374
531  5402
531  1986
531  941
532  2034
533  1523
533  3335
533  4379
533  1029
534  5210
534  2763
536  2767
537  3520
539  888
540  4220
541  3482
541  3567
541  4892
542  5331
543  2533
543  1347
544  2425
544  4995
544  2561
545  3383
546  5353
547  5905
547  2924
547  5900
548  4953
548  1224
549  2787
549  3302
550  1512
550  5545
551  2660
552  2051
553  4410
553  4184
554  4574
554  887
554  3591
555  1992
555  3853
556  2409
556  3202
556  4587
557  3819
557  5459
558  2808
559  4970
559  3434
559  2803
560  4395
561  2025
561  629
562  5076
562  581
563  5003
563  4684
564  2396
564  4958
565  4329
565  2213
566  1939
566  4600
567  3013
568  3319
568  1156
568  1334
569  986
569  4569
570  5569
571  1282
572  4194
572  4563
573  1370
573  5766
574  5166
575  4611
575  5578
575  3714
576  1981
577  2277
577  4346
577  3290
577  5565
577  916
578  4487
579  3236
580  2523
581  3648
581  5891
582  2872
582  669
583  3807
583  3945
583  5223
585  5196
586  3792
586  864
587  2250
588  2937
590  1343
590  1730
590  4133
591  4815
592  1663
593  1259
593  2431
594  4945
594  1494
595  2803
596  4607
596  4803
596  2975
597  2963
597  1189
598  902
598  2911
598  4350
599  2213
600  1365
600  3329
601  5478
601  4293
602  3521
602  879
603  3479
603  3500
603  4204
604  2750
604  4411
605  2107
605  713
606  1559
608  3276
609  681
609  3125
609  3868
610  1280
610  3264
611  2666
612  2206
612  3926
613  1008
613  3682
613  3106
614  5741
614  3028
615  3377
615  5254
616  4421
616  3418
617  5004
617  2186
619  1316
619  4775
620  1860
621  1225
621  3383
622  731
622  2044
623  3300
624  2845
625  696
625  4429
626  2630
626  4236
626  1617
627  4065
628  1602
628  3812
628  2750
629  3134
629  1007
630  1141
630  4352
631  4654
631  2337
631  1424
632  3345
634  2962
635  640
635  1515
636  5041
637  3507
637  2060
638  4112
638  5736
639  882
639  3128
640  4072
641  3192
641  5746
642  4827
643  3646
643  2248
644  1829
645  3780
646  4136
646  3425
647  3486
649  810
650  3042
650  4334
650  1246
651  5572
652  756
652  3898
653  5987
654  4277
655  4486
656  4914
656  1381
657  1375
657  5819
657  1643
658  4810
659  1377
659  3428
659  784
660  1990
660  2315
661  1569
661  3191
662  3838
663  2360
664  1436
664  4316
665  3354
665  4483
665  5002
665  2564
666  3283
666  2479
666  978
666  3514
667  4665
667  5751
668  949
669  3220
669  4761
670  2549
671  1447
671  5735
672  3349
673  686
673  4977
674  3704
675  937
675  4974
676  4767
677  4369
677  5205
677  1755
677  3948
678  2088
678  1520
679  2944
679  5309
679  2345
680  1033
680  1114
680  4619
680  4638
682  2268
682  2286
682  5295
682  3253
683  5404
684  2618
684  4580
685  4599
686  3031
687  5726
688  1045
688  2940
690  3085
690  1094
691  3718
691  3383
692  1188
694  4739
695  5380
695  2509
696  2557
697  3534
697  1406
698  2373
698  2256
699  2191
699  4225
699  5026
700  3329
700  4089
700  4019
700  2779
701  766
702  896
702  4288
703  4135
704  830
704  5212
705  2144
705  5705
705  3486
705  3045
706  1769
707  5418
707  4445
708  5396
708  3878
709  4747
710  2119
710  2536
711  5028
712  3188
712  4766
712  2885
712  1402
713  1420
713  2942
714  5626
715  4908
716  3242
717  2313
717  4775
717  2472
718  1102
719  5589
720  1022
720  4697
720  1849
721  3796
722  4342
722  5076
723  2668
725  3802
726  1080
726  5541
726  4854
726  3247
726  1435
727  4629
727  1178
727  1601
728  2798
729  5877
730  3365
730  1291
732  5513
732  969
733  5973
734  3685
734  3952
734  3892
735  5183
735  3703
736  2808
736  1656
736  1149
737  2710
738  2468
739  1880
739  5377
740  4320
741  1662
741  1549
742  2169
742  1514
743  3135
744  4178
744  3949
745  1971
745  1928
746  2632
747  3649
747  3081
748  836
748  5474
749  3938
750  4215
751  1523
752  5941
753  1839
755  4851
755  4410
756  819
757  1948
757  1138
758  4079
758  5405
759  2102
760  4267
760  5587
761  3363
761  4635
762  2216
762  5171
763  4618
764  1173
764  1612
765  4806
767  5393
767  5543
768  1409
768  1889
769  5498
770  2202
771  5955
773  1933
773  1509
773  4576
774  1857
774  2508
774  1560
775  1859
775  2761
776  4884
776  2868
776  3781
777  1351
778  3921
778  4407
779  5230
780  4280
781  1961
781  3541
782  1677
783  1665
784  1994
784  5649
784  5233
785  1099
785  3332
785  5986
785  5016
786  1942
786  2258
786  4130
787  1088
788  5019
789  2722
789  4303
790  4549
790  3035
790  5306
790  2073
791  3529
791  5622
792  1387
793  5310
793  2332
794  1618
794  4839
794  5792
795  1593
795  1912
795  4433
796  1253
796  5760
798  5646
798  4068
799  4439
799  4709
800  2735
801  2607
801  1781
802  3760
803  3473
805  1490
805  2011
805  3829
805  5466
806  814
807  4066
808  5545
808  1998
809  3540
810  1647
811  5575
812  870
812  1684
813  2355
813  3341
814  1145
815  4197
815  5752
816  1982
816  4489
816  5769
816  3963
817  1497
817  1496
818  5141
818  2514
820  1060
822  1745
823  4469
823  2152
824  3815
824  2814
824  2212
824  5240
824  5050
825  2438
825  1242
826  3970
826  1132
827  5856
828  5875
829  4563
829  3928
830  5548
831  1110
832  3430
832  957
833  2222
834  1359
834  4201
835  3105
836  5247
837  4279
838  5209
839  5675
839  4361
840  1207
840  3782
840  2286
841  1687
841  1679
842  4889
843  1123
843  3691
844  5590
844  2424
845  3263
845  1151
845  1521
845  1214
846  1071
847  1027
847  2297
848  5686
849  3197
850  5299
851  3032
851  5689
851  5873
851  3624
853  1094
853  2469
854  2271
855  2418
856  4648
856  1769
856  2240
857  1316
858  2781
859  5280
859  3515
860  5449
861  1788
863  890
863  5897
863  2563
864  5539
864  2274
865  2091
865  4010
866  2816
866  1685
867  3289
867  4267
868  1297
869  2889
869  4567
869  5664
870  3518
871  5369
871  5402
872  4647
872  989
872  1092
873  4981
873  5624
873  2572
874  1065
875  3382
875  4181
876  4983
877  4560
878  5499
879  3727
879  2782
879  5174
880  3450
880  3320
881  2379
882  3556
883  939
883  5854
884  3749
884  4685
885  3535
885  5793
887  5891
888  2575
888  2590
889  1002
891  5158
891  5338
892  5164
892  5448
892  2271
892  5944
892  3688
893  1293
894  5706
894  5574
895  2150
895  3754
895  5231
897  2913
898  5499
899  5165
900  2178
901  2606
903  3361
904  5717
904  2482
905  2116
905  1416
905  3117
906  5552
907  1381
907  3257
908  965
908  2345
908  2488
909  5375
909  1825
910  3324
910  5851
911  2230
911  5841
912  2178
912  3993
913  3352
913  1655
914  2631
914  5893
915  2902
915  5488
915  5368
916  2245
917  4144
918  4797
919  2052
919  4889
920  5962
921  5242
922  2624
922  4600
923  4948
923  4994
923  3804
925  3241
925  1588
926  2302
926  5395
927  4728
927  5465
928  1119
928  4894
930  3166
931  3018
931  1613
932  4442
932  1602
933  1552
933  4562
934  2769
934  1471
935  5630
936  3053
936  1065
936  4366
936  5131
936  2107
937  1771
937  4916
938  5860
940  4714
940  3578
941  3328
941  4404
942  958
943  4594
944  5598
944  4854
945  1679
945  1101
945  3467
946  4393
947  5303
948  2334
948  4481
949  3303
949  2933
950  5604
951  2472
952  2317
952  5231
952  1782
953  2142
954  1017
954  4429
955  1188
956  2323
957  5174
959  1991
959  4899
959  5422
959  4373
960  2680
960  3214
961  4314
962  4734
962  1854
963  4954
963  3423
964  3342
964  4728
967  4651
968  5830
969  5754
970  4461
970  1662
971  3598
973  5619
974  2404
975  5245
976  3690
976  4150
976  5543
977  2004
978  5326
978  1749
979  2650
979  4752
979  3301
980  1824
980  5451
981  5089
982  3939
982  4591
984  3544
985  4092
985  1959
986  1715
987  3704
987  4838
987  5803
987  4613
988  2102
988  4912
989  5937
990  4075
991  4174
991  1500
991  1378
992  1213
993  2203
994  3877
995  3309
995  2908
997  1916
997  4056
997  1416
998  2662
998  4841
999  3899
999  1135
1000  1507
1000  2764
1001  3776
1001  5067
1001  1055
1002  4691
1003  4164
1003  1012
1004  3350
1004  5805
1005  1638
1006  3156
1006  4052
1009  2330
1009  5561
1009  3323
1010  5417
1010  1252
1011  4393
1011  1441
1012  5958
1013  2137
1013  5250
1014  3122
1014  3576
1015  1728
1015  1122
1016  3439
1016  3836
1017  3629
1017  5382
1018  3541
1021  4167
1023  1291
1024  4945
1025  1794
1025  3654
1025  4385
1026  2758
1026  3133
1026  5940
1026  3445
1028  4107
1029  5786
1030  1931
1031  2783
1031  5280
1032  3648
1034  5779
1034  2203
1035  3114
1035  4576
1035  1265
1036  1526
1036  2017
1037  3333
1037  4569
1037  3052
1038  4123
1039  5278
1039  4276
1040  1820
1040  2781
1040  1567
1041  5398
1041  5175
1042  5006
1042  1919
1043  2772
1044  5299
1045  4377
1045  2299
1046  2801
1046  4957
1047  4564
1048  4246
1048  1827
1048  1297
1049  2317
1050  1610
1050  1197
1051  3809
1051  4828
1051  3445
1051  3316
1052  1155
1052  1949
1053  5969
1054  1839
1055  3864
1056  2228
1056  1245
1057  5579
1058  3788
1059  1576
1059  1136
1060  2560
1060  1468
1060  1757
1061  5755
1062  2874
1062  3320
1063  4030
1063  4230
1063  1847
1063  5890
1064  1848
1064  1988
1064  1388
1065  3099
1066  4896
1067  5414
1068  1810
1069  4419
1070  5345
1070  3037
1070  5955
1070  3720
1073  5999
1074  1513
1074  3239
1075  5708
1076  5480
1076  2032
1077  3043
1077  2200
1078  1680
1078  4269
1079  1539
1079  5324
1080  1210
1080  3627
1081  4180
1082  3595
1082  5097
1082  5709
1083  2684
1084  3391
1085  5666
1085  5957
1086  1675
1086  3304
1087  5796
1087  1755
1088  4942
1088  3195
1089  5665
1090  4165
1090  2929
1091  1619
1092  1784
1092  1312
1093  3339
1093  1827
1095  3965
1095  5391
1097  2370
1097  3346
1097  3533
1097  3142
1098  4508
1100  2343
1101  1803
1102  2105
1103  2176
1103  5914
1103  2776
1104  4123
1105  4406
1105  2941
1105  3805
1106  1580
1106  1925
1107  5683
1107  1941
1107  1195
1108  2921
1109  3411
1109  2156
1110  2394
1111  1918
1111  1158
1111  4963
1112  1253
1113  1185
1115  1331
1116  1949
1116  4383
1116  5253
1116  3024
1117  2270
1117  1228
1117  5738
1118  3145
1120  5995
1120  1895
1121  1152
1121  3056
1121  5900
1121  3608
1122  4601
1122  2057
1122  4642
1124  2110
1124  5619
1124  3902
1125  1788
1125  4212
1125  5383
1126  2183
1126  2813
1126  2744
1127  5085
1128  4396
1128  4922
1128  2579
1129  1323
1129  1459
1129  4805
1130  1788
1131  1346
1132  1532
1134  3633
1134  4819
1134  5281
1134  2985
1135  2347
1135  2286
1136  3458
1137  3385
1138  3908
1138  4741
1138  4759
1138  2133
1139  2905
1140  3103
1140  5052
1140  5817
1140  5981
1140  1641
1141  2981
1142  1260
1143  3370
1144  4769
1144  3568
1145  1335
1145  4676
1146  5538
1147  1858
1148  2276
1149  2914
1150  2929
1151  1808
1151  4250
1152  1756
1153  3393
1153  2635
1154  5816
1155  3137
1156  2670
1157  2735
1158  3299
1159  2276
1160  3215
1161  4336
1161  1613
1162  1474
1162  2075
1163  3662
1164  4760
1164  5618
1165  2664
1165  5564
1166  5025
1167  3525
1168  4006
1169  3104
1170  4243
1170  5133
1171  4984
1172  1287
1174  2308
1174  2985
1174  2121
1175  5024
1176  4411
1177  3210
1178  3775
1178  3273
1179  1268
1180  5843
1180  5475
1181  4256
1181  2177
1182  5182
1183  5801
1183  4397
1184  4668
1184  3471
1185  5670
1185  1617
1185  3821
1186  2609
1186  1950
1186  3925
1187  4694
1188  1502
1188  3890
1188  4413
1189  2474
1190  4425
1190  3574
1190  2979
1191  5147
1192  2480
1192  3768
1192  3158
1193  1274
1194  3536
1194  4247
1194  3338
1195  4712
1196  5287
1196  2703
1197  3042
1198  1428
1199  5446
1199  5855
1199  2931
1200  1424
1200  3329
1201  5655
1202  2366
1202  1393
1203  5806
1203  2463
1203  3825
1204  1546
1204  1978
1205  2879
1205  2563
1206  2140
1206  3680
1207  5506
1208  5991
1208  3736
1209  5551
1211  2065
1212  1826
1212  2231
1212  5834
1213  1273
1213  2703
1214  4106
1215  1759
1215  4088
1216  4372
1217  5693
1217  2077
1218  5013
1218  3234
1219  2559
1219  2733
1221  5502
1221  3276
1222  2970
1223  5030
1223  1999
1224  1588
1226  5869
1227  5435
1227  4741
1228  4649
1229  1386
1229  1621
1229  2737
1230  1353
1230  1526
1231  4040
1232  4740
1233  5602
1233  3043
1234  1886
1235  5296
1236  2603
1236  2033
1237  1407
1237  4213
1238  2917
1239  1808
1240  4238
1241  4261
1241  4638
1241  5237
1242  4511
1243  1498
1243  3254
1244  3598
1244  3866
1244  4373
1244  4715
1244  3570
1245  3433
1245  4723
1246  4096
1246  2301
1247  3341
1247  3444
1247  4694
1248  5005
1248  5719
1248  3978
1249  4446
1251  2517
1251  1288
1252  2552
1253  1863
1254  5356
1256  5007
1257  3281
1257  5371
1258  5660
1260  2887
1261  4179
1261  2987
1261  4709
1262  1822
1262  5961
1262  2164
1263  3369
1263  4081
1263  1765
1263  5672
1264  4035
1264  5727
1264  3618
1265  2604
1266  4210
1266  3521
1267  4281
1267  4013
1268  5988
1269  5877
1270  2823
1271  2315
1271  2283
1272  5939
1273  2577
1274  1374
1275  1888
1276  2922
1277  3435
1277  3291
1278  3666
1279  4550
1280  5969
1281  5907
1281  5844
1281  1459
1282  5171
1283  2281
1283  4864
1283  5762
1284  1899
1285  2327
1286  1701
1287  1845
1288  3400
1289  3770
1289  5406
1289  2385
1289  5729
1290  1911
1290  5744
1291  1778
1291  2956
1292  5119
1292  5928
1292  1759
1293  5057
1293  3841
1294  5486
1295  5595
1295  2604
1295  5525
1296  4065
1297  3728
1298  5604
1298  5154
1299  3580
1300  3726
1300  2422
1301  5600
1302  5829
1302  5861
1302  2179
1302  2907
1303  5731
1303  3199
1304  5431
1304  3465
1305  5662
1306  3863
1307  5564
1307  5601
1309  5841
1310  5576
1310  3760
1310  5489
1311  2059
1311  2957
1311  3856
1311  3267
1312  1372
1312  4664
1312  5815
1313  1397
1314  5561
1315  3580
1315  2164
1315  3377
1317  2791
1317  4614
1317  4966
1318  5692
1318  5551
1319  1973
1319  2698
1320  4637
1320  3971
1321  3628
1321  5445
1322  5874
1322  4126
1322  4241
1323  1543
1324  3001
1324  3154
1325  3270
1325  5752
1326  3758
1327  4244
1328  4274
1329  2551
1329  4207
1329  3220
1330  1495
1331  4825
1331  5603
1332  4713
1332  3566
1333  4992
1334  5704
1334  4676
1336  1731
1336  5058
1337  5923
1337  2513
1338  2488
1338  4028
1339  4650
1339  4162
1340  4685
1341  3726
1342  1620
1342  3305
1342  2265
1342  1417
1345  1904
1346  5462
1346  5644
1347  5644
1348  4840
1348  3733
1348  5236
1350  3870
1350  1615
1351  4026
1351  3164
1352  2339
1354  3522
1354  5998
1355  3146
1355  3516
1355  3598
1356  3224
1357  3017
1357  4720
1358  4146
1358  4318
1359  4562
1360  3703
1361  5151
1362  4222
1362  1404
1363  3711
1364  3772
1364  5377
1365  1812
1366  2813
1367  4452
1368  2938
1369  5056
1370  1630
1371  3842
1371  5035
1373  3640
1373  2233
1374  2285
1374  2299
1375  1870
1376  3023
1378  2687
1379  1632
1379  2678
1380  1906
1380  4278
1380  5336
1380  5324
1381  5251
1383  2612
1384  2257
1384  1579
1385  2745
1387  2549
1387  4529
1387  5922
1387  4455
1388  4337
1388  5027
1389  2878
1390  4526
1390  2972
1392  1841
1392  2080
1393  3327
1394  5046
1394  5531
1394  4015
1395  1837
1397  2700
1397  3072
1398  2194
1399  5539
1400  4738
1401  2080
1402  3966
1403  3228
1403  4951
1403  4675
1404  3656
1406  5571
1407  2001
1408  2921
1408  5753
1410  3693
1410  4650
1412  5456
1413  3644
1413  3858
1414  4955
1415  1674
1415  2269
1417  4159
1417  4306
1418  4942
1419  4874
1420  2815
1421  5475
1421  5896
1422  4884
1423  1572
1424  2327
1425  2014
1425  2689
1426  4798
1427  2871
1427  4113
1428  2627
1428  1612
1428  3478
1429  3871
1430  4789
1430  2938
1431  3640
1432  2247
1432  2251
1432  3656
1433  3737
1434  1556
1434  3741
1434  5229
1434  4463
1435  3395
1435  5295
1437  4503
1437  1879
1437  5604
1438  1462
1439  5178
1439  4461
1440  5479
1441  5928
1442  5064
1443  3205
1444  5638
1446  1737
1448  4403
1449  4144
1450  4209
1451  4224
1451  5071
1451  4101
1452  3714
1453  5751
1453  4856
1453  5810
1454  1606
1455  1681
1455  2952
1456  1802
1456  5881
1456  3358
1457  2475
1457  1567
1457  1941
1458  3618
1460  2254
1460  5041
1460  3343
1461  4004
1461  3653
1461  5138
1462  2460
1462  4653
1463  4982
1464  4402
1465  1833
1465  5211
1465  5109
1466  2084
1467  2324
1467  4594
1467  4723
1468  2395
1468  4266
1470  2824
1470  4522
1472  4643
1473  4585
1474  2393
1475  5391
1476  3265
1476  3490
1476  5120
1476  2400
1477  2863
1477  5089
1477  5501
1478  3631
1478  1777
1478  2835
1479  4721
1479  4422
1480  5642
1480  1639
1481  4597
1481  3180
1482  2639
1482  4791
1483  3236
1483  3105
1484  3554
1484  2761
1485  3362
1486  3962
1486  2526
1486  3658
1488  3835
1491  1925
1491  2456
1492  2659
1493  5037
1494  2974
1494  5566
1495  4333
1496  1645
1497  4609
1499  5874
1500  2174
1500  4729
1501  5186
1503  1691
1504  4334
1505  5169
1505  3603
1506  3455
1506  2178
1507  5400
1507  5441
1508  2065
1508  4855
1508  2054
1508  1806
1509  5818
1510  1902
1511  5823
1512  2811
1513  3466
1513  4381
1514  2732
1516  1940
1516  3695
1516  3358
1517  5436
1517  2807
1517  4430
1519  3710
1519  5204
1520  2756
1520  3493
1520  2386
1520  2906
1521  2435
1521  5213
1522  4756
1522  2816
1523  2428
1524  3810
1524  4607
1525  5723
1525  4336
1526  5454
1526  2958
1527  1561
1527  5875
1527  4805
1527  5152
1528  1747
1528  1665
1529  3215
1530  1600
1530  5800
1531  2449
1533  2946
1533  2626
1534  2707
1534  3978
1534  1909
1535  2185
1536  5181
1537  3513
1537  4144
1537  5423
1538  3036
1540  2519
1540  3506
1541  1740
1541  4691
1542  3214
1543  5068
1544  2496
1545  1631
1545  2240
1545  1890
1546  4265
1547  3368
1547  2199
1547  5609
1547  4837
1548  3387
1549  5931
1549  2594
1550  3456
1550  3036
1551  1733
1551  1567
1553  4308
1554  4101
1555  4838
1557  2417
1558  4245
1558  3264
1558  2490
1559  3702
1559  2117
1560  2585
1561  1782
1561  4749
1562  4844
1563  5296
1564  3528
1565  5096
1566  2154
1566  4006
1566  3840
1568  2891
1568  3048
1568  3182
1569  4815
1569  4283
1569  1922
1569  2888
1570  1660
1571  3959
1572  5798
1573  2689
1573  3416
1574  3095
1574  5170
1574  5704
1575  3520
1575  3419
1576  2572
1577  3645
1578  5085
1579  3399
1579  3880
1580  2437
1581  4720
1581  2250
1582  3377
1583  5650
1584  3140
1584  2623
1585  3166
1586  4141
1587  4123
1587  4690
1587  3783
1588  5592
1589  2596
1590  2281
1591  1598
1592  5669
1592  5711
1594  5007
1594  4834
1595  4389
1595  4613
1595  4482
1596  3181
1596  3686
1597  4770
1598  2827
1598  5658
1598  2765
1598  2159
1599  3494
1600  2356
1600  2789
1601  1790
1602  5157
1603  3326
1604  5763
1605  4102
1606  2924
1608  3423
1609  3204
1609  4758
1611  3484
1612  2672
1614  3262
1614  2130
1614  2400
1615  1852
1616  5752
1616  2487
1617  1710
1617  5216
1619  4219
1621  5184
1622  2050
1623  2746
1624  2352
1624  4909
1624  3187
1624  3725
1625  5913
1626  5921
1627  2468
1627  5571
1628  5845
1628  2278
1628  5607
1629  5502
1630  4359
1631  3548
1633  4056
1634  3622
1634  5680
1634  3144
1635  5332
1636  2926
1636  3645
1637  5209
1637  5006
1638  1800
1638  5194
1638  2748
1639  4002
1640  1821
1641  4262
1642  5499
1643  5357
1644  5568
1644  2587
1645  3723
1645  2373
1646  3735
1646  4074
1647  2412
1647  5489
1647  2000
1648  2904
1648  4169
1649  5310
1650  2680
1651  1661
1652  5118
1652  1817
1653  5492
1654  4485
1654  4665
1655  5475
1656  3243
1657  4249
1657  1908
1658  3920
1659  1678
1659  5386
1660  2465
1661  2531
1663  5160
1664  5331
1664  2824
1665  5233
1666  3973
1667  5736
1668  3798
1669  2006
1669  2647
1671  5822
1672  2681
1673  4890
1673  2083
1675  4865
1676  4250
1677  2699
1677  5169
1678  2625
1680  3737
1681  2280
1682  2963
1683  2013
1683  4942
1684  4240
1684  4542
1685  5745
1685  4834
1686  5911
1688  5310
1689  5772
1690  5087
1690  4203
1690  5973
1691  1716
1692  4663
1693  4645
1694  4951
1695  3558
1696  2339
1696  3451
1696  1968
1697  3492
1698  4299
1699  3092
1700  4452
1700  2087
1702  3401
1702  3620
1703  5195
1703  5205
1704  3412
1704  3680
1705  3238
1706  2870
1707  1908
1707  5938
1708  1936
1709  5487
1709  2131
1711  2282
1712  4358
1713  3225
1714  2967
1716  2287
1716  5984
1717  5856
1717  4371
1719  4305
1720  2686
1721  5941
1721  5414
1722  2103
1722  4332
1722  2733
1722  3829
1723  2106
1723  1824
1725  2728
1726  4495
1726  3661
1727  4315
1727  5476
1729  3724
1729  2943
1729  4515
1729  2155
1730  1834
1732  3810
1733  2318
1734  5352
1735  3537
1736  4408
1736  5939
1737  1898
1737  5772
1737  3820
1738  4333
1739  4280
1740  5175
1741  3677
1741  3429
1742  5611
1742  2576
1744  1749
1745  3668
1745  5656
1746  2936
1748  5463
1748  4264
1749  5935
1750  2074
1750  3492
1752  3940
1753  3707
1753  4205
1753  5854
1753  2819
1753  4685
1754  5757
1754  3434
1756  2207
1757  2444
1758  5486
1758  2442
1760  3385
1761  2084
1762  2054
1763  2172
1763  5087
1764  4927
1765  4166
1766  3739
1767  4703
1768  4774
1768  4746
1769  4735
1770  2163
1770  5913
1772  3763
1773  4313
1773  2344
1774  4202
1775  5406
1776  3379
1776  3106
1777  5149
1778  5292
1779  1953
1779  3802
1779  3327
1780  3755
1781  4416
1782  4671
1783  3477
1784  4680
1785  4271
1785  5298
1786  5344
1787  4341
1788  3318
1788  4877
1789  3661
1789  5306
1790  3216
1790  4424
1790  5012
1790  4769
1791  5274
1791  4907
1792  3288
1793  5633
1795  5612
1795  1970
1796  4148
1796  1922
1797  4583
1798  3155
1799  4344
1801  2253
1802  2754
1802  4299
1803  4955
1804  2950
1804  4926
1804  5105
1805  5128
1805  3173
1806  4845
1806  2615
1808  2786
1810  5371
1811  3182
1811  3028
1813  3344
1814  2331
1815  4062
1816  2227
1817  2637
1817  5079
1818  4423
1818  3518
1822  1934
1822  3307
1823  3470
1824  4033
1825  4114
1826  3347
1827  4687
1827  5387
1828  2427
1829  4628
1830  2886
1831  3611
1831  2870
1831  2654
1832  3673
1832  2130
1835  4124
1835  4150
1836  2503
1836  2534
1836  4209
1836  3950
1837  4970
1838  2489
1838  3063
1839  3475
1840  3091
1840  5988
1841  2761
1842  2639
1843  3354
1844  4362
1845  4673
1846  2574
1846  5500
1847  3060
1848  3834
1849  1997
1851  2396
1852  3778
1853  5827
1854  4599
1855  3474
1855  4844
1856  5830
1856  4073
1858  3995
1858  4338
1860  4662
1860  2262
1860  2418
1860  3287
1861  5987
1862  3438
1865  5027
1866  2405
1866  2970
1867  5258
1868  4787
1869  4892
1870  3706
1871  4922
1872  3213
1872  3977
1873  3801
1873  3715
1873  4954
1874  3718
1875  2675
1875  2039
1876  2773
1876  2698
1877  3006
1877  4663
1877  3703
1877  2214
1877  3679
1878  3240
1880  3481
1883  2678
1886  2805
1888  5161
1889  2427
1889  5355
1889  5468
1890  5760
1890  2655
1891  3674
1891  2769
1892  4857
1893  2919
1893  5792
1894  4954
1895  4961
1897  2904
1899  3355
1899  4062
1899  3665
1899  3713
1900  3026
1900  3170
1901  4474
1902  2583
1903  5258
1904  4555
1904  4848
1905  2261
1905  5859
1907  5762
1908  2151
1909  5137
1910  1981
1910  3983
1910  4234
1912  3823
1913  2971
1913  5208
1914  3245
1915  5631
1917  4705
1917  4304
1919  2770
1919  4602
1919  4118
1920  2807
1921  2684
1922  5305
1923  3314
1923  2182
1924  3849
1924  2033
1924  4182
1926  2692
1926  4807
1927  2195
1927  3645
1927  2026
1928  4717
1929  2898
1929  3189
1930  5243
1932  5583
1935  4219
1935  4466
1936  5321
1937  2171
1937  4764
1937  4210
1938  4969
1939  2448
1939  3106
1941  5334
1941  2256
1943  4595
1944  5926
1944  3316
1944  3922
1945  4915
1945  4627
1946  2689
1947  2674
1947  2189
1947  3781
1947  5602
1950  5893
1951  2494
1952  4117
1953  2993
1953  3403
1954  4098
1954  4085
1955  5014
1957  4440
1957  5843
1958  2523
1958  5510
1958  3986
1959  2706
1959  4536
1960  4273
1960  2883
1961  4430
1962  2182
1962  5911
1963  3267
1963  2831
1964  5951
1965  2387
1966  5632
1966  4207
1967  3111
1967  3971
1968  3559
1968  5720
1969  4816
1970  5443
1970  5499
1971  4457
1972  2306
1974  3372
1975  2716
1976  5286
1977  2119
1978  4293
1978  5015
1979  2061
1980  4726
1982  3660
1983  4372
1984  4291
1984  2814
1986  5811
1986  2890
1987  5508
1988  5676
1989  2446
1989  3165
1989  4292
1990  3896
1990  4905
1991  3786
1991  4502
1991  4776
1992  5580
1993  5305
1995  5712
1995  4000
1996  5132
1996  5308
1997  4267
1998  4166
2000  4000
2002  3638
2003  2300
2004  5598
2007  3467
2009  2642
2010  5810
2012  3111
2014  4893
2014  3170
2015  5614
2015  5729
2015  4878
2016  3857
2016  2170
2016  3121
2017  2554
2017  5561
2018  2220
2019  2960
2019  5740
2020  4804
2021  5040
2021  5551
2021  5698
2021  3379
2022  2060
2023  4873
2024  4997
2026  4868
2026  5742
2027  4920
2027  4335
2028  3897
2029  3840
2029  2505
2030  3098
2030  3197
2032  3107
2032  2954
2033  5574
2034  2766
2034  5285
2035  2159
2036  4195
2036  2916
2037  3502
2037  2401
2037  3252
2037  4786
2038  4295
2038  5150
2039  4808
2039  4941
2040  2657
2040  2119
2041  3492
2042  5184
2043  5770
2043  5710
2043  3391
2044  2208
2044  5970
2046  4783
2046  3866
2047  5967
2048  2242
2048  5597
2048  4767
2049  3691
2050  3684
2051  3680
2051  5841
2052  4474
2052  5920
2053  5707
2053  4679
2054  5484
2054  3859
2055  2892
2056  4075
2056  4657
2057  2694
2057  4770
2058  3230
2058  2681
2060  3010
2061  5482
2061  4005
2062  5703
2062  2821
2062  5989
2062  4518
2063  3464
2063  2177
2064  3871
2066  4465
2066  2986
2067  3906
2067  5018
2067  4691
2068  3901
2068  3377
2069  2545
2069  3144
2069  5767
2070  4263
2070  3698
2070  5338
2070  3541
2071  2226
2072  4991
2073  3394
2073  2923
2075  5423
2076  5127
2076  5225
2078  4684
2078  5177
2079  2722
2080  3330
2080  5361
2080  3596
2081  3291
2082  3151
2082  5321
2083  5124
2084  2637
2085  5507
2085  5631
2086  2604
2087  4968
2088  2303
2088  5992
2089  5184
2090  4025
2091  5440
2092  4321
2092  3679
2092  4063
2093  4918
2094  5504
2094  2737
2095  4235
2096  5173
2097  2331
2098  4475
2098  4316
2099  2550
2099  4186
2099  4548
2099  5644
2099  5984
2100  5000
2101  5212
2101  2113
2102  2510
2104  3116
2104  2505
2105  2693
2105  5674
2105  5251
2109  4292
2110  5187
2111  5359
2112  3673
2113  5593
2114  5683
2115  4395
2117  5194
2118  4862
2118  2607
2120  3388
2121  5924
2121  3408
2122  4371
2123  3073
2123  3275
2123  5821
2123  2557
2124  2461
2124  4429
2125  3721
2127  4397
2128  4617
2128  4307
2129  4374
2129  5200
2131  2878
2132  3067
2132  5420
2133  2793
2134  4833
2134  2609
2135  2949
2136  3905
2138  2451
2138  4582
2139  3616
2139  5353
2139  3290
2141  2410
2142  4007
2143  4408
2144  4338
2145  3814
2146  4039
2146  5263
2146  4573
2146  3731
2146  4452
2147  4147
2147  5863
2149  4363
2151  4923
2153  2984
2153  5445
2155  2818
2155  3329
2156  2817
2157  4933
2158  2452
2159  3725
2161  5772
2162  4415
2162  5396
2164  3232
2165  3726
2166  4881
2166  5691
2166  3124
2167  2938
2167  3682
2168  2340
2168  4066
2169  3345
2170  4936
2173  3126
2175  3796
2175  5619
2176  4046
2177  5876
2177  2478
2179  4592
2180  2653
2181  5415
2181  5965
2181  3731
2182  4712
2184  4290
2184  4463
2185  4255
2186  5042
2186  5390
2186  5942
2187  4217
2188  2744
2188  3781
2189  5204
2190  3148
2190  5927
2192  2263
2192  5434
2193  4204
2194  5275
2194  5325
2197  5047
2197  4042
2197  4692
2198  2546
2199  3701
2199  4901
2200  5354
2201  5496
2202  3757
2202  4539
2203  4787
2203  4625
2204  4084
2204  3413
2208  3658
2209  3590
2209  3321
2210  2407
2210  5728
2211  4088
2211  3203
2212  4706
2214  4116
2215  4727
2216  3911
2216  4612
2216  4745
2217  4698
2218  5361
2221  4754
2222  3137
2223  3972
2224  2228
2225  3686
2226  3186
2227  2592
2227  3237
2227  3217
2228  5327
2229  3549
2229  3334
2230  2936
2232  2896
2233  2633
2233  5313
2234  2636
2235  2784
2236  4077
2237  2688
2237  5167
2238  2484
2238  4047
2239  3523
2241  5296
2241  4591
2243  2879
2244  5988
2244  3586
2245  2525
2245  3284
2246  3985
2250  4093
2250  4939
2251  3843
2252  3868
2252  4098
2255  4421
2256  3912
2259  5120
2260  2897
2260  4892
2260  4245
2264  3290
2265  4003
2265  4656
2266  2498
2267  3630
2267  5756
2267  4632
2271  4303
2272  2495
2272  3396
2273  5028
2274  5428
2275  4677
2276  5852
2278  2600
2278  5972
2279  2857
2279  5933
2279  4782
2282  3750
2282  3112
2282  5408
2283  4126
2284  4215
2284  4372
2284  3762
2285  3227
2285  5732
2286  4861
2288  3654
2289  5228
2290  3091
2291  4606
2292  5858
2292  4691
2292  4087
2293  2667
2293  4633
2294  4731
2295  2338
2295  4760
2296  5797
2297  3929
2297  4203
2300  2767
2301  3159
2303  3647
2304  4529
2305  5744
2306  3963
2307  2358
2309  4656
2310  2497
2311  3324
2312  5527
2312  2975
2314  4067
2315  4257
2316  2970
2316  5387
2319  5291
2319  5467
2320  2809
2320  4413
2321  4639
2322  4268
2323  4577
2323  2326
2325  5440
2326  2426
2326  2616
2326  4287
2328  2507
2329  2568
2330  2920
2331  3905
2331  3605
2332  2720
2332  3700
2332  4990
2332  3121
2333  3498
2333  4117
2335  4977
2335  2778
2336  3910
2337  3050
2339  4345
2339  3357
2342  4696
2342  5073
2343  4053
2346  4645
2346  4103
2347  3530
2348  3152
2348  3462
2348  4940
2349  5009
2350  4453
2350  5664
2350  2946
2351  3455
2353  2752
2353  5752
2354  3596
2354  3610
2357  2568
2358  2546
2358  3384
2358  4187
2359  5360
2359  3185
2360  2419
2360  2555
2361  4185
2362  3016
2362  4014
2363  2554
2365  5482
2367  4477
2368  3275
2369  2633
2371  4348
2371  2898
2372  3646
2373  3997
2374  3635
2374  3676
2374  4615
2375  3239
2376  2703
2377  4925
2377  5529
2377  5012
2378  2808
2380  5819
2381  3801
2382  3921
2383  3573
2384  5180
2384  5903
2384  4635
2386  2466
2386  2779
2387  2463
2388  2844
2388  5223
2389  3887
2389  3049
2390  2685
2392  5206
2392  3508
2393  3167
2394  5925
2394  3467
2397  5629
2397  3951
2398  2784
2399  4626
2400  5570
2401  3752
2401  5550
2402  5577
2402  3148
2403  4615
2404  4286
2404  4875
2404  2868
2406  4511
2408  5330
2411  5357
2411  4977
2413  5549
2414  2860
2415  2737
2416  5050
2418  3024
2419  2445
2420  3814
2420  5072
2421  2935
2421  5458
2421  3050
2422  5607
2422  3511
2423  4343
2424  2675
2429  4398
2430  3304
2430  4943
2431  3591
2433  5383
2433  2910
2434  2590
2435  4520
2436  5561
2438  5284
2440  4292
2440  5394
2441  3392
2442  5713
2442  5156
2443  5199
2443  5776
2444  4306
2444  3217
2444  5348
2447  3788
2448  3250
2449  4603
2450  3104
2450  3785
2451  5996
2452  4360
2453  3183
2454  3824
2455  3663
2456  4646
2456  3670
2457  2996
2457  4101
2458  2698
2459  5282
2459  3035
2462  5227
2463  4131
2463  3783
2464  4702
2464  5584
2464  4689
2465  4111
2465  3805
2467  3208
2469  2648
2469  4830
2470  3215
2471  4478
2471  2671
2472  3689
2472  5291
2473  4603
2473  5400
2476  5441
2477  4730
2478  5500
2479  5702
2481  5568
2482  4987
2482  3224
2485  3510
2485  3303
2486  3699
2487  4624
2487  4653
2488  3544
2490  3519
2490  3571
2491  3461
2491  3308
2491  5138
2491  5388
2492  2781
2493  4312
2494  4859
2494  4448
2496  3562
2497  2680
2498  5873
2499  4895
2500  4706
2501  3055
2501  4089
2502  5344
2502  5088
2504  2787
2505  3113
2506  2961
2507  3591
2508  3208
2509  5292
2513  4255
2513  4542
2514  2761
2515  2792
2515  4201
2515  5938
2515  3979
2516  2940
2518  3426
2519  5325
2520  4013
2520  3234
2521  3864
2521  5339
2522  4466
2524  3919
2524  4832
2524  5170
2526  5722
2527  3420
2527  5364
2528  3128
2528  3956
2529  5974
2530  3205
2531  4035
2532  3483
2532  5078
2535  5037
2536  2768
2536  2977
2537  3683
2537  2858
2538  4553
2538  2670
2539  5583
2540  4169
2540  3048
2541  3129
2541  5979
2541  5900
2542  4556
2543  5123
2543  3124
2544  4675
2547  2719
2548  5418
2549  4666
2551  5142
2552  4525
2552  4463
2552  3769
2553  4610
2553  3861
2554  3362
2555  4732
2556  4443
2556  5157
2558  3637
2558  5478
2560  3678
2561  2669
2561  4361
2561  4148
2563  3539
2563  4692
2565  4856
2566  3975
2567  4415
2568  2613
2568  5685
2568  5922
2569  3393
2570  3730
2571  4863
2571  3051
2571  2755
2571  4988
2572  3294
2573  4095
2573  4510
2573  3366
2573  4313
2574  5534
2576  4769
2577  3795
2578  4788
2579  5306
2580  5656
2580  3468
2581  3402
2582  5370
2582  2968
2583  4533
2583  4932
2584  5082
2584  3650
2585  3689
2586  5380
2587  4841
2587  4010
2588  5278
2589  2963
2590  3407
2590  3954
2591  3845
2591  3820
2591  4962
2593  5825
2593  4898
2594  2831
2594  2752
2596  4268
2597  3426
2597  3500
2598  5771
2598  5769
2599  5314
2601  3266
2602  5968
2603  4718
2603  5225
2604  3969
2605  5217
2606  3789
2606  2911
2607  4047
2608  3310
2609  5001
2609  4755
2610  2864
2611  3011
2612  5279
2613  3183
2613  4799
2614  2775
2614  3852
2615  5376
2616  3102
2617  3851
2619  5115
2620  3211
2620  4986
2621  3701
2622  5342
2622  2687
2623  3336
2626  4494
2628  4276
2628  5362
2629  5204
2632  5567
2632  3951
2632  2847
2634  4630
2635  4674
2636  5442
2638  3358
2639  4871
2639  4830
2640  2927
2640  4244
2641  4943
2641  5652
2642  4009
2644  2796
2644  5265
2645  4390
2645  3446
2646  5706
2647  3873
2647  4163
2649  5280
2651  2730
2652  4137
2652  5605
2652  3586
2652  5545
2653  5222
2653  5884
2653  5548
2654  5761
2657  4460
2657  4964
2657  5636
2657  4902
2658  3613
2658  2952
2659  5188
2660  5734
2661  4956
2663  4662
2666  4631
2668  3696
2668  4831
2671  4357
2671  4578
2673  5778
2673  4990
2675  4557
2675  2735
2676  4680
2677  5977
2677  4998
2678  4521
2678  5853
2678  4610
2679  5438
2681  4817
2682  3752
2683  4992
2684  4757
2685  2881
2686  4257
2687  5851
2687  5247
2688  4071
2690  4182
2691  5009
2693  2810
2693  5333
2695  4820
2696  3577
2696  5792
2697  3914
2698  3075
2701  5870
2702  4653
2703  5023
2705  4272
2708  5888
2709  4333
2710  3448
2710  3199
2711  4233
2711  4008
2711  5577
2712  3985
2712  5721
2712  3278
2713  3847
2713  4780
2713  3240
2714  4796
2715  4329
2716  3655
2716  5012
2717  5524
2717  3526
2718  4586
2719  4382
2719  5469
2721  5857
2721  3869
2723  4622
2723  5633
2724  3517
2724  3021
2725  3168
2726  4992
2726  4959
2727  3100
2730  3557
2730  5351
2730  5724
2730  5019
2731  4101
2732  4622
2733  5509
2734  4689
2734  4061
2735  5299
2735  5494
2736  2861
2736  4365
2736  3770
2738  3740
2738  5255
2738  5626
2738  5861
2739  5228
2739  5625
2740  5368
2741  5412
2742  5854
2743  3093
2743  5336
2745  5867
2746  5265
2747  2970
2748  3912
2749  3598
2753  4064
2753  3577
2755  3730
2755  3150
2755  3736
2757  3844
2757  5797
2757  5288
2757  3991
2759  3715
2760  3563
2760  5679
2760  3136
2762  4316
2762  3934
2764  4307
2764  5233
2765  5135
2765  5790
2766  5362
2767  5672
2771  4482
2772  5186
2772  3153
2774  2893
2774  4793
2775  3562
2775  3824
2776  4270
2777  3957
2778  3519
2780  4093
2781  3132
2782  4667
2784  5738
2785  3808
2785  3322
2785  4012
2785  3005
2788  3785
2788  3038
2790  3950
2790  5934
2792  5747
2794  3096
2797  4937
2798  5901
2799  3832
2800  5806
2802  3820
2803  4801
2803  5848
2804  5398
2805  5367
2805  4679
2805  4657
2806  5698
2807  4677
2809  5391
2810  4711
2811  3771
2812  2866
2813  5236
2817  5787
2817  4688
2819  4880
2820  2931
2820  3464
2821  4694
2822  5091
2823  4400
2823  5395
2825  4378
2825  5859
2826  3068
2826  3010
2827  4566
2828  5042
2829  5953
2830  4143
2831  5404
2832  4238
2832  3370
2832  5929
2833  3336
2834  5293
2835  4252
2836  3558
2838  3069
2839  4792
2839  3854
2840  3115
2840  4144
2841  3315
2841  2986
2841  4858
2841  5501
2841  4116
2842  3062
2843  3242
2845  4646
2846  5917
2846  3467
2847  4856
2848  3631
2849  5109
2850  5479
2851  4138
2852  5973
2853  4989
2853  3864
2854  2997
2855  4445
2855  5290
2856  3338
2856  3448
2858  3026
2859  4094
2860  5118
2862  3408
2864  3705
2865  4990
2866  5955
2867  4971
2868  5108
2869  3009
2870  5759
2873  3744
2873  5278
2875  4763
2875  5834
2876  3285
2876  4966
2876  3662
2876  4251
2876  5650
2877  5337
2877  3509
2878  3531
2879  3385
2880  3402
2880  4037
2880  4701
2881  5294
2881  3732
2883  3931
2884  4723
2885  5070
2886  4656
2887  2978
2888  5063
2890  5728
2891  4560
2892  4870
2894  5175
2895  4188
2896  3605
2898  5323
2899  4380
2899  4670
2900  4968
2901  4605
2903  5991
2904  5322
2904  5633
2905  3277
2906  5045
2906  5254
2906  5063
2907  4493
2907  3141
2908  4344
2908  3443
2909  5688
2909  3825
2909  5168
2910  3160
2910  4323
2911  3374
2912  3903
2912  5166
2913  3987
2913  5283
2914  4991
2915  3257
2916  3617
2916  5182
2916  3574
2917  2973
2921  4218
2922  4426
2923  5140
2923  4635
2925  4539
2925  3782
2926  5879
2927  3465
2927  5479
2928  3096
2928  3379
2929  5853
2930  4139
2932  3884
2933  4171
2933  4083
2934  4012
2935  3101
2935  5136
2935  4642
2936  3889
2937  4639
2939  4910
2940  3652
2940  3363
2941  3821
2942  3055
2943  5241
2945  5252
2945  5467
2946  4620
2947  3080
2947  4007
2948  2977
2948  3664
2952  4882
2953  3417
2953  3480
2954  3954
2955  3944
2955  4666
2958  3301
2959  3533
2961  3262
2962  5974
2965  2967
2965  4888
2965  5603
2965  5508
2966  3085
2967  5304
2968  5561
2969  5784
2972  4554
2972  4547
2975  4969
2975  5243
2976  5859
2976  3180
2978  4718
2980  3976
2982  5428
2983  3442
2984  3386
2985  3019
2987  3958
2987  3358
2988  3064
2989  5844
2990  4122
2990  5558
2990  4964
2991  3203
2992  5140
2994  3415
2994  5352
2996  4501
2996  5610
2996  5908
2997  4805
2998  5457
2999  3990
3000  3331
3000  3827
3002  3762
3003  4201
3004  3753
3005  3761
3005  3374
3007  4282
3007  4390
3008  3636
3009  5906
3009  4436
3010  4496
3011  4932
3011  5459
3011  5194
3012  5777
3012  4382
3013  5408
3015  3742
3015  4239
3015  5651
3015  3124
3015  4533
3020  4123
3021  3303
3022  3713
3023  4242
3023  3640
3024  5780
3025  3981
3026  4051
3026  3603
3026  4496
3026  5386
3027  3931
3028  5442
3029  5223
3030  5427
3032  4550
3033  5055
3036  5359
3037  5477
3038  4687
3039  3226
3039  5821
3040  3747
3044  4029
3045  3350
3046  5855
3047  4186
3048  3575
3049  5842
3051  3971
3051  5033
3052  4943
3054  3311
3057  4632
3057  4056
3058  3483
3060  3953
3061  3372
3061  5409
3062  5734
3064  3132
3065  4827
3066  5300
3069  4817
3069  5484
3070  4721
3071  4183
3071  5101
3071  5444
3071  3661
3072  3332
3075  5172
3075  4779
3075  5591
3075  3234
3076  3659
3078  3485
3079  5424
3079  5181
3081  3147
3082  4582
3083  4767
3083  5878
3083  5545
3084  3680
3086  3798
3086  5751
3087  5549
3087  4515
3088  3403
3089  3449
3090  3488
3090  3383
3090  5258
3090  3484
3092  5257
3092  4813
3094  4391
3094  3460
3094  5179
3095  5456
3096  3396
3097  4350
3097  3178
3100  4963
3108  4046
3109  4130
3110  5476
3110  4841
3112  4135
3113  5112
3113  4830
3117  4156
3117  3569
3117  3671
3118  5804
3118  5866
3118  4364
3119  4765
3119  5274
3121  3774
3123  4332
3126  4368
3126  3339
3127  3476
3127  5255
3128  4301
3130  5616
3130  3327
3131  4856
3135  5452
3135  3533
3136  4983
3138  5242
3139  3334
3139  5713
3140  4153
3140  4114
3141  4511
3142  3981
3142  4707
3143  5369
3145  5245
3147  4423
3148  4631
3149  4134
3149  4594
3150  3343
3154  3803
3154  5007
3155  5099
3155  5563
3157  5528
3157  3353
3158  5963
3158  4196
3159  5789
3160  4248
3161  3209
3162  3256
3163  3411
3164  5107
3166  5593
3166  4050
3167  5699
3168  5663
3168  5252
3169  3347
3170  3826
3171  3665
3173  3661
3174  3545
3175  3956
3175  5752
3176  3712
3178  5251
3179  4556
3180  3252
3187  5661
3189  4491
3190  5126
3191  4320
3191  5514
3192  5163
3193  5964
3193  4827
3194  4796
3195  4413
3196  5449
3198  5149
3200  3311
3200  3999
3200  4409
3200  3748
3201  3805
3202  3960
3203  4143
3204  5665
3205  3641
3206  4126
3208  3269
3210  5794
3211  3618
3211  3555
3212  5792
3213  4980
3214  4275
3215  4620
3217  5126
3217  4707
3218  5319
3218  5430
3218  3499
3219  4128
3219  3257
3219  5348
3221  5338
3222  5566
3223  3883
3224  4223
3225  4925
3229  5360
3231  3792
3233  3406
3233  5864
3233  5811
3235  5886
3235  4867
3236  3940
3238  5991
3239  3851
3240  4130
3240  4162
3240  5095
3241  3390
3242  4653
3244  5480
3245  4703
3246  5701
3246  3832
3247  4959
3247  3608
3248  5433
3250  3986
3251  4934
3251  5841
3253  4657
3254  5710
3255  3490
3256  5438
3256  4412
3257  4449
3258  4695
3259  5083
3260  5576
3261  5660
3264  4297
3266  5466
3266  4458
3268  3904
3269  5737
3271  5613
3271  5789
3272  4580
3273  3532
3274  4336
3276  3648
3277  5130
3278  3791
3278  5584
3279  3626
3280  4737
3281  5993
3284  4988
3287  3797
3287  5301
3287  5921
3287  5933
3288  4274
3291  4578
3291  3474
3292  4141
3292  5562
3292  4832
3293  5369
3295  3836
3296  3437
3298  5916
3300  4699
3302  5427
3302  3855
3302  4148
3303  4001
3303  3391
3304  3565
3306  4676
3308  3977
3320  5413
3320  5433
3320  3434
3321  5243
3321  4564
3322  4119
3323  5039
3323  3958
3324  4436
3326  5065
3327  3425
3331  5498
3333  3504
3334  3607
3336  4444
3337  5586
3340  5923
3345  3996
3347  3848
3348  3868
3349  5717
3351  3664
3351  4232
3353  3819
3356  4740
3356  5407
3357  4538
3358  5449
3359  4777
3360  4500
3361  5985
3362  5496
3364  5238
3365  3404
3366  4211
3367  4552
3370  4937
3371  4558
3371  5047
3372  5267
3374  5640
3375  4525
3376  4104
3376  5400
3378  5202
3380  5309
3381  3666
3381  4739
3388  3536
3389  4793
3391  4296
3391  5226
3392  3419
3392  5396
3393  5695
3394  4034
3396  4627
3397  4370
3397  3470
3398  4687
3399  5954
3400  5437
3400  3945
3402  3756
3405  3880
3405  4998
3405  4094
3408  4993
3409  3669
3409  4132
3410  5682
3413  4952
3414  3474
3416  4185
3417  4085
3419  5343
3420  5468
3421  5360
3422  3860
3424  3630
3425  4930
3425  3639
3426  4589
3426  4883
3429  5798
3430  4593
3431  4334
3432  3549
3436  4067
3437  4190
3438  5560
3440  5873
3441  4713
3442  5795
3442  5690
3443  4331
3446  5350
3446  5735
3447  5063
3449  4228
3451  5816
3453  5367
3457  3699
3457  3739
3458  5098
3459  5666
3463  5364
3463  3826
3464  5681
3465  4552
3467  5630
3468  4788
3469  4290
3470  5752
3471  3621
3471  5134
3472  3613
3473  4865
3475  4719
3475  4847
3477  3537
3480  3751
3480  5033
3481  3634
3484  4785
3484  4076
3485  4608
3485  5871
3486  3708
3487  4939
3487  5847
3489  3915
3490  4661
3491  4988
3491  5281
3492  4108
3494  5865
3495  5733
3496  4809
3496  4960
3497  3901
3499  4216
3499  5166
3501  3853
3503  5340
3503  3733
3506  3766
3506  5410
3506  5612
3507  4726
3507  5793
3508  5739
3509  5699
3511  3764
3512  3768
3514  5652
3517  3925
3522  4050
3523  4954
3524  4949
3525  3643
3526  5515
3526  5426
3527  5359
3528  4692
3528  5680
3529  5521
3532  4029
3533  5105
3534  5754
3537  5102
3538  4618
3540  3684
3540  3967
3541  3757
3542  4052
3543  5778
3544  3916
3547  5755
3550  4021
3550  4397
3551  5957
3552  4674
3552  4598
3553  3780
3553  4811
3555  5464
3558  5947
3558  4801
3560  5633
3561  5029
3561  4339
3561  5337
3564  3769
3565  5967
3566  4014
3566  4212
3568  5293
3569  5190
3570  5271
3570  5526
3571  3964
3571  4226
3571  5171
3572  5645
3576  5096
3578  5711
3578  3942
3580  4009
3582  5046
3583  5982
3583  5106
3584  5462
3585  4322
3585  3636
3586  4658
3587  5628
3587  4411
3587  5257
3588  4795
3588  4985
3588  3648
3589  3979
3592  5346
3593  5521
3594  3615
3594  3665
3596  4733
3598  4121
3599  4175
3599  3724
3600  3930
3600  5520
3601  5547
3601  4212
3602  5711
3604  5201
3604  5076
3605  5029
3606  5049
3609  4497
3610  4869
3612  5726
3614  5946
3619  5872
3623  4177
3624  4470
3625  5455
3626  4002
3631  4326
3632  5235
3632  5552
3638  5124
3641  5943
3643  4464
3643  4918
3647  4797
3648  3923
3649  5846
3649  5000
3650  5142
3651  4292
3652  5802
3653  4419
3654  4352
3657  5198
3659  5489
3662  5162
3663  4509
3665  5520
3668  5416
3670  3943
3670  4570
3671  4267
3672  5075
3675  5445
3676  5490
3679  5137
3681  4272
3681  4052
3684  5836
3686  3879
3687  4800
3687  5313
3687  4947
3688  3992
3691  5833
3692  4050
3694  5599
3697  4667
3698  4824
3701  4127
3706  5268
3708  4398
3708  5740
3709  4594
3712  5445
3712  5596
3712  4941
3712  3713
3713  4574
3715  3838
3716  5911
3717  5566
3717  5147
3719  5904
3719  4876
3720  5392
3721  3946
3721  5498
3722  3740
3725  4049
3726  5912
3728  4333
3729  4017
3729  3940
3730  3884
3732  5815
3733  5303
3734  5038
3738  4365
3739  5035
3739  5373
3739  4860
3740  4698
3743  4395
3743  5790
3746  4769
3747  5582
3748  4270
3753  5634
3754  5107
3755  3994
3758  5329
3759  5873
3760  4472
3761  4965
3762  4593
3763  4517
3763  4067
3764  4076
3764  5280
3765  5495
3765  5997
3765  5120
3766  5078
3767  4491
3768  5934
3769  4090
3773  4160
3773  4847
3775  4318
3777  5043
3783  3941
3784  5817
3787  5553
3788  4958
3788  3852
3790  5833
3791  4908
3793  5978
3794  5047
3796  4491
3799  4389
3800  5996
3804  3915
3804  4449
3806  4396
3811  4316
3812  5764
3813  5080
3813  4264
3813  4832
3816  4082
3816  4890
3817  5773
3817  4866
3818  5984
3819  5179
3822  5517
3827  5695
3828  5023
3830  5647
3830  5226
3831  5582
3832  4944
3833  4317
3833  5124
3836  5615
3837  4277
3838  4401
3839  5851
3841  5296
3843  5408
3843  5429
3846  5049
3846  4858
3851  4602
3852  5830
3853  4754
3853  5368
3854  5161
3855  5110
3855  5460
3855  5725
3856  4198
3858  4429
3859  4872
3860  4441
3860  5260
3860  5603
3861  4911
3861  3951
3863  5624
3865  3935
3865  4655
3865  4848
3867  4905
3868  4912
3868  5522
3869  5428
3869  5806
3871  4859
3872  5357
3874  4213
3874  4655
3875  5148
3876  4549
3877  4233
3878  4974
3879  5959
3879  4178
3882  5200
3882  5657
3882  4112
3883  5769
3885  4731
3885  5690
3885  5706
3886  5249
3888  4395
3889  3961
3889  4100
3891  4757
3891  5176
3892  5106
3893  5162
3894  5726
3895  5532
3895  5850
3897  5828
3900  4857
3902  4243
3904  5939
3904  4821
3907  4223
3907  5111
3913  4480
3913  5753
3915  4363
3917  5357
3919  4022
3924  4367
3926  5152
3932  4192
3934  4206
3936  5810
3936  5626
3937  4518
3938  5262
3942  4514
3947  5394
3948  4546
3949  4826
3949  4788
3949  4960
3953  5317
3954  4387
3955  5220
3955  5481
3957  4145
3959  4356
3960  4262
3961  3982
3963  4140
3963  5919
3963  5038
3964  4191
3966  4032
3966  5971
3966  4914
3967  4319
3968  5638
3968  4834
3972  5951
3972  4087
3973  4417
3974  5709
3974  5317
3975  5327
3976  4322
3978  5768
3978  4960
3979  4180
3979  5593
3980  5586
3984  5036
3988  5261
3988  5819
3989  5341
3990  5171
3991  4880
3992  4700
3992  5182
3993  4087
3994  4910
3995  4882
3998  5786
3999  4078
4000  4548
4002  4902
4005  5575
4006  4543
4008  4581
4009  5828
4010  5587
4011  4542
4013  5116
4015  5544
4016  4642
4017  4106
4018  4750
4019  4094
4020  4479
4021  4506
4023  5950
4027  4177
4028  5312
4029  5932
4032  4371
4036  4334
4038  5063
4039  4427
4039  4997
4040  4399
4041  5058
4041  4273
4042  5379
4044  4388
4044  5273
4045  4901
4048  5794
4048  5715
4052  4134
4053  4277
4054  4882
4055  4162
4057  5345
4058  5328
4061  4314
4061  5038
4063  5283
4065  4790
4066  4979
4067  5279
4069  4107
4069  5501
4070  4470
4073  5469
4074  5719
4075  4327
4077  4089
4081  4750
4083  4311
4084  4843
4086  4700
4087  5472
4088  4456
4088  4897
4088  5202
4088  4898
4090  4798
4090  4324
4091  5201
4094  5850
4099  4248
4102  4498
4103  5765
4103  5216
4105  4933
4109  4740
4110  5173
4111  5151
4112  4522
4115  4831
4118  5022
4120  4450
4122  5092
4125  4470
4125  5814
4127  4836
4129  4927
4132  4294
4132  5066
4133  4587
4137  4588
4138  5814
4138  4694
4139  5824
4141  5662
4142  4921
4142  4820
4143  5648
4145  4345
4148  5798
4151  5638
4152  5903
4154  4600
4154  5171
4155  5981
4157  5420
4157  5048
4162  4302
4162  4572
4162  5348
4163  4466
4167  5860
4170  4636
4170  5808
4170  4635
4172  4446
4172  4498
4173  4754
4176  5242
4177  4832
4180  5863
4181  5942
4182  5464
4184  5609
4189  5369
4190  5781
4192  5624
4193  4839
4194  4534
4196  5394
4199  5134
4199  5999
4200  5300
4200  5220
4201  5909
4203  5753
4204  4694
4208  4417
4209  5837
4211  5673
4212  5349
4214  4870
4216  5048
4217  5457
4217  5356
4220  5571
4221  5382
4227  4980
4228  4659
4228  4621
4229  4295
4231  5368
4232  4375
4232  5513
4233  4625
4234  5302
4235  4918
4237  4480
4241  5332
4241  5328
4243  4773
4246  5129
4248  5328
4252  5999
4254  4477
4254  4420
4257  4481
4257  5290
4258  5718
4260  4598
4260  5985
4262  5167
4264  5100
4269  5902
4270  4887
4270  4356
4274  4316
4278  5150
4279  5832
4280  5693
4283  4885
4285  5305
4286  5432
4287  4717
4288  5074
4289  5045
4293  4652
4298  4332
4300  5361
4303  5307
4304  5222
4307  5927
4308  5620
4309  5191
4310  5045
4311  5601
4311  5771
4312  4934
4316  5177
4317  4852
4319  5785
4322  5530
4323  4476
4323  5883
4325  4672
4325  4813
4326  4751
4327  5160
4328  5609
4329  5111
4330  5197
4330  5646
4331  4848
4335  5788
4339  4891
4339  4676
4340  5183
4341  5804
4343  5307
4347  5946
4349  4710
4350  5335
4351  4548
4353  5153
4353  4422
4354  4597
4355  4491
4356  5960
4357  4860
4360  5113
4362  4457
4364  4825
4367  5614
4371  5627
4374  5239
4376  5419
4376  5546
4384  5514
4385  5509
4386  5735
4387  4693
4387  5434
4391  4961
4392  4438
4392  5929
4395  5403
4398  4917
4399  5297
4400  4907
4404  5707
4405  4849
4405  5618
4408  5189
4412  5742
4414  5409
4416  5658
4418  5586
4418  5788
4420  4449
4422  5972
4428  5637
4428  4635
4429  4768
4431  5447
4432  5004
4433  4497
4435  5063
4437  4931
4441  4963
4444  5593
4447  5111
4448  5410
4450  4465
4451  5346
4455  5295
4459  5173
4462  4537
4462  5594
4463  4467
4463  5783
4466  4678
4468  5955
4472  5694
4473  4993
4474  4978
4477  5032
4479  4814
4479  5714
4481  5155
4484  5653
4484  5409
4488  4778
4488  4660
4490  5255
4491  4604
4493  5227
4494  4797
4496  4531
4497  5418
4499  4547
4504  5952
4504  5278
4505  5569
4508  5726
4509  4626
4509  4721
4512  5943
4513  5638
4514  5081
4516  4637
4517  5075
4518  4984
4518  5787
4523  5445
4524  5862
4524  4872
4526  4822
4527  4848
4528  4895
4530  5155
4532  5229
4535  5159
4540  4973
4541  5798
4544  5431
4545  4775
4546  4957
4551  5662
4553  4874
4554  4831
4556  5461
4556  4959
4559  5775
4561  5617
4564  5290
4565  5455
4568  4634
4568  4724
4568  5503
4570  5537
4570  5782
4571  5584
4573  5500
4575  5997
4579  5074
4580  5073
4581  5901
4582  5785
4583  4998
4584  4943
4586  4607
4592  5652
4595  5912
4602  5385
4606  5599
4610  5266
4613  4807
4616  5031
4616  5583
4617  5715
4618  5720
4620  5865
4623  5738
4625  5799
4628  5368
4632  5834
4633  5244
4633  5970
4637  5492
4639  4946
4640  4874
4641  5533
4641  5688
4642  5218
4644  4803
4645  5639
4651  4766
4654  5264
4656  5077
4656  5050
4657  5583
4658  5842
4660  5192
4660  4765
4669  4713
4670  5866
4672  5147
4672  5860
4677  5559
4677  5686
4678  5671
4679  5668
4681  5127
4682  4875
4683  5867
4683  5217
4685  5504
4686  5671
4686  5367
4688  5767
4688  5729
4695  5053
4695  5398
4699  5797
4701  5421
4703  5091
4707  5894
4709  5165
4710  5743
4715  5249
4715  5823
4718  5051
4722  5795
4724  4761
4727  5366
4730  5488
4732  5746
4733  5273
4736  5987
4739  5891
4747  5415
4750  4806
4750  5930
4753  4846
4755  5401
4755  4821
4759  5552
4763  5276
4763  5439
4765  5289
4771  5795
4773  5465
4775  5066
4777  5318
4779  5297
4781  5978
4781  4951
4782  5270
4782  5272
4782  5728
4784  5114
4784  5891
4786  5318
4786  5839
4786  4859
4788  5174
4789  5677
4791  4797
4792  5181
4793  4989
4794  5258
4797  5256
4797  4947
4804  5961
4807  5585
4810  5536
4813  5356
4813  5090
4814  5146
4816  5743
4818  5805
4821  4956
4821  5203
4822  5544
4823  4866
4825  5716
4826  4950
4827  5355
4832  5054
4834  5084
4835  5056
4837  5090
4839  5017
4842  4892
4844  5389
4846  5017
4847  5965
4852  5918
4853  5474
4857  5281
4864  5389
4866  5484
4867  5185
4867  5869
4867  5562
4869  5011
4869  5655
4870  5285
4875  5831
4876  5937
4878  5763
4879  5159
4886  5497
4886  5140
4887  5021
4888  5098
4889  5462
4890  5081
4894  5469
4895  5956
4895  5824
4896  5744
4896  5157
4903  5095
4904  5949
4910  5844
4911  5451
4913  5675
4918  5352
4920  5392
4923  5635
4924  5750
4926  5948
4927  5825
4928  5922
4929  5719
4933  5536
4936  5625
4938  5478
4940  5900
4943  5791
4945  5096
4946  5983
4949  5704
4957  5740
4958  5086
4959  5720
4961  5849
4962  5451
4965  5898
4967  5829
4968  5514
4972  5961
4975  4990
4976  5422
4985  4996
4986  5130
4993  5925
4996  5569
4996  5824
4996  5523
4999  5141
5000  5215
5006  5623
5008  5088
5009  5273
5010  5615
5015  5774
5016  5893
5019  5407
5019  5709
5020  5600
5022  5177
5025  5392
5026  5913
5027  5459
5030  5467
5034  5378
5044  5699
5055  5401
5056  5542
5059  5527
5060  5091
5060  5786
5060  5452
5061  5176
5062  5456
5066  5985
5069  5573
5073  5945
5073  5213
5080  5159
5081  5518
5083  5084
5085  5840
5085  5854
5088  5288
5089  5998
5093  5519
5094  5112
5095  5892
5096  5470
5109  5970
5109  5379
5111  5659
5115  5354
5115  5574
5121  5708
5122  5451
5130  5709
5131  5214
5138  5557
5144  5886
5145  5176
5145  5959
5154  5605
5168  5940
5170  5766
5172  5219
5173  5781
5180  5221
5181  5957
5183  5784
5193  5834
5196  5266
5205  5346
5207  5477
5208  5806
5211  5813
5220  5899
5223  5585
5224  5344
5226  5285
5230  5545
5232  5503
5233  5549
5234  5647
5237  5419
5245  5793
5246  5289
5248  5429
5250  5989
5252  5499
5262  5915
5269  5448
5273  5553
5275  5352
5277  5836
5283  5714
5283  5693
5301  5372
5311  5417
5313  5526
5314  5801
5315  5927
5316  5621
5323  5397
5329  5579
5330  5750
5331  5835
5338  5442
5341  5565
5347  5648
5350  5848
5361  5885
5363  5758
5364  5896
5365  5461
5378  5953
5382  5730
5384  5959
5398  5883
5399  5420
5411  5608
5414  5798
5415  5684
5425  5888
5426  5776
5426  5815
5445  5453
5447  5538
5447  5764
5450  5809
5469  5679
5473  5948
5474  5882
5480  5994
5483  5829
5491  5738
5491  5540
5494  5916
5500  5588
5505  5966
5511  5748
5512  5877
5516  5551
5525  5653
5532  5700
5535  5937
5547  5958
5550  5736
5551  5697
5554  5721
5555  5603
5556  5693
5560  5993
5569  5733
5570  5599
5579  5855
5581  5780
5589  5998
5592  5775
5599  5987
5602  5687
5606  5609
5608  5898
5617  5801
5622  5780
5641  5917
5645  5978
5655  5922
5667  5790
5673  5946
5683  5949
5699  5902
5708  5917
5722  5832
5725  5807
5730  5820
5732  5809
5739  5788
5742  5761
5750  5841
5755  5962
5758  5889
5763  5936
5769  5880
5781  5980
5782  5923
5787  5838
5788  5873
5792  5938
5826  5967
5849  5887
5861  5953
5864  5929
5895  5990
5915  5983
5943  5945
