0  594
0  963
0  2348
0  279
0  545
1  2111
2  2587
3  1593
3  588
3  1070
3  348
4  1927
4  2084
4  2340
5  248
5  1412
6  2317
7  2877
7  656
8  742
8  1699
9  521
9  2234
9  13
10  1393
11  675
12  1354
13  1712
13  2844
13  844
14  2627
14  548
15  2449
16  1113
16  2870
16  382
17  909
17  2200
17  444
18  461
18  2498
19  1420
19  1455
19  697
19  525
20  892
20  2650
20  2322
20  1349
21  2711
22  576
23  1473
23  1177
24  1088
24  1993
25  1316
25  1082
26  1217
26  2978
27  2874
27  2250
28  1435
29  2641
29  2513
29  2586
30  1261
30  290
31  1322
31  2760
31  258
31  2388
32  403
33  505
33  2662
34  98
34  2491
34  1839
35  1410
35  2730
36  356
36  2343
37  213
38  1388
38  2256
38  147
39  2730
39  566
40  736
40  1659
41  2353
41  2110
41  2869
42  2886
42  1753
43  2788
44  279
45  2416
46  2538
47  2514
48  835
48  1703
49  537
49  1658
50  1445
51  2300
52  1903
52  2196
53  2208
53  941
54  1561
55  767
55  2978
56  135
57  403
57  2149
58  1463
58  2826
59  1100
59  1216
60  2276
60  2379
60  333
61  2198
61  858
62  581
62  2875
62  2622
63  612
64  1460
64  590
65  1418
66  2235
66  1856
67  1724
67  1783
68  1862
69  2154
69  2553
70  1257
71  1624
71  947
72  1173
72  807
73  1252
73  2903
73  2579
74  2048
74  932
74  2327
74  2529
74  736
75  1025
76  1758
77  2930
77  2093
78  1817
79  2279
79  573
80  2678
80  89
81  2682
81  2700
82  716
83  291
84  791
84  356
85  2168
85  1821
85  620
86  829
86  854
86  2678
87  1908
87  2184
88  1607
89  2223
89  2153
90  2347
91  1716
91  2371
91  883
92  1507
92  1578
92  2578
93  2588
94  1174
94  1156
95  2748
96  298
97  1861
99  655
99  923
100  1299
100  401
101  2323
102  2081
103  1879
103  391
104  2315
105  2347
105  2924
106  802
106  2001
107  1459
107  1320
107  410
108  743
108  523
109  2052
109  2134
110  1991
111  115
112  1885
112  2188
112  1316
113  340
114  2606
114  428
114  140
115  1906
116  475
117  1070
118  257
118  2756
118  2404
119  2045
120  2042
120  2401
121  765
122  1137
123  1865
123  1438
123  2867
124  2526
124  2957
125  1479
125  2431
126  483
126  1736
126  2384
127  2522
128  2633
129  1809
130  1244
130  1960
131  1103
131  538
131  390
132  2030
132  1186
132  746
133  2587
134  1323
135  693
135  2410
136  565
137  1882
138  2193
138  2982
138  1261
139  577
140  2410
140  1506
141  818
142  167
142  316
142  2530
142  810
143  2317
143  1885
144  2038
144  1561
145  1554
146  275
146  2143
146  2621
146  569
147  2816
147  811
148  1093
148  1723
148  2730
149  512
149  686
149  1932
149  2176
149  992
150  497
150  1763
151  2977
151  2677
151  1120
152  2362
153  1377
154  2204
155  376
155  1561
156  1404
156  2806
157  1188
157  2633
158  1652
158  2972
159  992
159  786
160  2758
160  1391
160  1640
160  533
160  204
161  2573
161  2597
162  898
163  225
163  1691
164  1870
164  1235
165  224
166  1779
166  1874
166  2791
166  1664
168  2125
168  1065
168  708
169  264
169  1824
169  308
169  2230
170  2459
171  1001
171  726
171  2748
172  1766
172  2360
173  370
174  2916
174  1241
175  1304
175  1961
175  2997
176  327
176  575
177  2541
177  2898
177  2518
178  1797
179  1054
180  1288
180  523
181  2902
181  524
182  1426
182  1212
183  2065
183  2888
184  1751
184  2573
185  2884
185  2588
186  2781
186  517
187  359
187  2007
188  2398
188  2259
188  614
189  494
189  918
190  1789
190  1661
190  2675
191  1367
191  671
192  2762
193  2172
194  1451
194  2501
195  2017
195  1947
195  928
195  373
196  2536
196  2252
197  800
197  1400
197  855
198  2941
199  1065
200  1270
200  1687
200  2238
200  2399
201  2066
202  2687
202  2233
203  715
203  1372
203  1204
204  2015
204  1682
205  1049
206  1489
206  740
206  2233
206  1045
207  1655
207  309
207  499
208  316
209  495
210  884
210  2172
211  2430
211  2548
211  2553
212  1300
212  424
213  603
214  2221
215  2226
216  2994
217  2987
217  1257
218  2721
218  1959
219  2589
220  1095
220  2697
221  2280
221  2290
222  541
223  2348
224  2362
225  236
226  2813
226  1348
227  1699
227  2310
228  2544
228  593
228  875
229  935
229  2876
230  1443
230  1751
231  2184
231  2764
232  1930
232  2471
233  1581
234  1335
234  639
235  933
235  1223
235  2013
236  965
237  2225
238  2728
238  344
238  1168
239  1576
239  2479
239  1754
240  1848
240  1278
241  1090
241  2220
241  1675
242  2404
243  2039
244  2115
244  2596
245  1547
246  814
246  742
247  454
247  370
248  1571
248  2592
249  1300
250  450
250  1525
250  454
251  2221
251  2474
251  1947
252  1936
252  682
253  2157
254  653
255  1138
256  2563
258  1412
259  602
259  2153
259  856
260  1574
260  1796
260  1510
260  1309
261  1982
261  843
261  1173
262  1592
262  2415
263  303
263  1907
263  1805
265  2658
265  2801
266  1424
267  1882
267  1924
267  2979
267  1469
268  869
268  1337
268  2878
268  910
269  2066
269  300
270  815
270  1575
270  901
271  542
272  2532
272  2738
273  1474
274  2111
274  1488
275  1059
276  1896
276  1831
276  788
277  2235
278  499
278  2341
278  798
278  2307
279  2985
279  2989
280  2594
280  583
281  664
282  708
283  2310
283  1300
284  1585
285  683
285  2571
286  2743
286  1101
286  782
287  1152
287  1036
288  1083
288  2876
289  1027
290  1893
291  544
292  1421
292  1518
293  2960
294  1728
294  2152
294  1585
295  2325
295  2973
295  1940
295  1132
296  2117
296  2523
297  1242
298  1362
299  1823
299  2666
300  1189
301  859
301  1830
301  559
302  2988
302  1213
304  2771
304  1781
305  1430
306  323
306  1811
307  2189
308  2754
309  983
309  1015
310  2654
311  395
311  1097
311  2485
312  684
313  2392
313  1038
314  2833
315  1086
315  1575
316  1829
317  2643
318  1610
318  1971
319  1764
319  2019
319  2224
319  2999
320  1062
320  2767
321  2650
322  368
324  2585
324  557
325  1469
325  1234
326  390
328  405
328  1286
329  2640
330  638
330  1893
330  2613
331  984
331  725
331  1898
331  559
332  951
332  1915
332  2664
333  2615
334  2084
335  1138
336  663
336  2638
337  739
337  2973
338  975
338  2027
338  1177
339  2357
340  2235
341  1509
341  2420
341  993
341  593
342  2259
343  680
344  1241
345  637
345  650
346  534
347  1791
348  1642
349  1248
350  940
350  2195
350  571
351  2084
352  728
352  2494
352  2331
353  2251
354  2780
354  2581
354  1864
355  954
355  2225
355  585
357  1537
357  2744
357  2411
358  1629
358  2042
359  916
360  2014
361  597
361  1462
362  1959
362  1733
362  1516
363  2456
363  1112
364  2521
364  2075
365  472
365  888
365  2296
366  599
366  1169
366  2105
367  2057
368  1277
368  2957
368  1692
369  2631
370  2920
370  2189
371  2173
372  378
372  875
373  2766
373  1578
374  1515
375  1315
377  983
378  2232
378  1597
379  2258
379  794
380  2769
381  2069
382  1442
382  2855
383  489
383  2164
384  684
384  1815
384  1753
384  602
385  2802
385  2006
386  1914
386  931
387  534
387  2139
388  1892
388  2264
388  2583
389  1702
389  1036
389  2841
389  1197
390  1437
390  1520
390  699
391  2213
391  2292
392  2654
392  1285
393  2023
394  1079
396  2016
396  673
397  1858
397  1925
397  596
398  1740
398  418
398  716
399  491
399  939
399  2047
399  1736
400  955
400  776
401  748
401  1035
402  1462
402  1653
402  1458
404  1125
404  2388
404  2963
405  776
406  831
406  2440
406  1276
406  672
407  1151
407  2240
408  475
408  2183
409  2635
410  636
410  2539
410  630
411  1670
412  1228
412  1552
412  594
413  1485
414  621
414  1948
414  2018
415  2376
415  1973
416  427
416  2765
416  845
416  928
417  2601
417  1742
417  868
418  2356
419  2843
419  2318
420  1210
421  2848
421  2378
422  630
423  1851
423  1897
424  2634
424  1425
425  1693
425  2293
425  2855
426  1428
426  1523
426  485
427  2617
428  867
429  2012
429  2557
429  2924
429  1733
430  2014
431  1135
432  1611
432  2914
433  1440
434  2401
434  2233
435  1326
436  2509
437  1640
438  493
438  1845
438  666
439  2037
439  2360
440  907
440  2858
440  2879
440  990
441  720
441  1846
441  1565
442  2501
443  1352
444  2284
444  1754
444  1009
445  984
446  1627
446  1641
447  634
448  1405
448  2373
449  2981
451  2005
452  1657
452  1103
453  1205
453  682
455  781
456  2218
456  741
457  2240
457  2934
458  2055
458  1596
459  2207
460  878
460  2369
460  2102
460  509
461  770
462  2504
462  2530
463  2969
464  1323
465  2866
466  589
467  1819
467  2053
467  1618
468  2265
469  952
470  1478
470  1085
471  2346
471  2261
471  1821
473  1997
473  2831
473  2453
473  1130
474  1828
476  1198
476  1381
477  952
477  919
478  1406
479  2472
479  2624
479  1186
480  1415
480  2019
481  1666
481  1645
481  1491
482  2060
483  1343
484  1291
485  1530
485  1890
486  2550
486  1749
486  1443
487  1035
487  2378
488  753
488  2875
490  1247
492  805
492  1553
494  1626
494  2698
495  2254
495  2546
496  1694
498  2643
498  1255
500  2534
500  2330
500  1106
501  1461
501  813
501  2493
502  678
502  889
502  1100
503  1810
503  1038
504  2117
505  1162
505  789
506  1573
507  872
507  1788
507  702
507  1223
508  1286
508  2574
509  977
510  2211
511  2530
513  2063
514  1147
514  2673
515  1714
515  1986
515  2141
515  2164
515  1446
516  1425
516  2610
517  974
518  2251
518  779
519  2827
520  2715
520  2797
520  2477
520  2947
522  1431
523  1113
524  1150
525  1838
526  821
526  2674
526  1492
527  1801
528  2538
528  2195
529  2241
530  1418
530  2366
531  1251
531  2636
532  2728
533  1490
533  2711
533  866
535  2520
536  2237
537  2913
537  1012
538  2475
539  885
540  2493
540  2828
541  949
542  850
543  1680
544  857
544  1417
545  2498
545  1240
546  2419
547  2986
547  1919
548  1584
548  1778
548  1685
549  2909
549  2923
549  936
550  1236
550  2177
550  2132
551  2013
552  1271
552  622
553  1672
553  965
554  601
554  2306
555  2215
556  2328
557  979
557  575
557  731
558  2343
558  1527
559  1899
559  2384
560  1852
560  624
561  1247
561  1771
561  1224
562  643
562  2512
563  2546
564  2482
565  2872
566  921
566  1965
566  2590
567  2893
567  2711
568  2836
568  1763
569  2760
570  2314
571  1783
571  2094
571  2303
571  2171
572  960
572  1715
572  1558
573  1900
573  2054
573  941
574  2705
574  911
575  1561
576  1738
576  2364
576  2439
577  2867
577  2911
578  1641
578  2649
579  2049
579  862
580  2733
580  1497
582  2958
583  650
584  1317
585  1777
586  1321
586  2381
587  1385
587  2426
587  2602
587  1854
588  1998
589  1868
589  2438
590  1419
590  2083
590  1494
591  886
591  2256
592  2054
595  600
595  1106
595  2008
595  1909
596  2738
596  1606
598  2915
598  2314
598  2363
599  1091
600  1142
601  2415
602  847
603  1732
604  2167
605  2348
606  2549
607  1688
608  763
608  1171
608  2515
609  2511
609  2609
609  1704
609  2604
610  796
611  1804
611  2551
612  704
613  617
614  2146
614  799
615  1955
616  1781
617  1087
617  856
618  1039
618  2745
618  1732
619  2143
620  704
620  861
620  1174
622  709
622  2650
623  821
624  2466
624  2591
624  667
625  2372
625  1573
626  1617
626  919
626  1315
627  1311
627  1324
628  1279
628  1886
628  2351
629  2700
629  749
629  2031
630  1431
630  2815
631  1259
631  779
632  2966
633  694
633  1997
634  1313
634  2010
635  1800
635  2025
635  2311
636  2196
639  2098
639  1709
640  2014
640  2238
641  1165
642  1939
642  1045
642  2983
642  2839
643  2088
644  2334
645  2337
646  1729
647  681
648  2160
649  1381
649  1549
649  2467
650  2118
650  738
651  2189
651  2620
652  839
652  2144
652  2136
652  2494
653  1974
653  1744
654  2603
656  1104
657  719
658  1641
659  2588
660  1643
660  1382
660  1379
661  2396
661  2411
662  1984
662  1902
664  1349
664  2774
665  2410
666  1872
667  1444
667  1923
667  2780
668  943
668  2718
669  2725
669  1951
670  1055
671  1991
672  2020
672  2006
673  2944
673  1035
674  1127
675  728
676  830
676  1987
676  2145
677  2508
679  862
679  1132
679  1445
680  2696
680  1098
680  2618
681  2882
681  2366
681  2474
682  2448
685  1021
685  1356
687  1955
687  924
688  1377
689  2708
690  2290
690  1637
691  2782
692  2531
692  2526
693  2194
695  1906
696  2990
696  2638
697  1739
698  1041
698  1604
698  1950
699  1725
699  1372
700  2423
700  2445
700  1070
701  2011
702  2720
703  2202
705  1700
706  2640
706  1085
706  1078
706  2772
707  2715
708  1913
710  1632
710  2485
711  833
712  2055
713  1249
713  2703
714  952
716  1674
717  1472
717  2939
718  1281
719  852
719  1529
721  2274
721  1978
722  1761
722  1853
722  898
722  1158
723  2469
723  1358
724  1062
725  1920
725  1159
725  2132
726  1677
727  767
728  2215
729  747
730  1586
731  2805
732  1569
732  2485
732  1474
733  1263
734  2093
734  1234
735  2652
736  1324
737  2226
737  1101
738  991
738  1931
738  1737
740  1976
740  2887
741  2657
744  856
744  1084
744  1945
745  2265
745  1378
746  2671
746  2826
746  2891
747  1121
749  2457
749  2796
749  1692
750  2235
751  1512
751  1013
752  2096
752  2655
754  918
754  1075
755  2591
756  1094
756  1436
756  1110
757  897
757  1630
758  1457
758  1890
758  2667
759  915
760  2315
760  1243
760  1007
761  2153
762  1903
764  1625
765  2120
765  2125
766  1225
766  926
767  1906
768  801
768  927
769  2611
769  2785
771  2486
772  1897
772  2110
773  2670
773  2799
774  1517
774  2207
774  1367
775  2618
775  2515
775  1286
776  2370
777  2319
777  2326
777  2782
777  1518
778  2109
778  1881
779  895
779  2229
779  2768
779  1306
780  1245
780  1994
781  1186
782  1097
783  1686
784  2197
784  1712
785  2252
786  1548
786  2526
787  2321
787  2573
788  1443
789  1110
789  2579
790  2570
792  1926
792  2078
793  2470
793  1597
794  1849
795  2214
795  2490
795  2714
796  2653
796  2792
797  2723
798  2837
798  2399
799  934
799  906
801  1351
801  2714
801  2800
802  1153
803  1838
803  2364
804  1865
805  2554
806  807
807  2224
808  1108
809  1132
810  2987
811  2951
811  1382
812  2706
813  2555
814  2090
816  1201
816  2669
816  2404
817  1543
817  1037
818  1165
819  2591
820  1377
820  1808
822  2395
822  1005
823  2677
824  1408
825  2200
826  1306
827  2296
827  2612
828  2528
828  2773
832  1091
833  854
834  2291
835  981
836  837
836  2996
837  2145
838  1630
840  1172
841  2818
842  2971
843  2217
844  2950
844  2958
845  1973
845  1207
846  2548
848  1077
848  868
848  2218
849  1580
850  2794
850  1990
851  1625
851  2312
853  2062
854  860
855  863
855  1123
855  2032
856  2169
858  1379
858  1704
860  1043
860  1116
862  2275
864  982
865  1082
865  2050
866  2455
867  2701
868  2138
868  2577
868  2964
869  1325
870  1700
870  2426
871  891
871  2825
873  1979
873  1699
874  2742
875  2600
875  1243
876  2907
877  1852
879  1559
879  2332
879  2257
880  1941
880  1878
881  1276
882  2168
883  2455
884  1834
885  1020
885  1654
885  2242
885  1160
887  1138
888  2107
890  903
891  2584
893  2933
893  1739
894  2652
896  1399
896  1777
898  2095
899  2614
900  1236
901  2850
902  1381
903  1034
903  1514
903  1919
903  2347
904  2464
905  1282
906  1353
906  2543
907  1992
908  2153
910  2392
911  2203
911  2904
912  1050
912  2309
913  918
914  2593
914  1876
914  1414
915  1154
916  1231
917  2237
917  2934
918  2612
919  976
920  1546
920  2885
920  1798
922  2031
923  2395
924  1694
924  2857
924  2778
925  2301
925  1122
926  2295
926  1306
927  1594
927  1599
929  2690
930  1801
930  2435
931  1171
932  2302
934  2761
935  2004
936  1175
936  1720
936  2001
937  974
938  2422
939  1826
939  1746
940  2397
941  967
942  2680
942  2258
944  1644
945  1962
945  1627
946  2179
947  1307
948  1163
948  2517
948  1426
949  1792
949  2748
950  2461
952  2626
953  1342
955  2871
956  1822
956  2255
956  1999
956  1168
956  1782
957  2507
958  2563
958  1380
958  2289
959  1816
959  1839
961  2978
961  2788
962  1312
963  1937
964  1231
965  2059
965  2502
966  1394
966  1315
967  1474
967  2479
968  2650
969  1580
969  2909
970  1067
971  2733
972  2980
973  2779
973  1856
974  1697
974  1300
976  1196
977  1849
978  1927
979  2576
980  1075
981  2876
982  2140
982  1870
983  1513
985  1275
986  1520
987  1817
987  1895
987  1581
988  2313
988  1376
989  2681
990  1690
990  2744
991  1883
992  2856
993  2651
994  1380
995  1627
996  2307
997  1683
997  1263
998  1314
998  2400
999  1345
999  2803
1000  2761
1002  2615
1002  1732
1003  2241
1003  2540
1003  1064
1004  2321
1005  1586
1006  1985
1007  2453
1008  2524
1008  2934
1009  2808
1009  1018
1010  2701
1011  1876
1012  2993
1013  1837
1013  2197
1014  1772
1014  1463
1015  2644
1015  2706
1016  1766
1017  2336
1017  2578
1018  2712
1019  2162
1019  1554
1019  1833
1022  2632
1022  2830
1023  1537
1024  1618
1024  2873
1025  2842
1025  1311
1026  1685
1026  2492
1027  1145
1028  2194
1029  1752
1029  2033
1029  1406
1030  2460
1030  2406
1030  2564
1031  1647
1031  1421
1032  2783
1032  2958
1032  1564
1033  2703
1035  1570
1035  1737
1036  1150
1037  1502
1037  1514
1038  1572
1039  1679
1040  2386
1042  2482
1044  1918
1044  2614
1046  1977
1046  2257
1047  2432
1047  1154
1048  1193
1048  1147
1049  2912
1049  2962
1049  2025
1051  1989
1051  2096
1052  1694
1053  1635
1053  2080
1054  1710
1055  2090
1056  1835
1057  1508
1058  2926
1058  2794
1060  2036
1061  1375
1061  1644
1063  1836
1064  1254
1065  2657
1066  2610
1066  2053
1067  2966
1068  1900
1069  1670
1069  2525
1069  2477
1070  2817
1071  1883
1072  2546
1072  2522
1073  2355
1073  2986
1074  2112
1075  2437
1076  1809
1076  2035
1076  1300
1077  1216
1078  1568
1078  2318
1079  2907
1079  2911
1080  1743
1081  1220
1081  2665
1083  2074
1084  1980
1085  1266
1085  1218
1086  2522
1088  2795
1089  1134
1092  2942
1095  1253
1096  2602
1097  1211
1097  1272
1097  2434
1098  2439
1099  1634
1099  2346
1101  2959
1102  2100
1104  1864
1104  1120
1105  2630
1107  2679
1107  2273
1108  1381
1109  1281
1109  1532
1111  1344
1112  2582
1113  2695
1114  1229
1114  1579
1115  1117
1116  1904
1117  2512
1117  1338
1118  2823
1118  2940
1119  2555
1120  2991
1120  2768
1121  1374
1122  1439
1124  2044
1124  2834
1124  2771
1125  2542
1126  1170
1127  2708
1127  2306
1128  2033
1129  1239
1129  2961
1130  1741
1131  2696
1132  2931
1133  2436
1134  1713
1134  2527
1135  2267
1136  2015
1137  1503
1137  1547
1138  1565
1138  2450
1139  2106
1139  2428
1140  1357
1141  1217
1143  2269
1144  2279
1145  2149
1145  2109
1146  1377
1147  1777
1148  1680
1149  1887
1149  2133
1151  2925
1151  2972
1154  1943
1154  1551
1155  1656
1155  2847
1155  2949
1155  1990
1156  1190
1157  1536
1157  2066
1158  1294
1159  1960
1159  2441
1160  2527
1160  1819
1161  2362
1161  1506
1161  2888
1161  1495
1162  2268
1163  1825
1163  2085
1164  2267
1165  1785
1166  1374
1166  2392
1167  2642
1170  2309
1172  1949
1172  2328
1172  2935
1175  2245
1176  1827
1177  1711
1178  2189
1179  2550
1180  2839
1181  1266
1182  2869
1182  1821
1183  1317
1184  1960
1185  1996
1185  2202
1187  2100
1187  1636
1189  1532
1190  2099
1190  2956
1191  1849
1191  2600
1192  1208
1192  2589
1193  1589
1193  1338
1194  2025
1195  1768
1195  1452
1196  1305
1196  1642
1197  1680
1197  2231
1197  1715
1199  2367
1200  2405
1202  1857
1203  1347
1204  2452
1206  2190
1207  2425
1208  1637
1209  2286
1209  2183
1210  1400
1212  2382
1212  2274
1213  1375
1214  2391
1215  1619
1215  1555
1215  1502
1217  1667
1217  1605
1217  2210
1218  1850
1219  1558
1219  2370
1220  2266
1221  1296
1221  2545
1222  1615
1222  2824
1224  1533
1224  1759
1224  1528
1225  2748
1226  2350
1226  2124
1227  2921
1227  2156
1229  2121
1230  2776
1231  1579
1231  2955
1232  2365
1232  2296
1233  2644
1234  2365
1235  2682
1236  1501
1237  1316
1238  1483
1238  1427
1238  1580
1240  1370
1240  1283
1240  2732
1240  2111
1241  2589
1242  1771
1243  2344
1243  2519
1245  2435
1246  2255
1248  2948
1250  1518
1250  2070
1251  2906
1252  1487
1252  2155
1253  2675
1254  1545
1255  2082
1255  2137
1256  2149
1257  2543
1257  2754
1258  2480
1258  2430
1259  1267
1260  2963
1262  1350
1262  1519
1263  1458
1263  1499
1263  2209
1264  2113
1265  2431
1265  2412
1266  2496
1268  1660
1268  2102
1269  1781
1269  1451
1273  2279
1274  1529
1274  1588
1275  2307
1275  2202
1276  1494
1276  2160
1276  2881
1277  2403
1278  2750
1278  1646
1279  2685
1280  2320
1282  2873
1283  2642
1283  2724
1284  2578
1284  2750
1285  1416
1287  1480
1287  2822
1287  2123
1289  2710
1290  1804
1291  1941
1292  1537
1293  2609
1294  1565
1295  2625
1295  2240
1297  1942
1298  2461
1298  2290
1301  2081
1301  1951
1302  2370
1303  2449
1303  2303
1306  2668
1307  2496
1308  1647
1309  1795
1309  2767
1310  2490
1311  1719
1312  2571
1313  1622
1314  1616
1314  1333
1315  2285
1315  2601
1317  1973
1318  2826
1319  2568
1320  2934
1322  2505
1323  2747
1324  2076
1326  2969
1326  2117
1327  1634
1328  2656
1328  1375
1329  2220
1330  1986
1331  2552
1331  2577
1332  1622
1333  2171
1334  2317
1336  2155
1339  1519
1340  2502
1341  2072
1342  2219
1342  1397
1344  1538
1344  2351
1344  2047
1345  2161
1346  2582
1346  1683
1347  2235
1348  2832
1349  2324
1352  2786
1352  1964
1353  2338
1354  1815
1355  1706
1356  1855
1356  1362
1357  1578
1358  2994
1358  2483
1359  2555
1360  2211
1360  2927
1361  2182
1361  2864
1362  2261
1363  1607
1364  2613
1364  2742
1365  1752
1366  1701
1368  2983
1369  1386
1371  2734
1371  2842
1373  1422
1373  2092
1373  2883
1375  1774
1375  1867
1376  1612
1378  1387
1380  1671
1380  2273
1381  1383
1383  1674
1384  1842
1386  1769
1386  1532
1387  2136
1388  1963
1389  1994
1389  1504
1390  2372
1391  2751
1392  2399
1393  2698
1394  2775
1395  2272
1396  1449
1397  2767
1397  2815
1398  2803
1400  2246
1400  2465
1401  2825
1401  1673
1402  1986
1403  2512
1404  2288
1404  1435
1405  2567
1406  2277
1406  2989
1407  1480
1408  1591
1409  2686
1411  2028
1411  2758
1413  2191
1414  2537
1416  2158
1417  1880
1417  2899
1417  1745
1418  1482
1423  1707
1423  2573
1424  2809
1424  2549
1424  1607
1425  2846
1426  1545
1427  2124
1429  1626
1430  2680
1432  1647
1433  2124
1434  1461
1435  2227
1438  2665
1439  1701
1439  2976
1440  1778
1441  2322
1445  2638
1445  1729
1446  2706
1447  2901
1447  2636
1448  2250
1448  1614
1449  2703
1450  1847
1450  2922
1452  2139
1452  2937
1453  2809
1454  2108
1455  2770
1456  2668
1456  2995
1456  2400
1457  2438
1460  2416
1461  2078
1463  2850
1464  1648
1464  2506
1464  1849
1465  1906
1466  1710
1467  1595
1468  2703
1470  1560
1471  2253
1471  2099
1472  1935
1473  1758
1473  1497
1475  1501
1476  2022
1477  1600
1477  1741
1477  2084
1478  2108
1478  1744
1481  2269
1481  1631
1482  1488
1484  2366
1485  2963
1485  2272
1486  2405
1486  2742
1488  2486
1491  1638
1491  2278
1491  2178
1492  2424
1492  2553
1493  2337
1493  2919
1493  1682
1495  2664
1495  1673
1496  2274
1498  1755
1498  2372
1499  2201
1499  2137
1500  2748
1502  2127
1504  2308
1504  2595
1504  2938
1504  1949
1505  2915
1507  2659
1507  1535
1508  2970
1510  1721
1511  1604
1515  2326
1516  2414
1518  1916
1519  2450
1519  1913
1519  2318
1521  1964
1522  2787
1523  2222
1524  2545
1524  2888
1526  1871
1526  2821
1526  2335
1527  2693
1528  2689
1528  2607
1531  2673
1531  2868
1532  2643
1534  1808
1535  2691
1538  1684
1538  1793
1539  2996
1539  2014
1540  2013
1541  2635
1542  1667
1544  2356
1547  2573
1548  2418
1548  2649
1549  2564
1550  2680
1551  2374
1551  2665
1553  2419
1553  2340
1553  2054
1554  2572
1555  2785
1556  1946
1556  1726
1557  2899
1560  1654
1561  2520
1561  1945
1562  2487
1562  2573
1563  2937
1564  2984
1566  1730
1567  2011
1567  1881
1570  2908
1572  2510
1573  1747
1577  2012
1578  1889
1578  2181
1581  2101
1582  2806
1583  1838
1585  2429
1586  2364
1587  1866
1587  1935
1588  2753
1590  2058
1591  2820
1591  2493
1592  1952
1594  2568
1595  2762
1596  2743
1597  2596
1598  2937
1598  2228
1599  1784
1599  2671
1600  1607
1601  2533
1601  2873
1602  1812
1603  2996
1604  1794
1605  2173
1606  1985
1606  2192
1608  1789
1609  1844
1609  2454
1609  2016
1610  2119
1611  2667
1612  2040
1613  2713
1614  2080
1617  1861
1620  1910
1620  1748
1621  2091
1623  1841
1623  2326
1626  2462
1626  2623
1627  1921
1627  2851
1628  2646
1629  2941
1630  1708
1631  1791
1631  2975
1631  2473
1632  2769
1632  2824
1633  2819
1633  2752
1634  2069
1635  1659
1636  1813
1636  2534
1637  1934
1639  2994
1640  2895
1641  2252
1642  1878
1643  1750
1644  2152
1645  1678
1646  1688
1646  1804
1649  2933
1650  1670
1651  1956
1651  2147
1653  2283
1657  2835
1658  1805
1660  2492
1661  2967
1662  2029
1663  1803
1664  2250
1665  1762
1668  2464
1668  1795
1669  1878
1673  2175
1675  2032
1676  2156
1676  2638
1681  2029
1681  2048
1682  1742
1683  1807
1685  2599
1686  2560
1689  2688
1690  2024
1691  2741
1694  2749
1695  2646
1695  2900
1695  1952
1696  1928
1698  2839
1698  1857
1699  2271
1700  2447
1701  2762
1703  2789
1703  1962
1705  2523
1706  2772
1707  2776
1708  2928
1709  2697
1709  2156
1710  2478
1711  2915
1716  2947
1717  1894
1717  2710
1718  2642
1719  2104
1719  2349
1720  2368
1721  2569
1722  2605
1725  1806
1726  1834
1727  1900
1729  1898
1730  2142
1730  2718
1731  2607
1731  1901
1732  2342
1732  2269
1734  1885
1735  1967
1743  2339
1743  1798
1744  2148
1745  2242
1746  2391
1747  1760
1747  2114
1747  2723
1748  2126
1748  2444
1749  2345
1749  2974
1750  1901
1753  2860
1754  2157
1756  1939
1757  1964
1757  1936
1762  2139
1763  1830
1765  2413
1765  2390
1767  2132
1768  2239
1768  2880
1768  2378
1769  2230
1770  2839
1773  2647
1773  1777
1775  2772
1776  2447
1780  1869
1780  2394
1782  1916
1785  2967
1786  2274
1787  2964
1790  1826
1791  2495
1793  1988
1793  2089
1794  2774
1795  2022
1797  2476
1797  2433
1798  2966
1798  2528
1799  2112
1801  2175
1802  1991
1803  2930
1804  2086
1804  2467
1805  2270
1805  2829
1805  2999
1807  2130
1807  2080
1808  2718
1808  2813
1811  2666
1812  2395
1814  2212
1814  1942
1818  1820
1820  2969
1821  2443
1823  2390
1824  2510
1827  2928
1828  2381
1828  1844
1831  2384
1832  2300
1832  2516
1832  2817
1833  2134
1833  2829
1835  2041
1835  2091
1836  2022
1839  2081
1840  2898
1842  2068
1842  2461
1843  2506
1846  1993
1850  2710
1854  1928
1854  2039
1854  2523
1854  2839
1856  2699
1856  2365
1857  2677
1859  2243
1859  2126
1860  2861
1861  2174
1862  1978
1862  2543
1863  2832
1868  2676
1871  2436
1871  2508
1872  2358
1872  2050
1872  2060
1873  1943
1875  2639
1875  2644
1876  2852
1876  2935
1877  2818
1878  2272
1879  2984
1881  2529
1883  2672
1884  1967
1886  2663
1887  2006
1888  1991
1890  2559
1891  2915
1893  2645
1897  2747
1897  2872
1897  2952
1902  2433
1905  2537
1905  2851
1907  2067
1908  2043
1909  2509
1909  2259
1911  2328
1912  2955
1913  1990
1917  2538
1921  2058
1921  2061
1922  2250
1925  2287
1925  2386
1929  2737
1931  2684
1931  2414
1933  2956
1936  2976
1938  2692
1938  2107
1940  2586
1942  2994
1944  2052
1950  2471
1950  2683
1950  2492
1951  2890
1953  2291
1954  2213
1957  2187
1958  2841
1962  2739
1962  2818
1962  2489
1966  2127
1967  2204
1967  2099
1968  2716
1969  2304
1969  2693
1969  2094
1970  1984
1971  2325
1972  1999
1975  2302
1979  2129
1980  2383
1980  2865
1981  2334
1983  2945
1983  2428
1984  2363
1990  2417
1991  2570
1991  2647
1993  2294
1995  2998
1995  2489
1999  2619
2000  2075
2000  2372
2001  2814
2001  2295
2002  2171
2003  2056
2005  2736
2005  2721
2007  2330
2008  2412
2009  2922
2009  2013
2010  2463
2010  2179
2013  2419
2015  2291
2015  2190
2018  2575
2018  2316
2019  2248
2021  2742
2023  2733
2024  2034
2026  2400
2026  2509
2028  2735
2031  2864
2031  2331
2032  2779
2034  2446
2036  2945
2040  2326
2045  2614
2045  2872
2046  2158
2046  2742
2051  2452
2051  2778
2053  2331
2056  2800
2057  2851
2060  2866
2060  2575
2062  2281
2062  2424
2063  2292
2063  2126
2064  2517
2067  2799
2070  2833
2070  2559
2071  2641
2072  2503
2073  2623
2074  2087
2076  2911
2077  2556
2077  2971
2077  2380
2079  2582
2084  2323
2091  2298
2097  2518
2097  2429
2097  2692
2101  2520
2103  2854
2103  2275
2105  2654
2112  2741
2113  2630
2114  2503
2116  2686
2122  2183
2123  2620
2123  2865
2125  2289
2127  2562
2128  2577
2129  2812
2131  2630
2131  2367
2133  2167
2133  2536
2134  2772
2135  2541
2142  2905
2147  2185
2147  2408
2147  2435
2150  2290
2151  2583
2159  2673
2160  2853
2163  2382
2165  2976
2166  2547
2167  2187
2170  2205
2170  2681
2170  2838
2172  2923
2177  2590
2178  2390
2179  2929
2179  2804
2180  2972
2183  2937
2186  2388
2188  2451
2190  2861
2191  2740
2191  2201
2192  2761
2197  2763
2198  2666
2199  2408
2202  2514
2206  2800
2209  2549
2211  2587
2216  2749
2217  2500
2219  2806
2224  2377
2225  2260
2227  2507
2227  2334
2228  2856
2230  2784
2234  2603
2236  2512
2237  2481
2240  2702
2244  2484
2244  2964
2247  2398
2249  2811
2254  2753
2257  2362
2259  2354
2260  2580
2261  2862
2262  2375
2262  2585
2263  2465
2264  2558
2264  2968
2267  2809
2270  2402
2270  2910
2274  2566
2275  2773
2278  2707
2282  2685
2293  2299
2296  2433
2297  2487
2298  2892
2298  2882
2303  2889
2305  2775
2306  2367
2307  2757
2309  2943
2311  2974
2312  2379
2314  2961
2315  2488
2316  2738
2318  2828
2320  2859
2320  2716
2322  2551
2328  2712
2329  2727
2329  2474
2330  2863
2330  2894
2330  2954
2333  2437
2334  2981
2335  2605
2341  2807
2345  2407
2352  2947
2353  2811
2354  2357
2359  2542
2360  2720
2361  2830
2363  2827
2367  2732
2368  2604
2369  2686
2371  2597
2373  2520
2379  2729
2380  2666
2385  2868
2385  2691
2387  2515
2388  2741
2389  2423
2392  2810
2393  2546
2394  2842
2395  2459
2404  2673
2406  2932
2409  2664
2410  2497
2411  2518
2414  2719
2414  2752
2419  2798
2421  2574
2421  2897
2422  2528
2425  2458
2427  2608
2427  2616
2427  2656
2428  2474
2429  2629
2431  2956
2434  2939
2437  2596
2442  2716
2444  2515
2448  2655
2449  2499
2453  2690
2456  2514
2458  2997
2464  2704
2468  2839
2473  2657
2475  2636
2477  2849
2478  2597
2482  2498
2483  2717
2483  2868
2484  2742
2490  2571
2491  2553
2498  2787
2501  2950
2513  2655
2518  2662
2523  2622
2525  2722
2532  2803
2535  2914
2535  2581
2538  2943
2539  2628
2547  2731
2547  2889
2560  2704
2561  2644
2565  2832
2583  2841
2588  2963
2589  2633
2592  2778
2598  2751
2605  2677
2610  2635
2626  2792
2631  2794
2637  2774
2641  2652
2648  2971
2651  2917
2655  2688
2658  2709
2660  2945
2661  2927
2663  2992
2678  2777
2678  2896
2688  2845
2694  2948
2703  2819
2704  2897
2713  2746
2716  2982
2723  2864
2726  2813
2737  2979
2746  2813
2748  2936
2748  2970
2751  2793
2753  2953
2755  2758
2759  2772
2763  2790
2764  2784
2786  2942
2788  2960
2791  2890
2791  2804
2801  2817
2805  2956
2815  2932
2819  2927
2830  2939
2832  2893
2838  2969
2840  2933
2855  2939
2860  2883
2873  2976
2891  2950
2893  2940
2904  2961
2906  2918
2928  2975
2932  2946
2948  2951
2960  2969
2961  2980
2965  2971
