3466  937
3466  5233
3466  8579
3466  10310
3466  15931
3466  17038
3466  18720
3466  19607
937  8579
937  14924
937  4135
937  18233
5233  10310
8579  16258
8579  4135
8579  19607
10310  4583
10310  10841
10310  13056
10310  14982
10310  19640
10310  23855
10310  24372
10310  24814
15931  24009
15931  23344
15931  14924
15931  15959
15931  24444
15931  18233
15931  18720
15931  19607
17038  18866
17038  19992
17038  896
17038  7277
17038  16766
17038  16770
17038  16858
17038  17389
17038  18408
17038  19089
17038  20033
17038  21968
17038  23429
17038  24578
18720  19607
14924  13142
14924  16994
14924  231
14924  3197
14924  6160
14924  8589
14924  18940
14924  2789
14924  6641
14924  7277
14924  15920
14924  15959
14924  18233
14924  18408
14924  19090
14924  19475
14924  22790
14924  24001
14924  24582
14924  24583
14924  25228
4135  24559
4135  1860
4135  16498
16258  1356
16258  1727
16258  2752
16258  4125
16258  6667
16258  6825
16258  10351
16258  11082
16258  14123
16258  16676
16258  21194
10841  9710
10841  14818
13056  1787
13056  14982
13056  18540
13056  19791
19640  339
19640  624
19640  3731
19640  5407
19640  9099
19640  9785
19640  15784
19640  18719
19640  23577
19640  23649
19640  24199
19640  25201
23855  16640
23855  26098
24814  24559
24814  24110
24814  19980
24814  5957
24814  7716
24814  11233
24814  12118
24814  14090
24814  18397
24814  2249
24814  6077
24814  6611
24814  6635
24814  8672
24814  9759
24814  11865
24814  19955
24814  21832
24814  25541
24009  283
24009  1880
24009  5505
24009  15959
24009  15961
24009  24444
23344  14485
23344  25358
15959  18540
15959  283
15959  15920
15959  24444
18866  9785
18866  18719
18866  21012
18866  14485
18866  15003
18866  45
18866  773
18866  2741
18866  7956
18866  12365
18866  12781
18866  21508
18866  25346
18866  345
18866  3409
18866  13597
18866  896
18866  1508
18866  4632
18866  6815
18866  7209
18866  7844
18866  8279
18866  11053
18866  11148
18866  13411
18866  14512
18866  16594
18866  16722
18866  16726
18866  16876
18866  19954
18866  19992
18866  20391
18866  20774
18866  23403
19992  12365
19992  3409
19992  11148
19992  1347
19992  4575
19992  4782
19992  9417
19992  15582
19992  17472
19992  19707
19992  21930
19992  24835
19992  24959
896  8279
896  21158
7277  18408
7277  13389
7277  15960
7277  16766
7277  18782
7277  19089
7277  20033
16766  19089
16770  21968
16770  24578
16858  17389
18408  15960
18408  15974
18408  17564
18408  18782
18408  19089
18408  23883
19089  20033
20033  23429
21968  9017
21968  15455
21968  7307
21968  13831
21968  15198
21968  18067
21968  18788
21968  19781
21968  24578
23429  4781
19738  14485
14485  7926
14485  2949
14485  7801
14485  22758
23293  9785
23293  21012
23293  15003
23293  45
23293  46
23293  570
23293  773
23293  1653
23293  2212
23293  2741
23293  2952
23293  3372
23293  4511
23293  4513
23293  6179
23293  6830
23293  7956
23293  8879
23293  11241
23293  11472
23293  12365
23293  12496
23293  12781
23293  12851
23293  14540
23293  14807
23293  15659
23293  17655
23293  17692
23293  19961
23293  20108
23293  20562
23293  20635
23293  21281
23293  21508
23293  21847
23293  22887
23293  25758
23293  24955
23293  3595
23293  18174
23293  20644
23293  25346
25143  9283
9710  17932
9710  21776
9710  3430
9710  10463
9710  10526
9710  11788
9710  14818
9710  18189
9710  19107
9710  21438
9710  22439
9710  22611
14818  11788
1787  1279
1787  14550
18540  24371
18540  7615
18540  15608
18540  7725
18540  3681
18540  13328
18540  23805
18540  24592
19791  773
19791  16265
2654  25396
2654  339
2654  624
2654  4846
2654  23382
2654  2250
2654  3420
2654  3890
2654  4748
2654  7717
2654  11015
2654  12085
2654  12306
2654  12365
2654  13714
2654  14767
2654  16994
2654  17414
2654  18971
2654  19216
2654  20534
2654  20850
2654  21776
2654  25205
339  25396
339  2250
339  3730
339  4748
339  7717
339  9713
339  11015
339  11868
339  13714
339  14767
339  17414
339  17603
339  18971
339  19216
339  20534
339  22376
339  24295
339  25205
624  1254
624  3420
624  3731
624  5407
624  9099
624  23577
624  23649
624  25201
3731  25201
3731  5407
3731  9099
3731  23577
3731  23649
5407  25201
5407  9099
5407  23577
5407  23649
9099  25201
9099  23577
9099  23649
9785  21012
9785  25758
9785  11241
9785  570
9785  773
9785  21847
9785  6179
9785  2741
9785  14807
9785  24955
9785  15784
9785  45
9785  4511
9785  21281
9785  15003
9785  20635
9785  3372
9785  14512
9785  7956
9785  12365
9785  17655
9785  25346
9785  1653
9785  13164
9785  46
9785  2212
9785  2560
9785  2952
9785  4146
9785  4513
9785  4632
9785  6830
9785  7384
9785  8879
9785  10926
9785  11472
9785  12496
9785  12553
9785  12781
9785  12851
9785  13837
9785  14540
9785  15659
9785  16594
9785  17250
9785  17692
9785  18668
9785  19961
9785  20108
9785  20562
9785  20774
9785  21508
9785  22887
15784  18648
15784  17589
18719  21012
18719  13597
18719  45
18719  731
18719  773
18719  1694
18719  2741
18719  7209
18719  7844
18719  11148
18719  12085
18719  12365
18719  12496
18719  16722
18719  16726
18719  16876
18719  25201
23577  25201
23577  23649
23649  25201
24199  25948
25201  12085
25201  1694
25201  12496
16640  26098
16640  3948
16640  25684
26098  1545
26098  8547
26098  15600
26098  24568
24559  2501
24559  1595
24559  1910
24559  4554
24559  5717
24559  9316
24559  13371
24559  14615
24559  16498
24559  17187
24559  17939
24559  21587
24559  24160
24110  2501
24110  12118
24110  12389
19980  12118
19980  5957
19980  7716
19980  11233
19980  14090
19980  18397
19980  25541
5957  12118
5957  2249
5957  6077
5957  6611
5957  7716
5957  8672
5957  11233
5957  14090
5957  18397
5957  19955
5957  21832
5957  25541
7716  12118
7716  11233
7716  14090
7716  18397
7716  25541
11233  12118
11233  14090
11233  18397
11233  25541
12118  2249
12118  6077
12118  6611
12118  8672
12118  14090
12118  18397
12118  19955
12118  21832
12118  25541
14090  18397
14090  25541
18397  25541
2249  6077
2249  6611
2249  8672
2249  19955
2249  21832
6077  6611
6077  8672
6077  19955
6077  21832
6611  8672
6611  19955
6611  21832
8672  19955
8672  21832
19955  21832
2287  25271
2287  25396
2287  10235
2287  6375
2287  10519
2287  11861
2287  18580
2287  18623
2287  20217
2287  20613
2287  25436
10235  10243
10235  25271
10235  25396
10235  6375
10235  8053
10235  8517
10235  10519
10235  24620
10427  20613
10427  20850
10427  2512
15159  20421
15159  22393
20613  11861
20613  19464
20613  23968
24371  13847
24371  2620
24371  6219
24371  7615
24371  14003
24371  18160
24371  18227
24371  20168
24371  24453
24371  24568
25102  15846
25271  11241
25271  12860
25271  17850
25271  20620
25271  21432
25271  21707
25271  22834
25271  23452
25271  25053
25271  25396
25396  11241
25396  2250
25396  4748
25396  7717
25396  11015
25396  13714
25396  14767
25396  18971
25396  19216
25396  20534
25396  25205
6375  10519
6375  18580
11861  14746
11861  19093
11861  5542
11861  4080
11861  14747
11861  17463
11861  19324
11861  21550
11861  24220
11861  25179
11861  25553
11861  25554
20217  25436
7926  23186
7926  14627
7926  4575
20421  5287
10243  6774
10243  8049
10243  8053
10243  8517
10243  15538
10243  16694
10243  18648
10243  21012
10243  22457
10243  23452
8053  8517
8517  6774
8517  18648
8517  22457
8517  5434
24620  13813
20850  4846
20850  4748
20850  231
20850  345
20850  17603
20850  21798
20850  25272
5302  7899
5302  4466
5302  5497
5302  12545
5302  17738
5302  19433
23939  4416
23939  23107
23939  3006
23939  3630
23939  8730
23939  10406
23939  12874
23939  13177
23939  16817
23939  19723
23939  24885
639  7125
639  9647
639  15846
639  23714
2752  14123
2752  19340
19340  6963
19340  16347
19340  2870
19340  9732
19340  12049
19340  12763
19340  17382
2250  4748
2250  7717
2250  11015
2250  13714
2250  14767
2250  18971
2250  19216
2250  20534
2250  25205
4748  4846
4748  7717
4748  11015
4748  13714
4748  14767
4748  18971
4748  19216
4748  20534
4748  25205
7717  11015
7717  13714
7717  14767
7717  18971
7717  19216
7717  20534
7717  25205
11015  8768
11015  13714
11015  14767
11015  18971
11015  19216
11015  20534
11015  21165
11015  25205
13714  14767
13714  18971
13714  19216
13714  20534
13714  25205
14767  18971
14767  19216
14767  20534
14767  25205
18971  19216
18971  20534
18971  25205
19216  20534
19216  25205
20534  25205
14123  4125
14123  6667
14123  10351
14123  10912
14123  14534
14123  17268
14123  19783
14123  21705
14123  22836
19464  23968
13847  3412
13847  7615
2620  17681
2620  6442
2620  20587
2620  10024
6219  24568
6219  18160
7615  15657
7615  25402
14003  13142
14003  6642
14003  17277
14003  18209
18160  24568
20168  12247
20168  19433
24453  20346
24568  1545
24568  8547
24568  15600
24568  18161
2501  22758
1910  9316
4554  20174
5717  894
5717  7090
5717  11792
5717  16831
14615  18140
14615  17089
14615  19454
14615  21587
16498  22826
16498  19442
17187  9889
17187  4416
17187  2155
17187  9511
15846  4180
15846  8378
15846  23714
11241  21012
11241  15003
11241  45
11241  46
11241  570
11241  773
11241  1653
11241  2212
11241  2741
11241  2952
11241  3372
11241  4511
11241  4513
11241  6179
11241  6830
11241  7956
11241  8879
11241  25758
11241  3595
11241  11472
11241  12365
11241  12496
11241  12781
11241  12851
11241  14540
11241  14807
11241  15659
11241  17655
11241  17692
11241  18174
11241  19961
11241  20108
11241  20562
11241  20635
11241  21281
11241  21508
11241  21847
11241  22887
11241  24955
11241  25346
12860  21707
21432  23452
21432  1234
21432  25053
21432  4466
21432  8505
21432  20148
21432  22834
21432  22899
22834  23452
22834  25053
22834  3293
23452  6774
23452  8049
23452  15538
23452  21012
23452  22457
23452  773
23452  14807
23452  5134
23452  3372
23452  231
23452  345
23452  1234
23452  12503
23452  23628
23452  25053
25053  21012
25053  1234
25053  5134
25053  3293
14627  17991
4575  18940
4575  1694
4575  25948
4575  4635
4575  4782
4575  12016
4575  15582
4575  16953
4575  17472
4575  18250
4575  19356
4575  19707
4575  21930
4575  24835
5287  20000
5287  20787
5287  25050
5287  81
5287  1029
5287  3819
5287  17273
3730  17414
9713  17414
11868  22457
17414  5166
17414  12639
17603  21798
22376  24295
23382  11082
23382  4846
23382  824
23382  2133
23382  12928
23382  14419
23382  22779
23382  7899
23382  8067
23382  8208
23382  11402
23382  13364
23382  14969
23382  25379
2949  25758
2949  12637
2949  13615
4846  11082
4846  824
4846  2133
4846  5672
4846  10549
4846  12928
4846  14419
4846  22779
4846  24029
824  11082
824  2133
824  12928
824  14419
824  22779
2133  11082
2133  12928
2133  14419
2133  22779
2133  24029
45  21012
45  15003
45  25758
45  570
45  773
45  21847
45  6179
45  2741
45  14807
45  24955
45  1653
45  2212
45  2952
45  3372
45  4180
45  4511
45  4513
45  6830
45  7956
45  8879
45  11472
45  12365
45  12496
45  12679
45  12781
45  12851
45  14540
45  15659
45  17655
45  17692
45  19961
45  20108
45  20562
45  20635
45  21281
45  21508
45  22887
45  25346
46  21012
46  15003
46  25758
46  570
46  773
46  21847
46  6179
46  2741
46  14807
46  24955
46  4511
46  21281
46  20635
46  3372
46  7956
46  12365
46  17655
46  25346
46  1653
46  21508
46  14540
46  12781
46  2212
46  2952
46  6830
46  8879
46  11472
46  12496
46  12851
46  15659
46  17692
46  19961
46  20108
46  20562
46  22887
570  21012
570  15003
570  25758
570  773
570  1653
570  2212
570  2741
570  2952
570  3372
570  4180
570  4511
570  4513
570  6179
570  6830
570  7956
570  8879
570  11472
570  12365
570  12496
570  12679
570  12781
570  12851
570  14540
570  14807
570  15659
570  17655
570  17692
570  19961
570  20108
570  20562
570  20635
570  21281
570  21508
570  21847
570  22887
570  24955
570  25346
773  21012
773  15003
773  25758
773  1653
773  1997
773  2212
773  2741
773  2952
773  3372
773  4511
773  4513
773  5134
773  6179
773  6830
773  7956
773  8879
773  9341
773  11472
773  12365
773  12496
773  12781
773  12851
773  13060
773  14540
773  14807
773  15659
773  17655
773  17692
773  19961
773  20108
773  20562
773  20635
773  21281
773  21508
773  21847
773  22887
773  23628
773  24955
773  25346
1653  21012
1653  15003
1653  25758
1653  21847
1653  6179
1653  2741
1653  14807
1653  24955
1653  4511
1653  21281
1653  20635
1653  3372
1653  7956
1653  12365
1653  17655
1653  25346
1653  2212
1653  2952
1653  4513
1653  5639
1653  6830
1653  8879
1653  11472
1653  11612
1653  12496
1653  12781
1653  12851
1653  14540
1653  15659
1653  17692
1653  17875
1653  19961
1653  20108
1653  20562
1653  21508
1653  22887
1653  23095
1653  24023
1653  24944
1653  25684
2212  21012
2212  15003
2212  25758
2212  21847
2212  6179
2212  2741
2212  14807
2212  24955
2212  4511
2212  21281
2212  20635
2212  3372
2212  7956
2212  12365
2212  17655
2212  25346
2212  21508
2212  14540
2212  12781
2212  2952
2212  4513
2212  6830
2212  8879
2212  10041
2212  11472
2212  12496
2212  12851
2212  13995
2212  15659
2212  17692
2212  19961
2212  20108
2212  20562
2212  22887
2741  6774
2741  21012
2741  15003
2741  25758
2741  13597
2741  3409
2741  9889
2741  21847
2741  6179
2741  1997
2741  231
2741  2952
2741  3372
2741  4511
2741  4513
2741  4632
2741  6830
2741  7956
2741  8879
2741  11472
2741  12365
2741  12496
2741  12781
2741  12851
2741  13060
2741  14512
2741  14540
2741  14807
2741  15659
2741  16594
2741  17655
2741  17692
2741  19961
2741  20108
2741  20562
2741  20635
2741  20774
2741  21281
2741  21508
2741  22887
2741  22937
2741  23363
2741  24955
2741  25346
2952  21012
2952  15003
2952  25758
2952  21847
2952  6179
2952  14807
2952  24955
2952  4511
2952  21281
2952  20635
2952  3372
2952  7956
2952  12365
2952  17655
2952  25346
2952  21508
2952  14540
2952  12781
2952  19961
2952  4513
2952  6830
2952  8879
2952  11472
2952  12496
2952  12851
2952  15659
2952  17692
2952  20108
2952  20562
2952  22887
3372  21012
3372  15003
3372  25758
3372  21847
3372  6179
3372  13060
3372  14807
3372  24955
3372  4511
3372  21281
3372  20635
3372  345
3372  4513
3372  6830
3372  7956
3372  8879
3372  11472
3372  12365
3372  12496
3372  12781
3372  12851
3372  14540
3372  15659
3372  17655
3372  17692
3372  19961
3372  20108
3372  20562
3372  21508
3372  22887
3372  23628
3372  25346
4511  21012
4511  15003
4511  25758
4511  21847
4511  6179
4511  14807
4511  24955
4511  3595
4511  6830
4511  7956
4511  8879
4511  11472
4511  12365
4511  12496
4511  12781
4511  12851
4511  14540
4511  15659
4511  17655
4511  17692
4511  18174
4511  19961
4511  20108
4511  20562
4511  20635
4511  21281
4511  21508
4511  22887
4511  25346
4513  21012
4513  15003
4513  25758
4513  21847
4513  6179
4513  14807
4513  24955
4513  21281
4513  20635
4513  7956
4513  12365
4513  17655
4513  25346
4513  21508
4513  14540
4513  12781
4513  19961
4513  6830
4513  8879
4513  11472
4513  12496
4513  12851
4513  15659
4513  17692
4513  20108
4513  20562
4513  22887
6179  21012
6179  15003
6179  25758
6179  21847
6179  4382
6179  6830
6179  7956
6179  8879
6179  11472
6179  12365
6179  12496
6179  12781
6179  12851
6179  14540
6179  14807
6179  15659
6179  17655
6179  17692
6179  19961
6179  20108
6179  20562
6179  20635
6179  21281
6179  21508
6179  22887
6179  24955
6179  25346
6830  21012
6830  15003
6830  25758
6830  21847
6830  14807
6830  24955
6830  21281
6830  20635
6830  7956
6830  12365
6830  17655
6830  25346
6830  21508
6830  14540
6830  12781
6830  19961
6830  8879
6830  11472
6830  12496
6830  12851
6830  15659
6830  17692
6830  20108
6830  20562
6830  22887
7956  21012
7956  15003
7956  25758
7956  3409
7956  21847
7956  14807
7956  24955
7956  21281
7956  9800
7956  20635
7956  6963
7956  14512
7956  4632
7956  8879
7956  10041
7956  11472
7956  12365
7956  12496
7956  12781
7956  12851
7956  13995
7956  14540
7956  15659
7956  16594
7956  17655
7956  17692
7956  19961
7956  20108
7956  20562
7956  20774
7956  21508
7956  22887
7956  25346
7956  26141
8879  21012
8879  15003
8879  25758
8879  21847
8879  14807
8879  24955
8879  21281
8879  20635
8879  12365
8879  17655
8879  25346
8879  21508
8879  14540
8879  12781
8879  19961
8879  11472
8879  12496
8879  12851
8879  15659
8879  17692
8879  20108
8879  20562
8879  22887
11082  12928
11082  14419
11082  22779
11472  21012
11472  15003
11472  25758
11472  21847
11472  14807
11472  24955
11472  21281
11472  20635
11472  12365
11472  17655
11472  25346
11472  21508
11472  14540
11472  12781
11472  19961
11472  12496
11472  12851
11472  15659
11472  17692
11472  20108
11472  20562
11472  22887
12365  21012
12365  11175
12365  15003
12365  25758
12365  3409
12365  26190
12365  21847
12365  14807
12365  24955
12365  3890
12365  21281
12365  20635
12365  7844
12365  14512
12365  345
12365  2055
12365  4632
12365  5769
12365  11053
12365  11148
12365  12085
12365  12496
12365  12781
12365  12851
12365  13411
12365  14540
12365  15659
12365  16594
12365  16722
12365  16876
12365  17655
12365  17692
12365  19954
12365  19961
12365  20108
12365  20562
12365  20774
12365  21508
12365  21800
12365  22887
12365  23403
12365  25346
12496  21012
12496  15003
12496  25758
12496  21847
12496  14807
12496  24955
12496  21281
12496  20635
12496  17655
12496  25346
12496  21508
12496  14540
12496  12781
12496  1694
12496  19961
12496  12851
12496  15659
12496  17692
12496  20108
12496  20562
12496  22887
12781  21012
12781  15003
12781  25758
12781  21847
12781  14807
12781  24955
12781  21281
12781  20635
12781  6963
12781  14512
12781  17655
12781  25346
12781  16594
12781  21508
12781  14540
12781  3280
12781  4632
12781  7384
12781  10041
12781  12851
12781  13995
12781  15659
12781  17692
12781  19961
12781  20108
12781  20562
12781  20774
12781  22887
12781  23403
12851  21012
12851  15003
12851  25758
12851  21847
12851  14807
12851  24955
12851  21281
12851  20635
12851  17655
12851  25346
12851  21508
12851  14540
12851  19961
12851  15659
12851  17692
12851  20108
12851  20562
12851  22887
12928  14419
12928  22779
14419  12422
14419  21281
14419  22779
14540  21012
14540  15003
14540  25758
14540  21847
14540  14807
14540  24955
14540  21281
14540  20635
14540  9283
14540  17655
14540  25346
14540  21508
14540  15659
14540  17692
14540  19961
14540  20108
14540  20562
14540  22887
14807  6774
14807  21012
14807  15003
14807  25758
14807  9889
14807  21847
14807  1997
14807  13060
14807  231
14807  869
14807  5134
14807  14709
14807  15659
14807  17655
14807  17692
14807  19961
14807  20108
14807  20562
14807  20635
14807  21281
14807  21508
14807  22421
14807  22887
14807  23628
14807  24955
14807  25346
15003  21012
15003  11175
15003  25758
15003  21847
15003  24955
15003  21281
15003  2055
15003  2560
15003  4146
15003  4632
15003  10926
15003  12553
15003  13164
15003  14512
15003  15659
15003  16594
15003  17655
15003  17692
15003  18668
15003  19961
15003  20108
15003  20562
15003  20635
15003  20774
15003  21508
15003  22887
15003  23481
15003  25346
15659  21012
15659  25758
15659  21847
15659  24955
15659  21281
15659  20635
15659  17655
15659  25346
15659  21508
15659  19961
15659  17692
15659  20108
15659  20562
15659  22887
16159  23134
17655  6774
17655  21012
17655  22457
17655  25758
17655  9889
17655  21847
17655  24955
17655  21281
17655  20635
17655  231
17655  5578
17655  10383
17655  12085
17655  13319
17655  16115
17655  17692
17655  19961
17655  20108
17655  20562
17655  21508
17655  21583
17655  21800
17655  22269
17655  22887
17655  22937
17655  25251
17655  25346
17692  21012
17692  25758
17692  21847
17692  24955
17692  21281
17692  20635
17692  25346
17692  21508
17692  19961
17692  20108
17692  20562
17692  22887
19961  21012
19961  25758
19961  21847
19961  24955
19961  21281
19961  20635
19961  25346
19961  21508
19961  20108
19961  20562
19961  22887
20108  21012
20108  25758
20108  21847
20108  24955
20108  21281
20108  20635
20108  25346
20108  21508
20108  20562
20108  22887
20562  21012
20562  25758
20562  21847
20562  24955
20562  21281
20562  20635
20562  25346
20562  21508
20562  22887
20635  21012
20635  25758
20635  21847
20635  24955
20635  21281
20635  3595
20635  18174
20635  21508
20635  22887
20635  25346
21012  6774
21012  8049
21012  15538
21012  231
21012  345
21012  1234
21012  1841
21012  1997
21012  2450
21012  3409
21012  5134
21012  5578
21012  9341
21012  9889
21012  12503
21012  13060
21012  13597
21012  16611
21012  18543
21012  21281
21012  21508
21012  21847
21012  22421
21012  22457
21012  22887
21012  22937
21012  23363
21012  23628
21012  24955
21012  25251
21012  25346
21012  25758
21281  25758
21281  21847
21281  24955
21281  1265
21281  1839
21281  3063
21281  3502
21281  4446
21281  5639
21281  6009
21281  6896
21281  9736
21281  9980
21281  12422
21281  13470
21281  15126
21281  16881
21281  17828
21281  17875
21281  18210
21281  19140
21281  19316
21281  20644
21281  21508
21281  22887
21281  23095
21281  23864
21281  24023
21281  25346
21281  25684
21281  25910
21281  25917
21508  11175
21508  25758
21508  21847
21508  24955
21508  14512
21508  25346
21508  13164
21508  2560
21508  4146
21508  10926
21508  12553
21508  16594
21508  18668
21508  4632
21508  6944
21508  11053
21508  12660
21508  13411
21508  14372
21508  20774
21508  22887
21508  23403
21508  26178
21847  25758
21847  9341
21847  1997
21847  13060
21847  22887
21847  24955
21847  25346
22887  25758
22887  24955
22887  25346
22887  20716
22887  10041
24955  25758
24955  1997
24955  13060
24955  231
24955  25346
25346  25758
25346  3409
25346  9800
25346  14512
25346  4632
25346  10041
25346  13995
25346  16594
25346  20716
25346  20774
25346  26141
25758  4180
25758  12637
10550  23907
10550  22497
22497  23907
23907  21495
23107  16694
23107  6963
23107  8374
23107  17465
14512  4632
14512  16594
14512  20774
13164  16594
13164  9283
13164  2560
13164  4146
13164  10926
13164  12553
13164  18668
2560  16594
2560  4146
2560  10926
2560  12553
2560  18668
4146  16594
4146  10926
4146  12553
4146  13837
4146  17250
4146  18668
4632  16594
4632  20774
10926  16594
10926  12553
10926  18668
12553  16594
12553  18668
13837  17250
16594  18668
16594  20774
20774  11053
20774  13411
20774  23403
13597  12085
13597  3409
13597  5809
13597  11148
13597  12587
13597  22937
1694  25402
1694  6288
7844  4960
7844  11148
7844  16347
7844  16722
7844  16726
7844  16876
7844  23403
11148  3409
11148  16876
11148  16722
12085  3890
12085  3409
16722  16876
25948  24860
21798  4416
21798  14709
21798  1859
21798  15192
6774  15538
6774  9889
6774  22457
6774  231
6774  365
6774  5434
6774  5578
6774  8049
6774  10383
6774  13319
6774  14552
6774  15585
6774  16115
6774  21583
6774  22937
8049  15538
8049  22457
15538  2558
15538  231
15538  2982
15538  18910
15538  22457
16694  6963
16694  11572
16694  21630
22457  231
22457  2307
22457  5434
22457  5578
22457  7991
22457  10549
22457  15384
22457  16946
22457  22937
9889  365
9889  2155
9889  4416
9889  9511
9889  12311
9889  14552
9889  15585
9889  16906
231  16994
231  18543
231  345
231  24841
231  1841
231  2450
231  2982
231  5578
231  8589
231  12503
231  16611
231  22937
231  23363
231  24001
231  25228
365  14552
365  15585
5434  16115
5578  22937
10383  16115
10383  13319
13319  16115
14552  15585
16115  21583
21583  9732
22937  1841
22937  3409
22937  12503
22937  16611
22937  18543
22937  23363
6963  2870
6963  9732
6963  11572
6963  16696
6963  21630
24023  5639
345  12503
345  19954
1234  20827
1234  5134
1841  12503
1841  16611
1997  13060
3409  9800
3409  26141
12503  16611
18543  16270
18543  12406
18543  17956
18543  20375
22421  869
22421  14709
23363  9800
23363  12701
23363  18879
13364  3164
13364  403
13364  21995
13364  22966
5230  12406
20122  2155
20122  25172
1545  8547
1545  10919
1545  11275
1545  15600
1545  15608
1545  16644
1545  25996
12406  16270
12406  3878
12406  10062
12406  16102
12406  16584
12406  17956
12406  20375
12406  22463
2155  13142
2155  4416
2155  16817
2155  9511
2155  13346
2155  25172
2155  113
25172  7045
25172  13346
25172  113
25172  20947
7801  11275
7801  25988
7801  3631
11275  5464
11275  2922
11275  2848
11275  4896
11275  10552
11275  15608
11275  21754
11275  25988
20683  22758
20683  7125
20683  25419
22758  25419
22758  7125
11175  23481
11604  17932
17932  21776
17932  26190
19107  22439
19107  22611
23145  3890
26190  5769
21776  16994
1356  573
1356  6825
1356  16676
1727  9800
1727  10896
1727  20716
1727  20915
1727  22848
4125  2239
4125  22894
6667  10351
573  13142
573  19657
573  4966
9800  12701
9800  18879
9800  26141
20716  9397
20716  3877
20716  4354
20716  5412
20716  6544
20716  7357
20716  7719
20716  10477
20716  11445
20716  12788
20716  18185
20716  19246
20716  19463
20716  20780
20716  21861
20716  22284
20716  22741
20716  23514
2239  22894
10912  11638
10912  22836
14534  25896
14534  11924
14534  3827
14534  8595
14534  14559
14534  14691
14534  21705
14534  25437
22836  11638
25896  23134
25896  19927
25896  3827
8595  14691
5541  14661
5541  17794
5807  4550
5807  25006
5807  8222
5807  14009
5807  17794
5807  21495
14661  17794
14661  1058
14661  1667
14661  3685
14661  19562
14661  23723
14661  24477
2761  19433
18140  16649
18140  19469
12545  25006
12545  4466
12545  5938
12545  16084
12545  18724
12545  18739
12545  19581
12545  20954
12545  23991
18724  23991
18739  4466
4550  13740
4550  13096
4550  22476
4550  26
4550  1407
4550  3679
4550  3999
4550  4552
4550  8211
4550  12373
4550  13142
4550  16967
4550  17308
4550  20059
4550  25006
25006  13740
25006  7264
25006  13096
25006  14128
25006  22476
25006  13142
25006  15559
25006  2805
25006  4416
25006  8063
25006  8972
25006  9419
25006  9511
25006  12373
8222  4242
8222  21495
21495  4242
1667  1058
1667  23723
1667  4484
1667  19562
1667  24477
13096  13740
13096  7264
13096  26
13096  1407
13096  8219
13096  12665
13096  12688
13096  13142
13096  14128
13096  20827
13096  22476
13520  20207
13520  5851
13520  11591
13520  16921
13520  22826
13520  6911
13520  6530
13520  6707
13520  17599
19433  23723
17738  2443
17738  6918
17738  14369
7264  13740
7264  6421
7264  8224
7264  8305
7264  15917
7264  22771
6421  8224
6421  6971
6971  12587
9735  13142
9735  23134
9735  26138
20517  20148
13411  11053
13411  23403
19954  22372
22269  21814
3890  12306
16994  3197
16994  6160
16994  8589
16994  9417
16994  15972
16994  18940
16994  19090
16994  19475
16994  20207
16994  22790
16994  24001
16994  25228
1339  3164
1339  15580
1339  16393
3164  8824
3164  21995
15580  16393
8067  14969
8208  25379
11402  14969
5639  6009
5639  6896
5639  9736
11612  24944
17875  23095
10041  13995
11053  23403
23403  20391
23403  3280
869  14709
23134  13142
23134  19657
23134  15311
23134  3006
23134  4283
23134  7935
23134  19493
23134  23149
1265  25910
1265  1839
1265  3502
1265  9980
1265  15126
1265  16881
1265  17828
1265  23864
1839  25910
1839  3502
1839  15126
1839  16881
1839  17828
1839  23864
3063  25917
3063  18210
3502  25910
3502  23864
3502  15126
3502  16881
3502  17828
4446  25910
4446  19316
6009  6896
6009  9736
6896  9736
13470  19140
15126  25910
15126  23864
15126  16881
15126  17828
16881  25910
16881  23864
16881  17828
17828  25910
17828  23864
18210  25917
19140  1825
19140  6226
19140  14317
19140  20775
19140  26193
19316  25910
23864  25910
6944  12660
6944  26178
6944  14372
12660  14372
12660  26178
14372  26178
25996  8547
25996  7069
1832  9397
1832  14385
9397  7357
9397  10477
9397  3877
9397  4354
9397  5412
9397  6544
9397  7719
9397  11445
9397  12788
9397  14385
9397  18185
9397  19246
9397  19463
9397  20780
9397  21861
9397  22284
9397  22741
9397  23514
14344  4416
14344  24163
22476  13740
4068  8768
4068  9993
4068  23806
8768  21754
8768  3630
8768  20148
8768  22975
8768  24270
8768  8150
8768  9937
8768  12149
8768  13864
8768  15669
8768  22696
9937  21754
9937  24270
9937  12149
9993  23051
23051  2443
23051  14369
23051  8184
16708  16967
16708  19703
21754  10490
21754  1519
21754  24270
24270  1519
13740  4702
13740  14128
13740  19527
13740  19784
4702  19784
14128  2805
19527  22082
26  13142
26  1407
1407  13142
1407  16967
8211  20059
13142  8219
13142  19657
13142  3630
13142  4283
13142  4416
13142  4966
13142  7307
13142  7715
13142  8920
13142  16817
13142  19493
13142  23256
13142  24001
16967  19703
16967  23163
20059  7386
20827  15455
20827  4896
20827  12287
15559  70
15559  4727
15559  3980
15559  16962
4416  1859
4416  3630
4416  4298
4416  9511
4416  15192
4416  16817
4416  17274
4416  18941
4416  20902
9511  20902
20148  22899
20148  8630
4896  7324
4896  12587
4896  9095
4896  12043
4896  18742
4896  22890
4896  26044
9194  8352
12247  24280
23741  14932
894  22734
19657  17559
19657  1430
19657  4966
19657  19493
19657  22278
3630  7715
3630  8150
3630  16817
7307  9017
7307  15455
7307  3765
7307  18940
7307  2789
7307  124
7307  1090
7307  3418
7307  11047
7307  12324
7307  13831
7307  14181
7307  14319
7307  15663
7307  16937
7307  18052
7307  18788
7307  20258
7307  21944
7307  23256
7307  25597
16817  8730
16817  13177
16817  24885
19493  23149
23256  1090
23256  14319
24001  8589
24001  25228
25056  4868
15455  8978
15455  9017
15455  15170
15455  3056
15455  8365
15455  12045
15455  12287
15455  13831
15455  14181
15455  16589
15455  20257
15455  23665
17911  22790
17911  1321
17911  4102
17911  26176
17911  10376
17911  23681
17911  26127
17911  750
17911  19641
26127  4102
26127  23681
22046  18875
22046  4870
22046  8282
22046  4868
22046  8352
22046  15365
22046  16931
4195  12587
4195  8737
4195  13862
7069  16485
9098  12587
12587  232
12587  1075
12587  8737
12587  13481
12587  13862
12587  16742
15365  16931
15365  2532
16931  5411
16931  10390
16931  11186
21723  25050
21723  17681
21723  11113
20207  1280
20207  5851
20207  11591
20207  16921
20207  21646
16921  1280
16921  5851
16921  11591
16921  6530
16921  6707
16921  6911
16921  21646
11591  21646
11591  19781
11591  19927
8978  9017
8978  15170
8978  16589
9017  2255
9017  3056
9017  6158
9017  7324
9017  8365
9017  9023
9017  11444
9017  12324
9017  13831
9017  14746
9017  15170
9017  16128
9017  16589
9017  18875
9017  19900
9017  20000
9017  20806
9017  21944
9017  23302
9017  23665
9017  23758
9017  24722
15170  16589
16589  21613
2255  24219
2255  7324
2255  16801
6158  23665
6158  24722
8365  8376
8365  8888
8365  13067
8365  13831
8365  14746
8365  16128
8365  18875
8365  23302
8365  23665
11444  21613
11444  20000
12324  8876
12324  13831
12324  21944
13831  18940
13831  2789
13831  1090
13831  16128
13831  18052
13831  18788
13831  21944
13831  25597
14746  18940
14746  10406
14746  4080
14746  2182
14746  3990
14746  8732
14746  8888
14746  10022
14746  13067
14746  13346
14746  14932
14746  15166
14746  16128
14746  16659
14746  19093
14746  19324
14746  20000
14746  22377
14746  23302
18875  8376
18875  13067
18875  20806
18875  23758
19900  7045
19900  8367
20000  81
23665  13493
23665  13496
23665  18788
23665  18791
23665  23394
23665  24722
14181  2165
14181  10211
14181  124
14181  14176
14181  20257
20257  14176
21613  15617
24219  24835
3765  14500
3765  3418
3765  12866
3765  20196
18940  1090
18940  3990
18940  4635
18940  4759
18940  15166
18940  20191
18940  22790
18940  24860
2789  7281
2789  25597
1090  14319
1090  18052
3418  20196
3418  12866
11047  9151
11047  25856
16937  20258
8376  13067
8888  13067
13067  10022
8876  10990
10406  2182
10406  3553
10406  7578
10406  15571
10406  19723
4080  14747
4080  19324
2182  7578
2182  3553
2182  15571
3990  15166
8732  16659
8732  22377
10022  17878
13346  113
13346  4103
13346  9128
13346  12312
13346  17994
13346  20947
13346  26021
14932  23681
14932  9769
14932  22489
16659  22377
19324  14747
7045  16415
7045  14710
7045  7046
7045  15682
7045  17157
7045  20947
7045  23093
19781  4781
19781  6081
19781  6919
19781  19358
19781  19927
19781  23616
13493  23394
13496  23394
18791  23394
23394  23653
2165  22462
2165  13384
2165  6033
2165  16278
2165  21708
2165  24705
10211  8215
10211  26088
7125  25419
7125  5227
7125  7015
7125  9647
15311  3006
3197  22790
6160  19475
8589  19090
8589  24582
8589  25228
22790  10062
22790  23681
22790  23727
5166  14308
12701  18879
24841  4656
24841  18196
24841  23303
24841  4265
24841  5267
24841  5271
24841  7597
12311  4102
16906  2340
16906  2443
1058  3685
1058  19562
1058  23723
1058  24477
19562  23723
19562  24477
24477  23723
16270  10062
16270  16102
16270  17956
16270  20375
16270  22463
17956  20375
17956  16584
1508  8279
6815  921
8279  21158
20391  2870
20391  24753
20391  9207
15685  23805
17135  25562
22975  25562
22975  15669
23805  25562
23805  24592
24753  2870
24753  2536
24753  9207
24753  16041
24753  25383
6288  25402
4960  16347
16347  12049
16347  17382
4782  24835
4782  15582
4782  19707
4782  17472
4782  21930
15582  24835
15582  17472
15582  19707
15582  21930
17472  24835
17472  19707
17472  21930
19707  24835
19707  21930
21930  24835
2870  2536
2870  9207
2870  9732
2870  16041
2870  25870
4870  8282
4868  2852
4868  25721
4868  25827
2852  25721
5411  10390
5411  11186
10390  11186
5464  7774
5464  13653
5464  18008
5464  22599
7774  18008
7774  22599
18008  18625
3877  7357
3877  10477
3877  4354
3877  5412
3877  6544
3877  7719
3877  11445
3877  12788
3877  18185
3877  19246
3877  19463
3877  20780
3877  21861
3877  22284
3877  22741
3877  23514
4354  7357
4354  10477
4354  5412
4354  6544
4354  7719
4354  11445
4354  12788
4354  18185
4354  19246
4354  19463
4354  20780
4354  21861
4354  22284
4354  22741
4354  23514
5412  7357
5412  10477
5412  6544
5412  7719
5412  11445
5412  12788
5412  18185
5412  19246
5412  19463
5412  20780
5412  21861
5412  22284
5412  22741
5412  23514
6544  7357
6544  10477
6544  7719
6544  11445
6544  12788
6544  18185
6544  19246
6544  19463
6544  20780
6544  21861
6544  22284
6544  22741
6544  23514
7357  7719
7357  10477
7357  11445
7357  12788
7357  18185
7357  19246
7357  19463
7357  20780
7357  21861
7357  22284
7357  22741
7357  23514
7719  10477
7719  11445
7719  12788
7719  18185
7719  19246
7719  19463
7719  20780
7719  21861
7719  22284
7719  22741
7719  23514
10477  11445
10477  12788
10477  18185
10477  19246
10477  19463
10477  20780
10477  21861
10477  22284
10477  22741
10477  23514
11445  12788
11445  18185
11445  19246
11445  19463
11445  20780
11445  21861
11445  22284
11445  22741
11445  23514
12788  18185
12788  19246
12788  19463
12788  20780
12788  21861
12788  22284
12788  22741
12788  23514
18185  19246
18185  19463
18185  20780
18185  21861
18185  22284
18185  22741
18185  23514
19246  19463
19246  20780
19246  21861
19246  22284
19246  22741
19246  23514
19463  20780
19463  21861
19463  22284
19463  22741
19463  23514
20780  21861
20780  22284
20780  22741
20780  23514
21861  22284
21861  22741
21861  23514
22284  22741
22284  23514
22741  23514
4298  17274
4298  18941
20902  11979
17681  6442
17681  25449
17681  20587
6442  25449
6442  19102
6442  20587
20587  10024
6642  18209
6642  17277
17277  18209
26088  10931
26088  2563
26088  8437
26088  12071
3323  17559
3323  21653
10931  11607
10931  19351
11607  19351
4759  24860
20191  16953
24860  26005
21646  17559
21646  15479
10062  3878
10062  16102
10062  16584
10062  22463
23681  15325
3430  14606
17089  19454
5227  9647
7015  9647
13384  6033
13384  6533
13384  8155
13384  24204
13384  24705
13384  25911
7090  11792
7090  16831
11792  16831
17559  8680
17559  13813
17559  19206
22826  17599
22826  19442
6530  6707
8680  13813
8680  20344
13813  19206
13813  409
13813  2474
13813  6746
409  6746
2474  18344
2001  7935
15608  7725
3681  13328
13328  5739
13328  22028
13328  7126
4102  10376
4102  15325
4102  26176
26176  10376
3006  7578
10376  15325
9769  22489
25050  14308
25050  20787
25050  17273
25050  11113
12016  18271
12016  6904
18271  6904
18271  18152
18271  19978
8374  17465
8730  24885
13177  24885
19723  10918
19723  20253
24885  2806
24885  9209
14308  20787
10918  20253
2806  9209
20787  17273
17273  1029
5739  22028
22028  13970
12049  17382
113  3383
16415  7046
16415  14710
16415  15682
16415  17157
16415  23093
14710  7046
14710  15682
14710  17157
14710  23093
7046  15682
7046  17157
7046  23093
15682  17157
15682  23093
17157  23093
22462  16278
22462  24705
16278  24705
24705  8155
6533  8155
6533  24204
8155  24204
12043  22890
22890  13832
18782  6807
18782  23883
15974  23883
23883  6807
2443  2340
2443  6918
2443  8184
2443  14369
2443  17583
14369  6918
14369  8184
14369  17583
2536  16041
70  4727
4727  123
4727  23240
3980  16962
6081  19358
750  19641
8437  12071
3878  16584
16102  22463
20772  26193
26193  1825
6226  14317
4103  12312
17994  26021
21550  24220
21550  25553
21550  25554
24220  25553
24220  25554
25553  25554
1279  14550
4656  18196
4656  23303
18196  23303
4265  5271
4265  5267
5267  5271
5271  7597
