937  8579
937  14924
937  4135
937  3466
937  18233
8579  16258
8579  4135
8579  3466
8579  19607
14924  8589
14924  18940
14924  15920
14924  15959
14924  19090
14924  22790
14924  24001
14924  24582
14924  15931
14924  13142
14924  231
14924  3197
14924  6160
14924  6641
14924  19475
14924  25228
14924  16994
14924  2789
14924  18408
14924  18233
14924  7277
14924  24583
4135  1860
4135  24559
4135  16498
11444  9017
11444  21613
11444  20000
9017  8978
9017  3056
9017  6158
9017  7324
9017  8365
9017  15455
9017  16128
9017  17075
9017  18875
9017  19900
9017  20806
9017  21944
9017  21968
9017  23758
9017  24722
9017  20000
9017  2255
9017  7307
9017  13831
9017  14746
9017  16589
9017  23665
9017  23302
9017  12324
9017  12472
9017  15170
9017  9023
21613  16589
21613  15617
16258  1727
16258  2752
16258  10351
16258  14123
16258  16676
16258  21194
16258  1356
16258  6667
16258  11082
16258  4125
16258  10039
16258  6825
3466  5233
3466  15931
3466  18720
3466  10310
3466  17038
3466  19607
18233  15931
8589  24582
8589  16994
8589  231
8589  25228
8589  19090
8589  24001
18940  22790
18940  16994
18940  22644
18940  4635
18940  4759
18940  20191
18940  24860
18940  14746
18940  15166
18940  13831
18940  1090
18940  4575
18940  3990
18940  7307
15920  15959
15959  18540
15959  283
15959  24444
15959  15931
15959  18297
15959  6154
15959  24009
19090  16994
22790  3197
22790  23727
22790  16994
22790  10062
22790  17911
22790  23681
24001  231
24001  25228
24001  13142
24001  16994
20000  5287
20000  14746
20000  81
8978  15170
8978  16589
8978  15455
3056  17075
3056  15455
6158  23665
6158  24722
6158  17075
7324  2255
7324  4896
7324  17075
8365  16128
8365  15455
8365  8376
8365  14746
8365  17075
8365  23302
8365  23665
8365  18875
8365  8888
8365  13831
8365  13067
15455  17075
15455  21968
15455  20827
15455  15170
15455  16589
15455  20257
15455  13831
15455  7307
15455  12045
15455  12472
15455  14181
15455  12287
15455  23665
16128  13831
16128  14746
17075  24722
17075  2255
17075  13831
17075  4213
17075  20827
17075  5287
17075  23665
17075  11892
17075  12287
17075  20645
17075  7045
17075  19900
18875  22046
18875  8376
18875  13067
18875  20806
18875  23758
18875  12472
19900  7045
19900  8367
21944  7307
21944  13831
21944  12324
21968  12472
21968  15198
21968  18788
21968  19781
21968  7307
21968  13831
21968  24578
21968  17038
21968  18067
21968  18297
21968  16770
24722  23665
13831  7307
13831  1090
13831  18052
13831  18788
13831  12472
13831  12324
13831  2789
13831  25597
1727  4241
1727  9800
1727  10896
1727  20716
1727  22848
1727  20915
2752  19297
2752  19340
2752  14123
10351  14123
10351  6667
14123  10039
14123  6667
14123  10912
14123  14534
14123  17268
14123  19783
14123  22836
14123  4125
14123  20595
14123  21705
16676  1356
3197  16994
5233  10310
15931  19865
15931  23344
15931  24444
15931  18720
15931  19607
15931  24009
18720  19607
16994  20207
16994  21776
16994  22644
16994  25228
16994  6160
16994  19475
16994  231
16994  2654
16994  9829
16994  15972
16994  17228
16994  9417
231  25228
231  6774
231  15538
231  22457
231  22691
231  17655
231  8503
231  18543
231  1841
231  12503
231  21012
231  23452
231  9482
231  20850
231  14807
231  24955
231  24841
231  2982
231  5578
231  16611
231  2741
231  345
231  2450
231  23363
231  22937
231  2980
23665  13496
23665  18788
23665  18791
23665  23394
23665  10600
23665  13493
15170  16589
2255  24219
2255  16801
4896  1488
4896  20827
4896  11275
4896  9095
4896  12043
4896  18742
4896  22890
4896  26044
4896  12587
8376  13067
14746  13067
14746  10406
14746  11861
14746  4080
14746  2182
14746  3990
14746  8888
14746  13346
14746  15166
14746  22377
14746  8732
14746  13801
14746  14932
14746  16659
14746  19324
14746  20567
14746  10022
14746  19093
14746  23302
4213  18094
4213  20645
7307  3765
7307  124
7307  3418
7307  12324
7307  15663
7307  18052
7307  18788
7307  20258
7307  23256
7307  12472
7307  13142
7307  20879
7307  2789
7307  7154
7307  1090
7307  16937
7307  25597
7307  14319
7307  11047
7307  14181
22046  4870
22046  8282
22046  3561
22046  10456
22046  15365
22046  16931
22046  7007
22046  4868
22046  8352
22046  5175
13067  8888
13067  10022
7045  16415
7045  14710
7045  7046
7045  15682
7045  17157
7045  20947
7045  23093
7045  25172
13142  13096
13142  25006
13142  19657
13142  2155
13142  3630
13142  4283
13142  4416
13142  5953
13142  7715
13142  8920
13142  14003
13142  23134
13142  23256
13142  1407
13142  8219
13142  15880
13142  9735
13142  16817
13142  19493
13142  6408
13142  573
13142  4550
13142  4966
6160  19475
12472  5465
12472  20663
12472  18141
12472  8876
19781  11591
19781  6919
19781  19358
19781  6081
19781  23616
19781  4781
19781  19927
18540  13056
18540  24371
18540  15608
18540  7725
18540  1588
18540  13328
18540  23805
18540  24592
18540  7615
18540  6154
18540  10791
18540  17082
18540  3681
283  24009
24444  24009
20827  15108
20827  1234
20827  12287
20827  13096
20827  23614
20257  14181
20257  14176
22644  24924
22644  4575
22644  8047
22644  20191
22644  9241
22644  1000
22644  16953
22644  22177
22644  14952
4635  4575
4759  24860
20191  16953
24860  25948
24860  26005
1090  23256
1090  18052
1090  14319
4575  7926
4575  1000
4575  25948
4575  15582
4575  16953
4575  17472
4575  18250
4575  19356
4575  19707
4575  24835
4575  1694
4575  4782
4575  12016
4575  19992
4575  1149
4575  21930
4870  5175
4870  8282
8282  5175
3561  15365
3561  16931
3561  7007
3561  22082
3561  9616
3561  4697
10456  17414
10456  12291
10456  676
10456  2797
10456  13320
10456  12639
15365  7007
15365  16931
15365  2532
16931  7007
16931  5411
16931  10390
16931  11186
16931  5503
5287  20421
5287  1029
5287  3819
5287  23836
5287  25050
5287  81
5287  17273
24559  24814
24559  5052
24559  16148
24559  1595
24559  4554
24559  5717
24559  8552
24559  9316
24559  13371
24559  14615
24559  17187
24559  21587
24559  24160
24559  25354
24559  16498
24559  2501
24559  17266
24559  17939
24559  23038
24559  2293
16498  19442
16498  22826
19865  4472
19865  12781
19865  23107
19865  21910
19865  4724
19865  6904
19865  7452
19865  12491
19865  18271
19865  19244
19865  23989
19865  23344
19865  11964
19865  3547
19865  1405
19865  18065
19865  16694
19865  12016
19865  8374
19865  2511
19865  13369
19865  13556
19865  6963
23344  13008
23344  16101
23344  10956
23344  20089
23344  1000
23344  25358
2789  25597
2789  7281
18408  7277
18408  15960
18408  15974
18408  18782
18408  19089
18408  23883
18408  17564
18408  17038
18408  6583
18297  24578
18297  6154
18297  15947
14181  124
14181  14176
14181  2165
14181  15300
14181  10211
14181  14430
14181  3501
20207  1958
20207  5851
20207  10555
20207  16921
20207  21646
20207  11591
20207  17228
20207  1280
20207  13520
21776  17932
21776  2654
21776  9710
21776  19159
13056  1588
13056  10310
13056  24696
13056  1787
13056  22100
13056  14982
13056  15814
13056  19791
13056  1373
24371  5052
24371  7442
24371  3032
24371  13847
24371  2620
24371  6219
24371  14003
24371  15244
24371  18160
24371  18227
24371  24453
24371  24568
24371  7768
24371  7615
24371  20168
24371  5712
24371  23967
24371  16148
24371  15235
15608  1545
15608  10791
15608  6154
15608  11275
7725  10791
7725  6154
7725  14430
1588  15814
1588  24696
1588  25006
1588  5901
1588  9066
1588  5695
1588  10652
1588  22147
1588  24592
1588  23805
1588  13801
1588  8063
1588  17984
1588  22979
1588  23967
13328  5739
13328  22028
13328  17082
13328  7126
23805  24592
23805  25698
23805  15685
23805  13929
23805  23529
23805  22366
23805  23552
23805  25562
23805  17984
23805  22147
10310  1854
10310  9572
10310  10841
10310  19640
10310  23855
10310  4583
10310  14982
10310  16310
10310  24372
13496  23394
24924  4241
24924  6700
24924  6941
24924  7206
24924  9241
24924  9426
24924  18983
24924  23458
24924  26170
24924  9482
24924  3651
24924  4576
24924  7485
24924  9389
24924  10246
24924  11026
24924  17953
24924  18946
24924  23986
8047  3345
18094  8870
3765  4798
3765  20196
3765  3418
3765  23066
3765  14500
3765  12866
3418  4798
3418  20196
3418  12866
12324  8876
20258  16937
23256  14319
5465  18141
5465  20663
20663  18141
4241  7125
4241  13813
4241  639
4241  7015
4241  9647
4241  10476
4241  15846
4241  16347
4241  10055
4241  12852
4241  21771
4241  21705
4241  5227
9800  25346
9800  7956
9800  178
9800  3409
9800  23363
9800  12701
9800  26141
20716  11785
20716  9397
20716  1000
20716  3877
20716  5412
20716  7357
20716  7719
20716  19246
20716  19463
20716  21861
20716  22284
20716  22741
20716  22887
20716  25346
20716  3651
20716  22601
20716  5901
20716  10477
20716  11445
20716  18185
20716  2115
20716  5953
20716  4354
20716  6544
20716  12788
22848  6878
19297  5052
19297  23939
19297  19233
19297  733
19297  6941
19297  9124
19297  639
19297  10055
19297  19340
19297  3171
19297  23458
19297  25102
19297  20597
19340  6963
19340  16347
19340  9732
19340  12049
19340  12763
19340  2870
19340  7584
19340  17382
19340  10039
24219  24835
6774  10243
6774  22691
6774  2980
6774  15538
6774  2741
6774  14807
6774  22457
6774  23452
6774  18579
6774  8517
6774  17655
6774  365
6774  5434
6774  5578
6774  8049
6774  15585
6774  21583
6774  22937
6774  21012
6774  9889
6774  10383
6774  14552
6774  19423
6774  11785
6774  16115
6774  13319
15538  10243
15538  8049
15538  2982
15538  18910
15538  19423
15538  22457
15538  23452
15538  22691
15538  21012
15538  9482
15538  21910
15538  2558
22457  22691
22457  17655
22457  21012
22457  2980
22457  6934
22457  5434
22457  5578
22457  6056
22457  8116
22457  17612
22457  23452
22457  10243
22457  8517
22457  19423
22457  11785
22457  8049
22457  2307
22457  3066
22457  16946
22457  10549
22457  16032
22457  11868
22457  676
22457  11609
22457  22937
22691  25271
22691  9785
22691  18719
22691  10243
22691  21012
22691  345
22691  773
22691  1653
22691  2212
22691  2741
22691  2952
22691  4164
22691  7956
22691  12365
22691  12496
22691  12503
22691  12781
22691  13032
22691  13364
22691  14807
22691  15659
22691  17655
22691  18894
22691  20562
22691  21432
22691  22887
22691  23293
22691  23452
22691  23628
22691  24955
22691  25053
22691  25758
22691  8049
22691  45
22691  570
22691  1997
22691  2980
22691  2982
22691  4036
22691  4513
22691  5134
22691  6179
22691  6830
22691  9341
22691  11241
22691  17692
22691  19215
22691  19961
22691  22834
22691  23511
22691  21508
22691  1234
22691  3372
22691  21847
22691  20108
22691  18866
22691  11472
22691  20635
22691  12938
22691  6610
22691  8879
22691  12851
22691  15003
22691  22966
22691  25528
22691  14540
17655  9785
17655  21012
17655  2741
17655  2952
17655  3372
17655  4164
17655  6830
17655  12365
17655  12496
17655  12851
17655  9889
17655  21847
17655  21281
17655  13801
17655  5578
17655  10383
17655  12085
17655  16115
17655  19387
17655  20108
17655  20562
17655  21508
17655  21583
17655  22144
17655  22269
17655  22887
17655  22937
17655  25251
17655  2212
17655  18894
17655  14807
17655  773
17655  2980
17655  25758
17655  19423
17655  15003
17655  676
17655  11785
17655  1653
17655  4511
17655  4513
17655  6179
17655  7956
17655  8879
17655  15659
17655  46
17655  24955
17655  25346
17655  6610
17655  570
17655  11241
17655  14540
17655  20635
17655  17692
17655  19961
17655  12781
8503  18719
8503  17268
8503  2741
8503  2980
8503  18867
8503  7350
8503  14807
8503  21012
8503  10055
8503  14558
18543  21012
18543  16270
18543  17956
18543  20375
18543  12406
18543  22937
18543  2980
1841  21012
1841  2980
1841  12503
1841  22937
1841  16611
12503  2980
12503  22937
12503  23452
12503  345
12503  21012
12503  16611
10062  12406
10062  16270
10062  3878
10062  22463
10062  16102
10062  16584
17911  13801
17911  1321
17911  4102
17911  23681
17911  26127
17911  750
17911  19641
17911  9184
17911  10376
17911  26176
17911  1229
23681  26127
23681  14932
23681  15325
23681  13801
24009  5505
24009  15961
24009  15911
24009  1880
1488  13096
1488  20148
1488  22620
1488  17797
1488  1667
1488  3076
1488  6675
1488  7444
1488  15108
1488  16264
1488  18741
1488  20315
1488  23741
1488  25439
1488  4258
1488  5771
1488  7386
1488  9194
1488  13801
1488  19895
1488  20574
1488  25107
1488  12247
1488  20059
1488  21629
1488  5608
1488  13989
11275  5464
11275  2922
11275  1545
11275  10552
11275  13556
11275  16123
11275  10791
11275  2848
11275  5246
11275  7801
11275  8666
11275  12884
11275  22366
11275  25988
12043  22890
10039  12763
10039  17739
10039  19605
10039  6810
10039  19609
10039  639
10039  11964
11591  1958
11591  16921
11591  21646
11591  19927
11591  10555
11591  13520
19358  6081
13096  13740
13096  4550
13096  26
13096  1407
13096  8219
13096  12665
13096  12688
13096  14128
13096  20647
13096  20879
13096  22476
13096  23614
13096  25006
13096  15108
13096  10762
13096  15321
13096  7264
25006  5807
25006  4550
25006  7264
25006  22476
25006  15559
25006  2805
25006  12545
25006  13801
25006  13276
25006  20478
25006  13740
25006  14128
25006  8972
25006  9419
25006  9511
25006  13929
25006  4416
25006  12373
25006  8063
19657  23134
19657  17559
19657  2072
19657  19493
19657  21075
19657  4966
19657  22278
19657  573
2155  13346
2155  20122
2155  9889
2155  17187
2155  4416
2155  9511
2155  25172
2155  113
2155  16817
3630  7715
3630  8150
3630  8768
3630  4416
3630  16817
3630  23939
3630  7911
4283  23134
4283  6408
4416  14344
4416  1859
4416  3618
4416  9511
4416  18941
4416  20902
4416  4298
4416  15192
4416  16817
4416  17187
4416  17274
4416  9889
4416  7911
4416  21798
5953  23134
5953  13801
5953  3006
5953  5695
5953  12874
5953  23939
5953  14403
5953  19493
5953  23149
5953  24885
5953  5901
14003  7442
14003  17277
14003  18209
14003  6642
23134  16159
23134  18208
23134  19204
23134  15311
23134  3006
23134  4442
23134  5901
23134  19493
23134  6408
23134  9735
23134  23204
23134  25896
23134  5695
23134  10588
23134  23149
1356  573
1356  6825
11082  824
11082  2133
11082  22779
11082  23382
11082  6700
11082  12928
11082  17330
11082  18487
11082  4846
11082  14419
11082  6610
16415  7046
16415  14710
16415  17157
16415  15682
16415  23093
17038  24578
17038  7188
17038  18866
17038  19992
17038  16766
17038  16858
17038  17113
17038  17389
17038  19089
17038  20033
17038  23429
17038  16770
17038  896
17038  7277
10406  2182
10406  23939
10406  3553
10406  19723
10406  7578
10406  15571
11861  2287
11861  20613
11861  5542
11861  14747
11861  17463
11861  20567
11861  21550
11861  25553
11861  25554
11861  19324
11861  8592
11861  4080
11861  25179
11861  19093
11861  24220
4080  19324
4080  14747
2182  7578
2182  3553
2182  15571
3990  15166
13346  23770
13346  113
13346  4103
13346  9128
13346  12312
13346  17994
13346  25172
13346  26021
13346  12040
13346  17419
13346  20947
22377  8732
22377  16659
24578  16770
7007  22798
7007  22598
7007  1545
7007  4195
7007  7069
7007  7712
7007  12587
7007  17536
7007  17721
7007  21723
7007  23351
7007  25996
7007  10130
7007  1520
7007  1403
7007  14638
5464  8701
5464  7774
5464  13653
5464  18008
5464  22599
2922  17379
2922  1310
1545  10791
1545  5107
1545  8547
1545  10919
1545  22074
1545  12212
1545  15600
1545  16644
1545  24568
1545  26098
5739  491
5739  22028
4868  2852
4868  12599
4868  25056
4868  25721
4868  25827
8352  9194
23770  9572
23770  24753
23770  11696
23770  13276
23770  10711
23770  8408
113  25172
113  3383
4103  17419
4103  12312
12312  17419
17994  26021
25172  20947
25172  5078
25172  20122
25172  17419
5411  11186
5411  10390
10390  11186
10791  6154
10791  10919
10791  11125
10791  15435
10791  16039
10791  17821
10791  23529
10791  1059
6154  14430
6154  1073
6154  3034
6154  22523
6154  5194
6154  15435
6154  18399
6154  19686
8150  8768
8768  21379
8768  21754
8768  22975
8768  23552
8768  9937
8768  12149
8768  15669
8768  22696
8768  16389
8768  23038
8768  11015
8768  20148
8768  13864
8768  4068
15814  15144
15814  5365
15814  9360
24696  4713
24696  1373
24696  1840
24696  6635
24696  9216
24696  12492
24696  16162
24696  19019
24696  22507
24696  16020
24696  18487
24696  9360
24696  1958
5901  12874
5901  23939
5901  22144
5901  19527
5901  13801
5901  5597
5901  3547
5901  22082
5901  9066
5901  5695
5901  4301
5901  7911
5901  16265
5901  19791
5901  22493
5901  22722
5901  14308
5901  7481
5901  21614
9066  14308
9066  11979
9066  5597
5695  19527
5695  22082
5695  2877
5695  7481
5695  15175
5695  22493
5695  3006
5695  12874
5695  14403
5695  3876
5695  9338
5695  12611
10652  13801
10652  22979
22147  12545
22147  12884
22147  17984
1854  2846
1854  2655
1854  20008
1854  495
1854  25866
9572  23293
9572  1375
9572  5564
9572  5993
9572  7459
9572  7689
9572  8916
9572  9721
9572  10158
9572  10942
9572  13929
9572  14102
9572  22900
9572  23637
9572  23647
9572  25143
9572  25980
9572  19738
9572  13614
9572  21316
9572  21075
9572  22598
9572  16310
10841  9710
10841  14818
10841  9325
10841  16324
10841  9273
10841  16310
19640  6700
19640  624
19640  3731
19640  4743
19640  9639
19640  12141
19640  15784
19640  18719
19640  19870
19640  20532
19640  24293
19640  9785
19640  25201
19640  5407
19640  15184
19640  22527
19640  23577
19640  23649
19640  24199
23855  16640
23855  546
23855  26098
23855  26038
23855  4013
23855  8641
23855  19922
25346  4164
25346  12365
25346  2212
25346  24955
25346  18866
25346  18894
25346  14807
25346  12851
25346  6610
25346  19423
25346  21012
25346  15003
25346  45
25346  46
25346  4511
25346  6179
25346  8879
25346  11472
25346  14540
25346  15659
25346  17692
25346  20108
25346  21281
25346  21508
25346  22887
25346  23293
25346  25758
25346  4632
25346  10041
25346  13995
25346  20774
25346  26141
25346  21847
25346  9785
25346  1653
25346  16594
25346  570
25346  773
25346  2741
25346  2952
25346  3372
25346  4513
25346  11241
25346  19961
25346  20562
25346  20635
25346  3409
25346  14512
25346  12496
25346  12781
7277  19089
7277  13389
7277  20033
7277  15960
7277  16766
7277  18782
2287  20613
2287  25271
2287  10235
2287  727
2287  6375
2287  10519
2287  18623
2287  20217
2287  25436
2287  5052
2287  18580
2287  23297
20613  5052
20613  11785
20613  23968
20613  12101
20613  10427
20613  6172
20613  8592
20613  19464
14747  19324
20567  19093
20567  15244
20567  24718
20567  281
20567  1404
20567  21547
21550  25553
21550  25554
25553  25554
25553  24220
25554  24220
16159  17859
16159  6610
18208  21012
18208  4431
18208  4442
18208  11152
18208  14661
18208  15616
18208  16262
18208  19562
18208  22839
18208  25607
18208  25896
18208  17536
18208  2741
18208  8471
18208  11461
18208  22109
18208  24477
19204  8680
19204  20344
19204  409
19204  2001
19204  6746
19204  23204
19204  17559
19204  13813
19204  7935
15311  3006
15311  7985
15311  16872
3006  13801
3006  14834
3006  22100
3006  23939
3006  15821
4442  14534
4442  12675
4442  7695
4442  3827
4442  4442
4442  8595
4442  25896
19493  23149
9889  365
9889  14807
9889  2741
9889  9511
9889  9184
9889  12675
9889  14552
9889  15585
9889  16906
9889  18736
9889  17187
9889  135
9889  6408
9889  12311
9889  18579
9889  21012
7615  13847
7615  5605
7615  15657
7615  25402
21012  10243
21012  20562
21012  18719
21012  24955
21012  22937
21012  18866
21012  18894
21012  14807
21012  25053
21012  12781
21012  6610
21012  8049
21012  19423
21012  46
21012  345
21012  773
21012  1234
21012  1997
21012  2212
21012  2404
21012  2741
21012  3409
21012  4511
21012  4513
21012  5578
21012  6179
21012  6830
21012  9341
21012  11241
21012  12365
21012  13060
21012  13597
21012  15659
21012  20108
21012  21281
21012  21508
21012  21847
21012  22421
21012  23628
21012  25251
21012  25758
21012  12851
21012  23452
21012  9482
21012  7956
21012  570
21012  8879
21012  9785
21012  1653
21012  2450
21012  2980
21012  11472
21012  4164
21012  45
21012  1186
21012  3372
21012  12496
21012  15003
21012  16611
21012  22887
21012  23293
21012  5134
21012  14540
21012  23363
16270  17956
16270  12406
16270  20375
16270  22463
17956  12406
17956  20375
17956  16584
20375  12406
23394  10600
23394  23653
19442  22826
19442  1606
9241  3420
9241  6934
9241  14952
9241  4765
9241  8666
9241  25158
9241  4756
9241  11923
9241  23477
10243  8049
10243  11964
10243  16694
10243  18648
10243  8517
10243  19423
2980  16611
2980  22937
2980  14807
2980  2741
2980  23452
2980  9482
2980  1186
2980  5578
2980  23363
2980  345
2980  3409
2980  13597
2741  12365
2741  20562
2741  18719
2741  22937
2741  18894
2741  14807
2741  12851
2741  6610
2741  9785
2741  19423
2741  9482
2741  46
2741  570
2741  1653
2741  11241
2741  3409
2741  21847
2741  6179
2741  1997
2741  4513
2741  4632
2741  6830
2741  11472
2741  12496
2741  12781
2741  16594
2741  20774
2741  21281
2741  23363
2741  2952
2741  25758
2741  7956
2741  773
2741  2212
2741  18866
2741  45
2741  13597
2741  3372
2741  4511
2741  8879
2741  14540
2741  17692
2741  19961
2741  24955
2741  21508
2741  14512
2741  22887
2741  15003
14807  12365
14807  9785
14807  19423
14807  23452
14807  773
14807  1653
14807  2212
14807  3372
14807  4511
14807  4513
14807  6179
14807  6830
14807  7956
14807  11241
14807  12851
14807  14540
14807  25758
14807  21847
14807  869
14807  2404
14807  14709
14807  15659
14807  18894
14807  20108
14807  22421
14807  22887
14807  23293
14807  23628
14807  21281
14807  24955
14807  570
14807  1997
14807  2952
14807  19961
14807  20562
14807  20635
14807  12496
14807  13060
14807  21508
14807  5134
14807  45
14807  46
14807  4164
14807  8879
14807  12781
14807  17692
14807  15003
23452  345
23452  25053
23452  25271
23452  773
23452  19423
23452  21432
23452  5134
23452  1234
23452  22834
23452  23628
23452  3372
23452  8049
18579  365
18579  14552
18579  15585
18579  20215
18579  2009
18579  6482
18579  8156
18579  8403
18579  15571
8517  8053
8517  18648
8517  5434
8517  10235
365  14552
365  15585
5434  16115
5578  22937
8049  19423
15585  14552
21583  9732
21583  16115
22937  3409
22937  13597
22937  4975
22937  23363
22937  9482
22937  16611
22937  1186
26127  4102
26127  13801
26127  1229
26127  5259
26127  7355
26127  20879
14932  23741
14932  9769
14932  22489
14932  13801
15325  13801
15325  4102
7578  13801
7578  22144
20879  12688
20879  16331
20879  20702
20879  18140
20879  1229
20879  16649
20879  19433
20879  25225
7154  4351
7154  12927
7154  24753
7154  5519
7154  11047
7154  15252
7154  26167
7154  5730
7188  18866
7188  13008
7188  14485
7188  896
7188  921
7188  1508
7188  6815
7188  7209
7188  8279
7188  21158
18866  12365
18866  18719
18866  14485
18866  15003
18866  676
18866  12781
18866  345
18866  1186
18866  1508
18866  6815
18866  7844
18866  11148
18866  16726
18866  16876
18866  19992
18866  20774
18866  23403
18866  13008
18866  21508
18866  11785
18866  45
18866  16722
18866  773
18866  896
18866  9785
18866  13597
18866  7209
18866  16594
18866  11053
18866  19954
18866  4632
18866  14512
18866  7956
19992  12365
19992  17472
19992  11148
19992  1347
19992  4782
19992  19707
19992  21930
19992  24835
19992  24959
19992  3409
19992  15582
16766  19089
16858  17389
16858  17113
17113  25729
17113  2797
17113  7592
17113  19642
17113  26004
17113  17389
17113  3193
17113  8179
19089  20033
20033  23429
23429  19697
23429  4781
7125  7015
7125  3243
7125  22758
7125  20683
7125  25419
7125  9647
7125  5227
7125  25480
7125  639
13813  17559
13813  2474
13813  16568
13813  24620
13813  409
13813  8680
13813  10476
13813  19206
13813  20373
13813  21771
639  15846
639  23714
639  9647
7015  9647
9647  5227
10476  11284
15846  7350
15846  16607
15846  23714
15846  10055
15846  1941
15846  8378
16347  4975
16347  7584
16347  4960
16347  17382
16347  12049
16347  7844
24835  4782
24835  17472
24835  19707
24835  21930
24835  15582
25271  25053
25271  10235
25271  11241
25271  12860
25271  20620
25271  21707
25271  22415
25271  22834
25271  25396
25271  5052
25271  17850
25271  21432
25271  18487
9785  4164
9785  12365
9785  20562
9785  2212
9785  12496
9785  12781
9785  23293
9785  773
9785  25758
9785  3372
9785  21847
9785  6610
9785  8045
9785  9639
9785  570
9785  6179
9785  24955
9785  15784
9785  4511
9785  21281
9785  15003
9785  20635
9785  19423
9785  7956
9785  46
9785  4146
9785  4632
9785  7384
9785  12553
9785  13837
9785  14540
9785  16594
9785  18668
9785  21508
9785  22527
9785  22887
9785  1653
9785  45
9785  16674
9785  8879
9785  17692
9785  11241
9785  18894
9785  14512
9785  10926
9785  11472
9785  12851
9785  17250
9785  20532
9785  2952
9785  4513
18719  45
18719  7209
18719  12365
18719  12496
18719  16726
18719  773
18719  16722
18719  25201
18719  1694
18719  13597
18719  731
18719  7844
18719  12085
18719  11148
345  12365
345  20850
345  11785
345  3372
345  676
773  20562
773  2212
773  24955
773  18894
773  23293
773  15003
773  45
773  46
773  25758
773  1186
773  1653
773  2952
773  3372
773  4164
773  4511
773  5134
773  6830
773  8879
773  9341
773  11472
773  12365
773  12496
773  14540
773  15659
773  17692
773  19791
773  19961
773  21281
773  21508
773  21847
773  22887
773  23628
773  20108
773  570
773  6610
773  19423
773  11241
773  6179
773  7956
773  12781
773  20635
773  4513
1653  4164
1653  12365
1653  12496
1653  22887
1653  24955
1653  18894
1653  6830
1653  21281
1653  2952
1653  21508
1653  6610
1653  15003
1653  11241
1653  21847
1653  23293
1653  21379
1653  20635
1653  7956
1653  2212
1653  8879
1653  11472
1653  11612
1653  15659
1653  17692
1653  19961
1653  20108
1653  24944
1653  25684
1653  45
1653  950
1653  25758
1653  9755
1653  570
1653  4511
1653  14540
1653  17875
1653  20562
1653  3372
1653  12851
1653  6179
1653  23095
2212  4164
2212  12365
2212  6610
2212  19423
2212  570
2212  25758
2212  11241
2212  6179
2212  20635
2212  18894
2212  14540
2212  2952
2212  8879
2212  10041
2212  12851
2212  13995
2212  15659
2212  17692
2212  20108
2212  22887
2212  24955
2212  21281
2212  3372
2212  21847
2212  7956
2212  46
2212  15003
2212  4511
2212  23293
2212  21508
2212  11472
2212  20562
2212  4513
2212  6830
2952  20562
2952  12496
2952  12781
2952  6830
2952  6610
2952  19423
2952  15003
2952  570
2952  25758
2952  6179
2952  4511
2952  4164
2952  21508
2952  19961
2952  8879
2952  11472
2952  12851
2952  17692
2952  21847
2952  45
2952  46
2952  24955
2952  11241
2952  20635
2952  3372
2952  18894
2952  7956
2952  15659
2952  20108
2952  22887
2952  23293
4164  4125
4164  6610
4164  15003
4164  46
4164  570
4164  24955
4164  4511
4164  20635
4164  2239
4164  8879
4164  8922
4164  11472
4164  12496
4164  12781
4164  12851
4164  15659
4164  17182
4164  19961
4164  20108
4164  20562
4164  21508
4164  12365
4164  6830
4164  23293
4164  3372
4164  16594
4164  25758
4164  18894
4164  19423
4164  45
4164  11241
4164  21847
4164  6179
4164  9283
4164  4513
4164  13164
4164  17692
4164  22887
4164  21281
4164  14540
4164  7956
7956  22887
7956  24955
7956  12851
7956  23293
7956  19423
7956  25758
7956  15659
7956  21847
7956  20108
7956  6610
7956  570
7956  4511
7956  4513
7956  6830
7956  11241
7956  3409
7956  20635
7956  6963
7956  18894
7956  14512
7956  8879
7956  10041
7956  11472
7956  12496
7956  20562
7956  20774
7956  46
7956  17692
7956  12365
7956  13995
7956  6179
7956  15003
7956  21281
7956  4632
7956  12781
7956  16594
7956  19961
7956  21508
12365  6610
12365  11175
12365  15552
12365  676
12365  11785
12365  570
12365  3372
12365  4511
12365  4513
12365  6179
12365  24955
12365  3890
12365  21281
12365  23293
12365  5769
12365  11053
12365  11148
12365  12085
12365  12781
12365  12851
12365  13411
12365  14540
12365  16722
12365  17692
12365  19954
12365  20562
12365  21800
12365  22887
12365  23403
12365  25442
12365  12496
12365  18894
12365  21508
12365  15659
12365  21847
12365  16594
12365  1186
12365  9482
12365  26190
12365  19961
12365  20108
12365  19423
12365  2654
12365  45
12365  46
12365  11241
12365  11472
12365  25758
12365  3409
12365  20635
12365  14512
12365  2055
12365  4632
12365  7533
12365  20774
12365  15003
12496  25201
12496  19423
12496  46
12496  3372
12496  4511
12496  4513
12496  11241
12496  21847
12496  21281
12496  18894
12496  21508
12496  14540
12496  12851
12496  20108
12496  20562
12496  22887
12496  24955
12496  570
12496  1694
12496  45
12496  6830
12496  23293
12496  20635
12496  19961
12496  15659
12496  17692
12496  12781
12496  6610
12496  15003
12781  20562
12781  22887
12781  24955
12781  6610
12781  45
12781  570
12781  3372
12781  4511
12781  6179
12781  6830
12781  8879
12781  11472
12781  20635
12781  18894
12781  16594
12781  10041
12781  15659
12781  17692
12781  20108
12781  20774
12781  12851
12781  6963
12781  21847
12781  46
12781  19423
12781  11241
12781  19961
12781  4513
12781  15003
12781  25758
12781  23293
12781  14540
12781  7384
12781  23403
12781  4632
12781  21281
12781  13995
12781  14512
13032  4036
13364  23382
13364  3164
13364  12938
13364  25836
13364  403
13364  21995
13364  22966
15659  22887
15659  18894
15659  12851
15659  23293
15659  21281
15659  6610
15659  19423
15659  15003
15659  45
15659  46
15659  3372
15659  4513
15659  6179
15659  11241
15659  11472
15659  25758
15659  24955
15659  19961
15659  20108
15659  20562
15659  570
15659  8879
15659  17692
15659  4511
15659  14540
15659  6830
15659  21847
15659  20635
18894  20562
18894  22887
18894  19423
18894  45
18894  570
18894  4513
18894  11241
18894  11472
18894  12851
18894  14540
18894  17692
18894  21847
18894  20108
18894  21508
18894  6830
18894  23293
18894  46
18894  8879
18894  25758
18894  15003
18894  6179
18894  24955
18894  5787
18894  20635
18894  4511
18894  21281
20562  6610
20562  19423
20562  45
20562  3372
20562  4511
20562  4513
20562  6179
20562  6830
20562  8879
20562  11472
20562  14540
20562  17692
20562  19961
20562  25758
20562  21847
20562  24955
20562  23293
20562  20635
20562  22887
20562  12851
20562  21281
20562  21508
20562  46
20562  11241
20562  15003
21432  25053
21432  4466
21432  8505
21432  16357
21432  19179
21432  20116
21432  20148
21432  21491
21432  22834
21432  25710
21432  3909
21432  1234
21432  8968
21432  13929
21432  22899
22887  6610
22887  19423
22887  45
22887  46
22887  570
22887  4511
22887  4513
22887  6179
22887  8879
22887  11241
22887  14540
22887  19961
22887  21281
22887  21847
22887  25758
22887  23293
22887  24955
22887  12851
22887  3372
22887  10041
22887  20635
22887  15003
22887  11472
22887  17692
23293  6700
23293  12851
23293  6830
23293  15003
23293  46
23293  570
23293  3372
23293  6179
23293  14540
23293  19961
23293  20108
23293  21281
23293  21847
23293  16032
23293  25758
23293  24955
23293  934
23293  19423
23293  25080
23293  8879
23293  17692
23293  11472
23293  20635
23293  4513
23293  6610
23293  4511
23293  21508
23293  3595
23293  18174
23293  20644
23628  3372
24955  19423
24955  4513
24955  8879
24955  11241
24955  12851
24955  14540
24955  17692
24955  20635
24955  21508
24955  1997
24955  13060
24955  2404
24955  6830
24955  21281
24955  20108
24955  46
24955  6610
24955  15003
24955  19961
24955  21847
24955  570
24955  3372
24955  4511
24955  6179
25053  1234
25053  3293
25053  5134
25758  21281
25758  21508
25758  6610
25758  19423
25758  15003
25758  570
25758  4511
25758  6830
25758  8879
25758  11241
25758  12851
25758  14540
25758  19961
25758  20108
25758  21847
25758  11102
25758  4180
25758  10055
25758  2949
25758  45
25758  46
25758  3372
25758  6179
25758  11472
25758  17692
25758  20635
25758  9360
25758  12637
23939  16817
23939  12874
23939  1000
23939  13801
23939  23107
23939  7911
23939  8730
23939  24885
1029  17273
18910  9482
19423  12851
19423  6830
19423  21281
19423  6610
19423  570
19423  45
19423  21379
19423  10910
19423  12422
19423  14540
19423  17692
19423  21508
19423  24023
19423  25940
19423  20108
19423  8879
19423  9755
19423  14419
19423  11241
19423  15003
19423  15528
19423  46
19423  3372
19423  4513
19423  6056
19423  11472
19423  19961
19423  20635
19423  21847
19423  6179
4798  14627
4798  12866
4798  17991
7442  2620
7442  3032
7442  3679
7442  4550
7442  7768
7442  20168
7442  3096
7442  5712
7442  4364
7442  13955
7442  15235
7442  23967
17277  18209
18209  6642
6408  135
6408  12247
6408  12311
6408  24280
6408  12675
6408  5835
6408  20952
17559  21646
17559  3323
17559  9184
17559  19206
17559  20373
17559  8680
17559  21943
17559  25034
17559  1674
2072  15258
2072  400
2072  4379
2072  6905
2072  7071
2072  11227
2072  15951
2072  22278
2072  12927
2072  6541
2072  8216
17414  339
17414  3730
17414  9713
17414  12639
17414  25378
17414  5166
17414  2654
17414  11026
9482  11175
9482  15552
9482  15003
9482  21508
9482  9755
9482  7014
9482  7533
9482  21027
20850  4846
20850  2654
20850  4748
20850  17439
20850  11785
20850  25272
20850  17603
20850  10427
20850  12101
20850  21798
24841  4656
24841  18196
24841  23303
24841  4265
24841  5267
24841  7597
11785  824
11785  10549
11785  12101
11785  19954
11785  21800
11785  22372
11785  10235
11785  676
11785  6482
11785  11746
9397  19246
9397  3651
9397  1832
9397  3877
9397  4354
9397  5412
9397  7719
9397  11445
9397  12788
9397  14385
9397  21861
9397  22284
9397  22741
9397  7357
9397  9755
9397  18185
9397  19463
9397  20780
9397  23514
9397  10477
1000  23107
1000  24199
1000  14485
1000  178
1000  6288
1000  12016
1000  18250
1000  25402
1000  25948
1000  13008
1000  9829
1000  1149
1000  1694
1000  12070
1000  16101
1000  5107
3877  19463
3877  5412
3877  21861
3877  7357
3877  6544
3877  7719
3877  11445
3877  18185
3877  19246
3877  20780
3877  10477
3877  3651
3877  22601
3877  4354
3877  22284
3877  22741
3877  23514
5412  22741
5412  19246
5412  7357
5412  7719
5412  12788
5412  18185
5412  20780
5412  22284
5412  21861
5412  11445
5412  3651
5412  4354
5412  10477
5412  19463
5412  22601
5412  23514
7357  22741
7357  3651
7357  22601
7357  7719
7357  12788
7357  18185
7357  19246
7357  20780
7357  21861
7357  23514
7357  10477
7357  19463
7357  11445
7357  4354
7357  22284
7719  22741
7719  19463
7719  4354
7719  10477
7719  11445
7719  20780
7719  19246
7719  3651
7719  23514
7719  6544
7719  18185
7719  22284
19246  3651
19246  22601
19246  11445
19246  12788
19246  19463
19246  20780
19246  21861
19246  22284
19246  22741
19246  23514
19246  18185
19246  6544
19463  22741
19463  3651
19463  22601
19463  4354
19463  6544
19463  10477
19463  11445
19463  12788
19463  18185
19463  23514
19463  22284
19463  20780
19463  21861
21861  3651
21861  22601
21861  4354
21861  6544
21861  10477
21861  11445
21861  12788
21861  20780
21861  22284
21861  22741
21861  23514
22284  3651
22284  6544
22284  10477
22284  11445
22284  12788
22284  22741
22284  4354
22284  22601
22284  20780
22284  23514
22741  3651
22741  22601
22741  6544
22741  12788
22741  20780
22741  11445
22741  18185
1958  23614
1958  543
1958  13520
1958  22507
1958  16921
1958  9216
1958  16976
1958  2193
1958  1280
1958  4458
1958  26196
1958  23693
5851  16921
5851  13520
10555  17228
10555  16921
10555  21646
16921  1280
16921  13520
16921  6911
16921  122
16921  6707
16921  21646
21646  9184
21646  15479
21646  20373
3372  12851
3372  6830
3372  21281
3372  21508
3372  6610
3372  15003
3372  46
3372  11241
3372  6179
3372  13060
3372  4511
3372  4513
3372  14540
3372  20108
3372  45
3372  570
3372  19961
6830  4511
6830  6179
6830  11241
6830  21847
6830  21508
6830  14540
6830  19961
6830  17692
6830  20108
6830  21281
6830  8879
6830  11472
6830  20635
6830  12851
6830  15003
6830  4513
12851  6610
12851  45
12851  570
12851  11241
12851  20635
12851  14540
12851  19961
12851  17692
12851  20108
12851  21847
12851  8879
12851  11472
12851  46
12851  21281
12851  6179
12851  15003
21847  46
21847  570
21847  4511
21847  4513
21847  8879
21847  14540
21847  19961
21847  20635
21847  1997
21847  17692
21847  20108
21847  13060
21847  21508
21847  21281
21847  6179
21281  6610
21281  45
21281  46
21281  4511
21281  4513
21281  6179
21281  11241
21281  11472
21281  17692
21281  19961
21281  20108
21281  9755
21281  950
21281  3063
21281  3502
21281  6009
21281  9736
21281  12422
21281  15126
21281  16674
21281  17828
21281  17875
21281  18210
21281  19140
21281  19316
21281  20116
21281  23095
21281  23864
21281  24023
21281  25917
21281  21508
21281  25080
21281  8879
21281  25684
21281  20635
21281  15003
21281  4446
21281  5639
21281  9980
21281  13470
21281  16389
21281  21379
21281  14419
21281  14540
13801  19387
13801  8972
13801  12874
13801  12545
13801  23149
13801  8063
13801  9769
13801  13999
13801  16647
13801  20119
13801  22489
13801  23741
13801  25443
13801  20478
13801  4102
13801  10588
13801  8122
13801  15253
13801  7481
10383  13319
10383  16115
12085  2654
12085  25201
12085  13597
12085  676
12085  3409
16115  13319
20108  21508
20108  6610
20108  46
20108  570
20108  4513
20108  8879
20108  11241
20108  11472
20108  14540
20108  17692
20108  19961
20108  20635
20108  6179
21508  6610
21508  15003
21508  15552
21508  4513
21508  14540
21508  17692
21508  14512
21508  10926
21508  12553
21508  18668
21508  4632
21508  7533
21508  11053
21508  14372
21508  20774
21508  26178
21508  45
21508  46
21508  570
21508  11175
21508  20635
21508  4511
21508  6179
21508  8879
21508  11241
21508  4146
21508  6944
21508  13411
21508  23403
22144  3430
22144  21125
22144  2459
22144  6380
22144  12874
22144  18215
22269  676
22269  21814
22269  24489
25698  13276
25698  10762
25698  17207
25698  5934
25698  20148
25698  22366
25698  4068
25698  9255
25698  9986
25698  13929
25698  22699
15685  13929
1787  1279
1787  14550
22100  19791
22100  2394
22100  14834
22100  358
5175  2449
5175  22415
17932  9710
17932  615
17932  743
17932  11604
17932  16083
17932  12334
17932  26038
17932  26190
17932  8612
2654  20511
2654  339
2654  4743
2654  18487
2654  23382
2654  2250
2654  3243
2654  3890
2654  7717
2654  7985
2654  10130
2654  11015
2654  12306
2654  13714
2654  14767
2654  16056
2654  19216
2654  20534
2654  25205
2654  624
2654  17439
2654  9755
2654  16310
2654  3420
2654  18971
2654  21860
2654  4748
2654  4846
2654  6700
9710  3345
9710  743
9710  19159
9710  3430
9710  10463
9710  10526
9710  18189
9710  19107
9710  21438
9710  15144
9710  11788
9710  14818
9710  17746
9710  22439
9710  22611
9710  26038
19159  14818
19159  743
19159  11788
25948  24199
22890  13832
13740  7264
13740  4702
13740  14128
13740  19489
13740  19527
13740  22476
13740  4550
13740  19784
13740  25486
4550  26
4550  5807
4550  1407
4550  9862
4550  12373
4550  15108
4550  16967
4550  17308
4550  11801
4550  3679
4550  12968
4550  3999
4550  8211
4550  20059
4550  22476
26  11801
26  1407
1407  16967
1407  11801
12688  14599
14128  2805
20647  4023
22476  20478
22476  16389
22476  23038
23614  543
23614  179
23614  3178
23614  8387
23614  9092
23614  12453
23614  18870
23614  23693
23614  3501
23614  3386
23614  24833
23614  547
23614  1829
23614  1982
23614  4989
10912  22836
10912  11638
14534  25896
14534  11924
14534  8595
14534  14559
14534  21705
14534  3827
14534  21125
14534  25437
17268  10055
17268  7350
22836  11638
13008  14485
13008  16101
13008  302
13008  5605
13008  6288
13008  6702
13008  11490
13008  12070
13008  17174
13008  8208
13008  25402
13008  1694
13008  16108
13008  17924
16101  15880
16101  13469
16101  1877
16101  2042
16101  20014
16101  14485
10956  22574
10956  2385
10956  25405
20089  25358
5052  4472
5052  3096
5052  5346
5052  6094
5052  6376
5052  9124
5052  10427
5052  18235
5052  18549
5052  25396
5052  16148
5052  10235
5052  20511
5052  1796
5052  10597
5052  16741
5052  24731
3032  339
3032  6732
3032  8614
3032  15081
3032  22609
3032  13847
3032  16148
3032  7768
3032  22415
13847  10762
13847  3412
13847  10871
2620  6442
2620  12453
2620  10024
2620  20587
2620  3501
6219  18160
6219  24568
15244  6512
15244  2449
15244  88
15244  1995
15244  2338
15244  2530
15244  8727
15244  9313
15244  9656
15244  9869
15244  10350
15244  12507
15244  12710
15244  14766
15244  15010
15244  1667
15244  11416
15244  15933
15244  17807
15244  18225
15244  19446
15244  19939
15244  23712
15244  23723
15244  24453
15244  7444
15244  24718
15244  19489
15244  19645
15244  20574
15244  5712
15244  6340
15244  14661
15244  2535
15244  5210
15244  7635
15244  18778
15244  18381
15244  15245
15244  16654
15244  21178
15244  21547
15244  22504
15244  15435
18160  24568
18227  17874
18227  6482
24453  6512
24453  5712
24453  20346
24568  8547
24568  15600
24568  18161
17739  11964
19605  11964
14344  24163
1859  21798
3618  2404
3618  2044
3618  21125
3618  21798
3618  869
3618  17001
3618  14709
3618  22421
18941  4298
20902  11979
20902  20924
19927  15898
19927  25896
824  6700
824  2133
824  18487
824  22779
824  676
824  6610
824  12928
824  14419
824  23382
824  17330
824  4846
2133  4846
2133  12928
2133  14419
2133  22779
2133  17330
2133  6700
2133  24029
2133  23382
22779  6610
22779  4846
22779  12928
22779  14419
22779  18487
22779  23382
22779  6700
22779  17330
23382  2661
23382  7899
23382  8067
23382  8208
23382  9755
23382  11402
23382  12980
23382  14969
23382  20478
23382  23038
23382  24845
23382  17330
23382  4846
23382  6700
23382  14419
23382  16389
23382  25379
12406  5230
12406  16584
12406  22463
12406  3878
12406  16102
3878  16584
22463  16102
15880  2042
15880  5194
15880  6748
15880  20014
15880  1877
9735  22415
9735  26138
16817  24885
16817  7911
16817  13177
15108  15321
15108  9030
15108  1594
15108  1897
15108  6024
15108  17464
15108  25056
15108  14496
15108  4588
15108  16967
15108  320
15108  5602
15108  18042
15108  20059
15108  21315
15108  22770
1234  5134
6700  624
6700  4743
6700  6610
6700  4846
6700  934
6700  10550
6700  12928
6700  16032
6700  17330
6700  17331
6700  17603
6700  23387
6700  23907
6700  25080
6700  18487
6700  14419
6700  339
6700  9755
6941  18983
6941  4975
6941  10850
9426  19881
18983  18217
23458  17953
23458  748
26170  8701
19233  733
19233  20597
2165  13384
2165  12491
2165  3501
2165  6033
2165  16278
2165  21708
2165  22462
2165  22242
15300  19048
15300  10211
15300  2912
15300  11811
15300  11840
15300  4673
15300  6266
15300  19012
15300  26088
15300  11077
15300  272
15300  8215
10211  7475
10211  26088
10211  19048
10211  4673
10211  2912
8732  16659
3345  3430
3345  5995
3345  7999
3345  10824
3345  22439
3345  23304
3345  24431
3345  19107
3345  8178
3345  15144
4125  22894
14710  15682
14710  17157
14710  23093
14710  7046
7046  17157
7046  15682
7046  23093
15682  17157
15682  23093
17157  23093
6963  23107
6963  16694
6963  2870
6963  11572
6963  21630
6963  9732
6963  11964
6963  16696
9732  2870
12049  17382
4472  6376
23107  8045
23107  16694
23107  8374
23107  17465
23107  11964
21910  13989
21910  2558
21910  2511
21910  13318
21910  10986
4724  25668
4724  18065
6904  12016
6904  18271
6904  18899
12491  22876
12491  23233
12491  4878
12491  5184
12491  22242
12491  13384
12491  1217
12491  8643
12491  21779
12491  24503
12491  6033
18271  12016
18271  13702
18271  17874
18271  18152
18271  19978
18271  2511
18271  14667
5807  2710
5807  8222
5807  21495
5807  13929
5807  17794
7264  6421
7264  8224
7264  8305
7264  11696
7264  15917
7264  13276
7264  7383
7264  13282
7264  12286
7264  21287
7264  22771
15559  70
15559  4727
15559  3980
15559  16962
12545  3677
12545  5302
12545  676
12545  20478
12545  13929
12545  5209
12545  13199
12545  16084
12545  18724
12545  18365
12545  3310
12545  2169
12545  19581
12545  20954
12545  23991
6934  13556
6934  676
6934  20683
6934  21379
6934  25419
6934  16020
6934  11868
6934  24023
6056  24023
6056  8116
6056  10910
6056  16946
6056  21379
6056  25777
6056  24034
8116  13369
8116  16906
8116  2443
8116  7650
8116  8184
8116  14369
8116  16946
8116  23051
8116  7991
8116  17583
17612  7645
17612  15384
17612  18597
17612  11502
17612  24210
5505  15911
5505  3725
20148  13929
20148  11400
20148  16521
20148  20517
20148  22899
20148  8630
20148  22699
1667  23723
1667  19562
1667  1058
1667  13989
1667  14661
3076  12968
3076  21629
6675  4258
6675  5608
6675  5771
6675  1879
6675  18741
6675  16264
6675  25107
6675  25439
7444  6512
7444  21629
7444  88
7444  2535
7444  6340
7444  9656
7444  12507
7444  15010
7444  19645
7444  24718
7444  18225
7444  1995
7444  2530
7444  12968
7444  2338
7444  4755
7444  7197
7444  7635
7444  10350
7444  19939
16264  4258
16264  18741
16264  25439
16264  5771
18741  25107
18741  25439
18741  4258
18741  5771
20315  13989
20315  22379
20315  2797
23741  23967
23741  14403
25439  25107
25439  4258
25439  5771
7926  23186
7926  23647
7926  14485
7926  14627
7926  5346
7926  9124
7926  1310
15582  19707
15582  21930
15582  17472
17472  19707
17472  21930
17472  4782
19707  21930
15974  23883
18782  6583
18782  6807
18782  23883
23883  6807
22082  19527
22082  4697
9616  9943
9616  21407
9616  11629
24814  24110
24814  19980
24814  5957
24814  12118
24814  14090
24814  18397
24814  6077
24814  6611
24814  8672
24814  11233
24814  2249
24814  3316
24814  6635
24814  9759
24814  11865
24814  21832
16148  1765
16148  5302
16148  13276
16148  22184
16148  23708
16148  2710
16148  22415
16148  7768
16148  62
16148  7383
4554  20174
5717  10762
5717  894
5717  5441
5717  13647
5717  16831
5717  5209
5717  7090
8552  17266
8552  3651
8552  2501
9316  1910
13371  1078
13371  7383
13371  18365
14615  22177
14615  1217
14615  17089
14615  21587
14615  5488
14615  12735
24160  25354
25354  7204
1321  21089
1321  21075
4102  3916
4102  10376
4102  12311
4102  135
750  19641
11964  16694
11964  6810
11964  16696
11964  7844
16694  5838
16694  21630
16694  11572
18648  16174
18648  15784
17419  4525
17419  93
14430  3501
14430  13384
14430  8155
14430  20942
14430  21708
1073  20668
3034  15435
22523  10024
22523  3501
22523  12453
22523  15435
22523  14165
3916  135
3916  10588
3916  5352
12311  135
12311  12675
15258  22278
15258  7071
15258  15951
6905  13190
7071  15951
11227  2490
15951  17502
11801  19489
11801  4249
11801  21718
11801  23441
22894  2239
8876  10990
6610  45
6610  46
6610  17692
6610  9639
6610  11472
6610  19870
6610  19961
6610  4511
6610  4846
6610  22527
6610  6179
6610  14419
6610  22798
6610  570
6610  4513
6610  5262
6610  8045
6610  8879
6610  12928
6610  17330
6610  15784
15003  45
15003  16594
15003  570
15003  17692
15003  18668
15003  11175
15003  11472
15003  4632
15003  6179
15003  14512
15003  14540
15003  11241
15003  4511
15003  15552
15003  46
15003  2560
15003  4146
15003  4513
15003  23481
46  11241
46  6179
46  20635
46  11472
46  17692
46  570
46  8879
570  45
570  4180
570  11472
570  14540
570  17692
570  19961
570  20635
570  11241
570  4511
570  4513
4511  8879
4511  11241
4511  11472
4511  19961
4511  6179
4511  3595
4511  14540
4511  17692
4511  18174
4511  20635
20635  8879
20635  11241
20635  11472
20635  4513
20635  17692
20635  19961
20635  18174
20635  14540
2239  25069
8879  45
8879  19961
8879  11241
8879  11472
8879  14540
11472  45
11472  17692
11472  6179
11472  11241
11472  14540
11472  4513
19961  45
19961  6179
4583  13614
4583  19084
16310  10762
16310  5246
16310  5993
16310  23637
16310  7459
16310  10524
16310  11223
16310  19807
11175  8612
11175  3872
11175  15552
11175  7533
15552  3872
15552  22177
15552  2883
15552  23481
15552  23841
15552  25286
15552  7533
676  4846
676  7811
676  13220
676  13411
676  17439
676  18739
676  10549
4513  14540
4513  6179
6179  45
6179  4382
6179  14540
3890  7985
3890  16056
3890  23145
11053  13411
11053  20774
11148  16722
11148  16876
11148  1186
11148  3409
11148  13597
11148  7844
13411  20774
13411  23403
14540  45
16722  16876
16722  1186
16722  7844
17692  45
17692  11241
23403  5510
23403  3280
25442  23151
25442  13712
25442  22321
25442  23383
45  4180
45  12679
45  1186
4846  17330
4846  17439
4846  18487
4846  4748
4846  5672
4846  10549
4846  13220
12928  17330
12928  18487
12928  14419
14419  17330
14419  18487
14419  12422
19093  20303
19093  24330
24718  6512
24718  1124
24718  2535
24718  4755
24718  6340
24718  7635
24718  8727
24718  9656
24718  9869
24718  12507
24718  14766
24718  15933
24718  16654
24718  18225
24718  19446
24718  20576
24718  22504
24718  14834
24718  21547
24718  1995
24718  19645
24718  20574
24718  12710
281  23529
281  15477
281  1404
281  24032
22826  13520
22826  6804
22826  17599
13384  1217
13384  22876
13384  15066
13384  6033
13384  23233
13384  6533
13384  8155
13384  14165
13384  24204
13384  24705
13384  25911
13384  22242
3501  10024
3501  543
3501  20765
3501  3594
3501  6442
3501  9968
3501  14383
3501  14652
3501  17681
3501  19501
3501  19895
3501  20587
3501  21592
6033  22242
6033  1217
16278  22462
16278  24705
21708  1217
4713  12492
4713  16020
4713  1840
4713  6824
1373  7245
1840  12492
9216  22507
12492  16020
12492  6824
16162  13619
23968  19464
10055  7350
10055  1941
10055  8074
10055  9283
10055  15127
10055  4180
21771  2559
21771  5543
21771  5767
21771  10931
2009  8403
2009  6482
2009  15571
6482  8403
6482  17874
6482  15571
6482  26193
6482  14834
8403  15571
1997  13060
4036  8786
11241  25396
11241  3595
19215  25836
22834  3293
23511  12938
23511  25836
10041  13995
19723  7911
19723  20253
4023  10801
25896  3827
25896  15898
8595  14691
14559  21125
22876  11712
22876  449
22876  12547
22876  14079
22876  17248
22876  21032
22876  25181
23233  22242
23233  1217
5184  8643
22242  1217
22242  24506
25201  624
25201  3731
25201  9099
25201  15184
25201  23649
3651  17379
3651  17536
3651  10477
3651  11445
3651  17266
3651  22601
3651  4354
3651  6527
3651  6544
3651  6891
3651  7485
3651  9389
3651  10162
3651  10881
3651  12788
3651  20780
3651  23153
3651  23514
22601  18185
22601  11445
22601  12788
22601  215
22601  185
22601  1074
22601  1858
22601  6892
22601  14542
22601  18143
22601  18649
22601  18943
22601  19573
22601  6544
22601  22793
22601  23514
6544  18185
6544  10477
6544  11445
6544  4354
6544  12788
6544  20780
6544  23514
12788  18185
12788  10477
12788  4354
12788  20780
12788  23514
20780  11445
20780  4354
20780  10477
20780  18185
20780  23514
2797  8702
2797  18159
2797  14952
23363  178
23363  12701
23363  18879
10477  11445
10477  23514
11445  18185
11445  4354
11445  23514
24110  12118
24110  23708
24110  7383
24110  22336
24110  2501
24110  12389
19980  12118
19980  5957
19980  11233
19980  14090
5957  8672
5957  18397
5957  12118
5957  2249
5957  6077
5957  11233
5957  14090
5957  19955
12118  8672
12118  6077
12118  18397
12118  21832
12118  14090
14090  7716
14090  11233
14090  18397
14090  25541
18397  7716
18397  11233
6077  8672
6077  2249
6077  6611
6611  8672
6611  2249
6611  19955
8672  2249
8672  19955
10235  25396
10235  5125
10235  6375
10235  8053
10235  20511
10235  10519
727  18140
727  8471
6375  10519
6375  18580
20217  25436
18487  17330
18487  17439
18487  3164
18487  12306
18487  21707
18487  23387
18487  12860
3677  18140
3677  5172
3677  15329
3677  23991
3677  24057
3677  7204
5302  7899
5302  10983
5302  5497
5302  17738
5302  19433
5302  23880
20478  13276
20478  1339
20478  21379
20478  21491
13929  8505
13929  25562
13929  9943
13929  4068
13929  12130
13929  11700
13929  12268
13929  16357
13929  16414
13929  16495
13929  17135
13929  20116
13929  20169
13929  21491
13929  22188
13929  22189
13929  22621
13929  22811
13929  22899
13929  22975
13929  23110
13929  23552
13929  23806
5209  24057
5209  2169
5209  1014
5209  5938
5209  19150
13199  4466
13199  19568
4782  21930
135  14599
135  12675
135  15816
12247  20168
12247  5712
24280  12675
4656  18196
4656  23303
4265  5271
7597  5271
22177  17089
22177  2501
22177  13556
22177  5564
22177  24199
22177  25286
22177  18001
22177  1425
22177  5136
22177  7105
22177  7317
22177  19454
22177  23841
22177  25480
1217  17089
1217  3944
1217  5488
1217  8128
1217  19877
1217  24126
17089  19454
16726  7844
25107  5608
25107  5182
25107  13311
25107  5771
7350  22598
7350  14265
7350  1941
7350  8815
7350  12065
7350  14558
7350  22528
17228  15850
17228  21943
17228  22603
4298  1427
4298  17274
15192  21798
12675  24398
12675  21125
7485  9389
11026  4712
23986  140
23986  16675
6583  2144
6583  3055
6583  3814
6583  6388
6583  12423
6583  14808
6583  15189
6583  15999
6583  18942
6583  19705
6583  20250
6583  21825
6583  25108
2501  6804
2501  19624
2501  22758
4748  25205
4748  25396
4748  17439
4748  9755
4748  2250
4748  11015
4748  19216
4748  20511
4748  4743
4748  5621
4748  7717
4748  13714
4748  18971
17439  339
17439  25205
17439  25396
17439  13220
17439  16032
17439  5621
17439  22917
17439  2250
17439  7717
17439  13714
17439  17131
17439  19216
17439  4743
17439  24293
2404  14709
2404  22421
20702  16230
20702  25225
18140  14599
18140  22366
18140  7204
18140  8471
18140  16649
18140  18511
18140  19469
1229  12842
1229  11107
19433  24057
19433  2761
19433  23723
19433  20168
25225  12187
3409  1186
3409  26141
3409  13597
3409  1044
13597  1186
13597  4975
13597  15144
13597  1044
13597  5809
13597  12587
13597  20303
10022  4275
10022  17878
22979  23967
20924  10427
20924  24601
13276  10762
13276  19489
13276  23441
13276  2591
13276  6971
13276  11182
13276  11696
13276  18745
13276  18758
13276  22366
13276  22778
13276  23038
13276  7689
8972  12968
24885  2806
24885  9209
24885  8730
14485  12334
14485  13556
14485  2949
14485  8851
14485  23708
14485  7801
14485  22758
14485  23647
1186  18899
1186  7844
1508  8279
6815  921
7844  4960
20774  16594
9862  17501
9862  4148
16967  2042
16967  16708
16967  19703
16967  1877
17308  12968
869  22421
869  14709
14709  21798
14709  22421
1694  6288
1694  5605
12016  1149
16594  14512
16594  13164
16594  4146
16594  10926
16594  12553
16594  18668
4258  5608
13520  21943
13520  22224
13520  122
13520  6530
13520  15971
13520  18331
13520  6911
6911  122
11125  1059
15435  7069
15435  14165
15435  18381
15435  19686
16039  17821
16039  8064
23529  1059
23529  17884
23529  20538
23529  24032
18217  26173
624  1254
624  3420
624  5407
624  9099
624  16032
624  24293
624  10130
624  10762
624  3731
624  4743
4743  9755
4743  20511
4743  20534
4743  339
4743  14265
4743  3937
4743  2949
4743  2250
4743  11015
4743  14767
4743  19216
4743  13714
4743  7717
934  20644
934  25516
10550  25080
10550  22497
10550  23907
16032  25080
16032  13220
16032  2307
17330  3164
17330  16393
17603  21798
23907  25080
23907  21495
25080  22497
25080  25910
25080  4446
25080  19316
6442  12453
6442  25449
6442  17681
6442  19102
12453  3452
12453  3594
10024  20587
21379  950
21379  9755
21379  15580
21379  16389
21379  23038
21379  21491
21379  5639
21379  20116
21379  24023
21754  23038
21754  10490
21754  1519
21754  9937
21754  24270
21754  25435
22975  25562
22975  23552
22975  15669
23552  21491
23552  22899
23552  14093
23552  16495
23552  15209
23552  15669
23552  25557
9937  16389
9937  23038
9937  16414
12149  23038
22696  16414
8045  9639
8045  20532
8045  12927
8045  15784
8045  5656
8045  18488
8045  19870
5078  20182
5078  19143
5078  19383
5078  21130
9769  22489
14818  12334
9325  11372
16324  26038
16324  11325
16324  11328
23204  8680
23204  2001
23204  19206
23204  9184
23204  20373
23204  20344
20511  339
20511  2250
20511  8335
20511  5621
20511  15305
20511  7717
20511  13322
20511  13714
20511  14767
20511  18256
20511  18971
20511  20100
20511  20534
20511  25205
339  25396
339  3310
339  7717
339  11868
339  13714
339  14767
339  22376
339  24295
339  25205
339  9713
339  19216
339  3730
2250  25205
2250  9755
2250  5621
2250  7717
2250  11015
2250  20534
2250  19216
2250  14767
7717  25205
7717  25396
7717  9755
7717  19216
7717  13714
7717  11015
7985  16056
7985  6264
7985  1323
7985  1606
7985  13966
7985  16872
7985  23506
10130  178
10130  5621
10130  16210
11015  25396
11015  9755
11015  16389
11015  13714
11015  14767
11015  19216
11015  21165
11015  20534
13714  25205
13714  25396
13714  19216
13714  20534
13714  9755
14767  25205
14767  25396
14767  5621
14767  18971
14767  19216
16056  7573
16056  18521
16056  21391
16056  21650
16056  25378
19216  25205
19216  25396
19216  9755
19216  18971
19216  20534
20534  25205
20534  25396
20534  9755
20534  5621
20534  18971
25205  9755
9829  12212
9829  14638
9829  14051
9829  2936
9829  10354
9829  17233
9829  24271
12860  21707
22415  2449
22415  3310
25396  9755
25396  12380
14627  17991
22574  7504
22574  2385
22574  5636
22574  11602
22574  17988
22574  20783
5605  12070
6288  12070
6288  25402
11490  17240
11490  25091
12070  25402
25729  17746
25729  11325
25729  11318
7592  26004
26004  24183
2852  25721
12599  12032
25827  17443
8680  20344
409  6746
9030  4588
1594  6838
1594  320
1897  18042
7204  20168
7204  5712
13556  20683
13556  2846
13556  5136
13556  2556
13556  14967
13556  17968
13556  17979
13556  25215
13556  7801
20683  22758
20683  18158
20683  25419
12587  4195
12587  20303
12587  232
12587  1075
12587  6971
12587  8737
12587  9098
12587  13481
12587  13862
12587  16742
12587  24402
9755  5621
9755  1832
9755  14385
3063  25917
3063  18210
3502  17828
3502  15126
3502  16881
3502  23864
6009  9736
6009  5639
6009  6896
9736  5639
15126  1265
15126  25910
15126  23864
15126  17828
16674  3839
16674  13615
16674  3955
16674  4146
16674  10532
16674  17250
16674  23470
17828  1839
17828  23864
18210  25917
19140  13470
19140  1825
19140  6226
19140  14317
19140  20775
19316  4446
20116  16389
23864  1265
23864  1839
23864  16881
24023  25777
24023  24034
10762  23708
10762  9075
10762  10623
10762  15235
10762  21324
10762  21665
10762  22336
10762  22734
10762  23246
10762  3412
10762  5441
23514  18185
2870  2536
2870  9207
2870  12654
2870  16041
2870  22555
2870  25870
11572  18065
573  4966
2661  24845
2661  11132
2661  12980
2661  14969
7899  18109
8067  14969
8067  24845
8208  25379
11402  14969
12980  24029
12980  11132
14969  11132
14969  24845
23038  9255
23038  4068
23038  7383
23038  16389
23038  16414
23038  24270
23038  193
23038  9993
23038  10819
23038  12654
23038  15917
23038  25582
22798  25996
22798  1278
22598  14102
22598  8862
22598  888
22598  6627
22598  7712
22598  18517
22598  18676
22598  23689
22598  24114
4195  8737
7069  16485
7712  7459
7712  1520
7712  13614
7712  5555
7712  5787
7712  10623
7712  13321
7712  18517
17536  17379
17536  6891
17536  7895
17536  9773
17536  11863
17721  18365
17721  1403
17721  14781
17721  16765
17721  17017
17721  17161
21723  25050
21723  17681
21723  11113
21723  23836
23351  888
23351  1520
23351  13614
25996  8547
9124  5346
9124  4700
9124  1386
9124  1658
9124  2566
9124  5606
9124  5634
9124  9870
9124  10597
9124  24475
9124  23186
17379  8701
17379  78
17379  10620
17379  11112
17379  14864
17379  23153
17379  1310
1310  9870
1310  24475
1310  25931
1310  23186
14308  5597
14308  20787
14308  25050
19697  5519
19697  23809
19697  4781
6512  88
6512  9313
6512  17807
6512  9656
6512  10350
6512  2449
6512  2530
6512  20574
6512  6340
6512  18757
6512  1995
6512  2338
6512  2535
6512  8727
6512  9869
6512  12507
6512  12710
6512  14648
6512  14766
6512  15010
6512  15245
6512  18225
6512  18453
6512  18778
6512  19645
6512  19939
6512  20576
6512  22504
6512  23712
2449  88
2449  1995
2449  10350
2449  2338
2449  2530
2449  4355
2449  4755
2449  6340
2449  7197
2449  7635
2449  14648
2449  15010
2449  15933
2449  16654
2449  18225
2449  18453
2449  18778
2449  19939
2449  21178
2449  22197
2449  2535
88  18453
88  18778
88  1995
88  2338
88  4755
88  6340
88  7197
88  8727
88  9313
88  9869
88  12507
88  14648
88  15245
88  15457
88  15933
88  18225
88  9656
88  10350
88  19939
88  20574
88  12710
88  14766
88  15010
1995  9313
1995  9656
1995  18225
1995  5210
1995  6340
1995  8727
1995  12507
1995  12710
1995  14766
1995  15245
1995  15933
1995  16654
1995  17807
1995  19446
1995  19645
1995  19939
1995  20576
1995  23712
1995  10350
1995  2338
1995  2530
1995  20574
1995  15010
2338  8727
2338  17807
2338  10350
2338  18453
2338  15010
2338  2530
2338  2535
2338  4355
2338  4755
2338  5210
2338  7635
2338  9656
2338  12507
2338  12710
2338  15245
2338  15457
2338  15933
2338  16654
2338  19114
2338  19645
2338  20576
2338  22504
2338  23712
2338  19939
2530  8727
2530  9313
2530  17807
2530  9656
2530  9869
2530  18225
2530  10350
2530  20574
2530  15010
2530  4355
2530  6340
2530  7197
2530  7635
2530  12710
2530  14648
2530  15245
2530  16654
2530  19114
2530  19645
2530  20576
2530  22504
2530  23712
2530  2535
2530  12507
2530  15933
8727  2535
8727  4755
8727  5210
8727  6340
8727  7635
8727  15010
8727  23712
8727  9656
8727  9869
8727  12507
8727  15245
8727  15457
8727  17807
8727  18225
8727  20576
8727  22504
8727  19446
8727  19645
8727  19939
8727  12710
8727  15933
9313  2535
9313  4755
9313  6340
9313  18453
9313  18778
9313  15010
9313  9656
9313  12507
9313  16654
9313  17807
9313  18225
9313  19645
9313  19939
9313  9869
9313  14766
9313  15933
9656  17807
9656  2535
9656  4355
9656  7635
9656  18453
9656  18778
9656  15010
9656  9869
9656  12507
9656  12710
9656  16654
9656  18225
9656  19645
9656  20576
9656  22504
9656  10350
9656  20574
9656  14766
9656  15933
9869  17807
9869  20574
9869  2535
9869  4355
9869  6340
9869  7635
9869  23712
9869  10350
9869  12710
9869  14648
9869  15457
9869  15933
9869  16654
9869  18225
9869  19114
9869  19645
9869  22504
9869  19939
10350  17807
10350  18225
10350  20574
10350  2535
10350  4755
10350  6340
10350  7197
10350  10801
10350  18778
10350  15010
10350  12507
10350  12710
10350  15933
10350  19939
10350  21178
10350  19645
10350  23712
12507  18225
12507  2535
12507  19446
12507  19939
12507  4355
12507  4755
12507  7635
12507  18778
12507  15010
12507  12710
12507  15245
12507  15933
12507  19114
12507  22504
12507  14766
12710  18225
12710  2535
12710  19446
12710  19939
12710  20574
12710  4755
12710  15010
12710  23712
12710  15933
12710  19645
12710  20576
14766  17807
14766  18225
14766  19939
14766  6340
14766  4355
14766  4755
14766  5210
14766  7197
14766  18778
14766  15010
14766  23712
14766  15933
14766  19114
14766  19645
15010  18225
15010  2535
15010  19446
15010  20574
15010  4755
15010  5210
15010  7197
15010  7635
15010  15245
15010  15457
15010  15933
15010  17807
15010  19114
15010  19939
15010  20576
15010  21178
15010  22504
15010  23712
11416  8222
11416  19489
11416  2851
11416  21495
15933  17807
15933  2535
15933  19446
15933  19645
15933  19939
15933  20574
15933  6340
15933  23712
15933  5210
15933  15245
15933  15457
15933  19114
15933  21178
15933  22504
17807  20574
17807  2535
17807  4755
17807  7197
17807  7635
17807  14648
17807  15245
17807  18453
17807  19645
17807  19939
17807  21178
17807  22504
17807  18225
17807  19446
17807  6340
17807  23712
18225  2535
18225  6340
18225  14648
18225  16654
18225  18778
18225  23712
18225  19446
18225  19645
18225  21178
18225  22504
18225  19939
19446  20574
19446  5210
19446  15245
19446  15457
19446  16654
19446  23712
19446  19645
19446  19939
19446  20576
19939  2535
19939  19645
19939  4355
19939  4755
19939  5210
19939  6340
19939  7197
19939  14648
19939  15457
19939  18778
19939  23712
19939  21178
19939  22504
19939  20574
23712  6340
23712  2535
23712  7635
23712  15457
23712  16654
23712  19645
23712  20576
23712  22504
23723  14661
23723  5712
23723  19562
23723  24477
4466  18739
16357  9943
16357  22188
16357  25710
16357  11630
16357  23110
19179  5993
19179  3910
19179  21491
21491  7689
21491  16389
21491  16210
21491  4068
21491  7522
21491  9944
21491  25569
3096  17207
3096  15235
3096  18286
5346  1658
5346  4822
5346  6864
5346  7689
5346  12971
5346  15159
5346  22393
5346  23186
5346  23214
5346  23298
5346  23945
6094  22366
10427  20595
10427  12101
10427  1023
10427  2512
14834  19489
14834  15793
14834  20772
14834  26193
19048  26088
19048  2326
19048  7475
19048  10931
19048  11607
19048  19351
2912  2326
2912  6264
2912  6175
2912  6266
2912  8215
2912  11811
2912  11840
2912  4351
11811  19012
11840  19012
11840  20305
4673  4180
4673  7475
4673  12803
4673  15596
6266  2326
19012  272
26088  10931
26088  2563
26088  8437
26088  12071
22758  25419
22758  5555
22758  5564
6732  22609
6732  15081
6732  23967
15081  1765
15081  8087
22609  13955
10910  25777
25940  6427
24199  12141
24199  23576
178  12701
1606  6264
4351  8968
4351  1098
4351  6264
4351  16107
12927  25916
12927  2465
12927  2368
12927  25034
12927  853
12927  8441
12927  16087
12927  17231
24753  20391
24753  3922
24753  8408
24753  2536
24753  12654
24753  16041
24753  22555
24753  14033
24753  25383
5519  26167
5519  17818
5519  23809
11047  9151
11047  25856
14512  25304
14512  14854
10926  13164
10926  4146
10926  18668
10926  12553
12553  4146
18668  2560
7533  3872
7533  2803
14372  26178
14372  12660
26178  12660
25378  20391
25378  10871
25378  16469
25378  22105
4354  18185
12968  20574
12968  4624
12968  21629
21629  20574
7801  22555
7801  25988
7801  3631
8666  10081
8666  4756
8666  23477
12884  18778
12884  18511
12884  20173
22366  8224
22366  11696
22366  20100
22366  18453
22366  20119
22366  21929
22028  491
22028  13970
14952  12498
14952  244
14952  4765
14952  16900
14952  22246
4765  24174
12040  22336
3164  1339
3164  8824
3164  21995
12938  25836
12938  4115
12938  25528
25836  22966
543  8387
543  24833
543  16976
543  2193
543  4458
543  7883
543  19325
543  20853
543  21205
3178  3386
3178  19675
3178  4458
3178  4989
9092  22493
18870  1829
23693  16976
23693  20853
23693  26196
6421  11696
8224  23441
11696  16210
11696  18453
11696  23441
11696  1109
11696  9126
11696  10655
11696  12742
11696  18745
17207  11712
17207  3412
17207  12806
5934  10871
5934  3411
5934  4428
5934  6317
5934  7541
5934  15066
5934  15664
5934  16469
4068  16389
4068  16210
4068  21994
4068  22699
4068  9993
4068  25569
9255  20065
9184  14599
9184  20373
9184  18013
9184  10381
9184  1408
9184  7024
9184  9147
9184  18736
9184  19940
15479  20373
15479  25034
3323  21653
20373  1877
20373  2042
20373  25034
20373  1341
20373  2474
20373  4422
20373  7355
20373  9143
20373  14357
20373  18736
20373  19940
20373  5259
11102  1896
11102  6838
23836  25050
23836  5597
23836  23841
23836  20787
23836  4290
23836  8200
23836  8854
23836  17273
23836  21017
25050  17273
25050  11113
1832  14385
3731  5407
3731  9099
9639  8823
9639  8261
9639  3231
9639  3719
9639  4773
9639  5067
9639  6907
9639  8375
9639  17997
9639  19870
9639  20532
9639  21931
9639  22527
9639  25060
9639  25289
12141  2949
12141  2115
15784  19870
15784  22527
15784  16174
15784  17589
19870  8823
19870  3231
19870  4773
19870  6411
19870  8549
19870  19808
19870  21931
19870  20532
19870  22527
20532  3231
20532  4773
20532  6411
20532  22527
24293  21798
24293  23967
24293  5407
24293  15184
24293  23577
24293  23649
23967  4364
23967  7450
23967  18286
70  4727
4727  123
4727  23240
3980  16962
21075  2042
21075  1877
21075  21089
21075  1311
21075  1430
21075  3873
21075  3983
21075  4182
21075  21156
21075  21162
7645  11502
7645  12158
25562  17135
3430  14606
5995  24431
10824  15144
24431  5266
7768  1116
7768  15235
7768  15399
7768  21287
7768  23227
20168  2368
20168  5712
20168  6264
2535  20574
2535  4755
2535  5210
2535  6340
2535  15457
2535  16654
2535  19114
2535  20576
2535  21178
2535  22504
6340  19645
6340  20574
6340  4755
6340  15245
6340  16654
6340  19114
6340  20576
6340  21178
19645  20574
19645  4355
19645  4755
19645  5210
19645  7197
19645  7635
19645  14648
19645  15245
19645  15457
19645  18778
19645  19114
19645  21178
21089  4952
21089  2200
21089  21156
16640  26098
16640  26038
16640  3948
16640  4013
26098  8547
26098  15600
8701  2991
8701  18008
8701  23385
8701  7774
7774  22599
18008  18625
5564  7459
5564  9127
5564  23299
5993  7689
5993  3977
5993  20052
5993  23224
7459  23637
7459  4877
7459  5555
7459  24932
7459  7689
7689  5107
7689  5555
7689  9133
7689  10096
7689  14864
7689  19131
7689  22426
7689  22791
7689  23637
7689  25158
7689  25316
8916  2591
8916  8932
8916  9773
8916  12334
8916  13713
9721  19110
10942  10711
10942  2846
10942  23647
14102  13614
14102  8408
14102  17286
23637  3059
23637  10251
23637  25903
23647  2846
23647  2710
23647  5555
23647  5787
23647  6828
23647  25319
7911  1966
7911  10918
7911  15717
9943  21994
9943  22188
9943  10543
9943  23110
21407  10113
11629  21994
13989  2710
13989  4484
13989  22379
2511  14051
3547  1405
3547  449
3547  882
3547  3033
3547  3511
3547  7091
3547  17245
3547  18340
18065  7769
18065  15977
18065  13369
19489  23441
19489  836
19489  16747
15657  5107
15144  4983
15144  13480
15144  14562
15144  15912
15144  19974
15144  22245
20574  7197
20574  7635
20574  15245
16607  3593
16607  18237
8063  1896
16647  8511
20119  20100
20119  195
20119  19168
743  26190
743  12334
19107  615
2474  18344
16568  24620
16568  5385
2042  3683
2042  14664
2042  16065
2042  20014
2042  23163
2042  6748
5194  183
5107  7504
5107  12212
5107  14864
5107  2074
5107  17800
5107  19080
12101  1023
12101  3058
615  8612
615  4515
615  10590
615  9306
615  12308
615  12606
615  13501
615  15935
615  23145
615  16083
11604  16083
16083  2076
16083  811
16083  15123
12334  7893
12334  9360
12334  18037
12334  26190
26038  3265
26038  8513
26038  10501
26038  13029
26038  13622
26038  13682
26038  26065
5259  7355
7355  6264
7355  1341
2044  18013
21125  4425
21125  24398
4146  2560
4146  13837
22527  9643
22527  3719
22527  5067
22527  6907
22527  8072
22527  8375
22527  9025
22527  13649
22527  15683
22527  19923
22527  21824
22527  25060
22527  25289
2877  14403
2877  21154
4697  14599
4697  25537
8592  18904
894  5441
894  22734
5441  21665
13647  10801
13647  25125
13647  7090
16831  7090
16831  11792
491  1818
491  4552
491  7882
491  17039
491  17082
19562  1058
19562  14661
16906  2340
16906  2443
18736  7024
18736  17393
2710  106
2710  260
2710  4708
2710  5172
2710  5541
2710  6575
2710  10601
2710  11401
2710  13026
2710  13659
2710  14007
2710  14009
2710  14599
2710  15301
2710  20934
2710  22184
2710  26023
2710  26100
8222  4242
21495  4242
11400  11372
11400  4247
11400  4250
11400  11318
11400  11405
11400  15196
11400  15938
20517  17172
23066  14500
13469  10615
13469  4631
1877  20014
1877  23163
20014  12842
23186  25931
1279  14550
21814  24489
5597  23841
5597  5166
5597  114
5597  6631
5597  8854
4301  24614
1765  20660
1765  8087
1765  15523
1765  17339
1765  19711
23708  14351
23708  15718
23708  21650
23708  22336
4431  25607
4431  18995
11152  23683
14661  2959
14661  5541
14661  17794
14661  21321
14661  3685
14661  24477
22839  22087
25607  12720
25607  9659
25607  4104
25607  18995
25607  25661
2846  495
2846  3965
2846  5622
2846  7855
2846  8928
14403  2630
14403  7563
14403  21154
13702  19978
13702  199
13702  14667
13702  17874
17874  199
5712  3508
13369  2443
13369  15395
13369  14369
2443  17738
2443  23051
2443  2340
2443  8625
2443  15395
2443  17583
2443  14369
2443  7650
7650  17738
7650  2621
7650  3283
7650  5131
7650  6222
7650  6456
7650  9433
7650  12802
7650  13526
7650  17600
7650  17819
7650  17823
7650  18000
7650  18444
7650  22324
7650  22901
7650  24479
7650  24615
7650  26039
8184  23051
8184  14369
14369  17738
14369  23051
14369  6918
14369  8625
14369  15395
14369  17583
3066  7991
3066  11609
7475  10931
