0  110
2  308
2  431
3  383
5  16
5  408
5  405
6  89
6  123
6  324
6  435
7  77
8  146
8  435
9  264
9  122
9  271
9  471
12  194
12  220
12  282
12  462
13  214
14  244
14  252
15  341
16  69
17  354
17  300
20  64
21  346
21  227
21  132
22  218
22  445
23  388
24  420
24  429
26  496
29  415
30  207
30  215
31  438
32  475
32  308
32  463
33  123
33  334
34  489
34  398
35  392
35  102
37  112
37  65
37  162
37  376
37  215
38  293
38  198
38  343
39  176
39  178
39  115
40  129
42  313
43  82
43  194
43  134
44  396
44  443
44  484
44  93
46  393
46  271
46  377
47  312
47  408
47  130
47  92
47  482
48  493
48  86
48  350
48  254
48  157
49  367
50  408
51  317
51  462
51  325
52  466
52  491
52  429
53  201
53  309
53  487
54  193
55  131
55  143
55  375
56  106
56  84
56  191
57  387
57  247
57  101
57  349
58  134
58  247
59  338
59  235
59  156
60  73
60  413
61  449
61  236
63  435
64  225
64  359
65  473
66  84
66  407
67  80
67  245
68  122
68  443
68  310
68  350
69  300
69  369
69  179
69  117
69  95
70  224
70  456
71  340
71  494
71  255
72  272
72  100
72  468
73  258
74  375
75  300
75  493
76  120
76  497
76  306
77  388
77  396
78  227
78  310
79  122
79  132
79  125
79  237
80  207
82  114
84  284
84  186
84  358
85  145
85  370
86  250
86  327
86  423
87  234
87  314
88  261
89  392
90  455
91  195
91  428
92  265
92  186
92  142
93  160
93  491
93  157
94  376
94  498
94  397
95  256
95  472
96  266
96  486
96  423
97  312
97  434
97  221
99  200
100  161
101  123
102  352
103  398
104  153
104  154
104  189
106  305
107  475
107  165
108  485
108  415
110  153
110  219
110  300
112  407
113  423
114  473
115  154
116  138
116  411
116  346
117  313
118  128
118  140
119  284
119  302
120  336
120  249
121  291
121  397
122  376
122  153
122  412
122  319
123  170
123  142
123  474
124  290
124  461
125  407
126  398
126  247
127  411
127  222
127  407
128  440
129  398
130  314
130  374
130  390
132  474
134  272
134  146
135  354
136  178
136  326
136  191
137  472
137  354
137  231
139  343
140  336
140  408
141  352
141  452
142  381
142  334
143  256
143  157
145  170
145  252
145  373
146  473
146  196
147  250
147  262
148  410
149  337
149  174
151  435
152  403
152  389
154  156
154  244
154  328
156  358
157  448
157  489
157  440
158  214
158  422
159  392
161  194
161  220
161  310
163  437
163  495
164  251
165  495
166  412
166  389
167  477
168  438
169  384
169  202
169  283
170  172
171  405
171  231
172  461
173  231
174  378
174  211
174  277
174  218
176  258
176  211
176  319
180  288
180  298
180  259
180  367
181  495
183  254
185  338
185  476
185  359
186  384
186  315
186  228
187  192
187  216
188  498
188  245
188  293
190  472
190  366
191  306
191  203
191  310
192  276
192  214
192  222
193  281
193  348
193  221
194  197
194  225
195  398
197  260
197  229
197  495
197  220
197  447
198  496
199  491
199  374
199  367
200  496
202  448
202  268
203  208
204  269
204  495
205  219
205  412
205  443
206  374
207  238
209  496
209  265
209  292
210  352
210  303
211  304
212  249
212  298
212  236
212  292
213  281
213  370
214  449
214  383
215  345
215  339
215  357
216  256
216  361
216  306
216  412
218  473
218  477
219  369
219  441
221  272
221  312
221  375
224  234
225  416
225  343
227  493
229  409
232  384
233  272
233  384
233  488
235  298
235  363
236  344
237  272
237  254
238  288
238  281
242  289
245  289
245  377
246  299
247  480
247  491
247  308
247  281
248  404
249  378
250  281
251  354
252  491
252  358
253  495
255  304
255  460
255  278
257  356
258  379
258  412
258  304
259  283
259  349
259  327
260  385
260  264
260  491
260  432
260  440
261  412
263  293
264  364
265  278
266  385
267  452
267  477
268  449
268  301
268  434
270  299
271  473
272  289
272  290
272  363
273  405
273  463
276  296
276  474
276  307
278  289
279  378
280  342
281  349
287  388
288  355
289  395
290  304
290  451
290  342
291  442
293  309
293  346
293  476
294  451
294  334
294  342
294  422
295  356
296  361
296  314
298  436
299  457
299  364
299  470
300  476
301  370
302  448
302  429
303  322
304  309
305  407
306  489
306  379
306  414
308  351
309  384
309  347
310  393
311  408
314  417
315  419
315  318
316  434
316  379
318  348
318  413
318  455
319  384
319  415
324  345
324  355
326  446
326  351
327  363
327  463
327  483
328  492
329  494
330  374
330  486
335  468
337  356
337  349
339  497
340  427
340  422
341  378
343  357
344  417
345  351
345  367
347  348
348  351
350  488
352  386
352  413
352  415
354  435
355  395
355  429
356  416
357  420
360  447
362  389
367  428
369  441
369  431
371  491
379  495
383  449
383  396
385  483
389  413
389  463
394  446
395  402
395  410
396  492
398  491
404  411
404  419
404  495
408  435
412  475
415  493
415  463
424  477
428  443
436  438
449  490
467  475
468  475
472  483
474  476
489  498
