0  437
0  14
1  74
1  84
1  245
1  311
2  97
2  71
2  8
2  393
2  299
2  76
2  40
2  114
2  217
2  444
3  128
3  482
3  150
3  363
3  21
3  278
3  156
3  373
4  321
4  322
4  35
4  260
4  462
4  195
4  219
5  80
5  394
5  118
5  238
6  146
6  284
6  317
7  98
7  292
7  38
7  198
7  452
7  223
7  485
8  219
8  390
8  270
8  184
8  475
9  73
9  191
9  399
10  443
11  357
11  70
11  266
11  430
11  468
11  408
12  201
12  397
13  422
13  74
13  140
13  398
13  441
13  59
13  92
13  127
14  96
14  161
14  473
15  424
15  489
15  187
15  191
16  266
16  460
16  272
16  116
16  344
16  251
17  272
17  420
17  74
17  496
17  469
17  125
17  277
18  424
18  212
18  197
19  384
19  264
19  494
19  183
19  282
19  316
20  128
20  162
20  62
20  382
21  468
21  483
22  40
22  234
22  419
22  373
22  126
23  416
23  179
23  134
24  275
24  363
24  166
25  76
25  213
25  382
25  327
26  321
26  330
26  67
26  284
28  112
28  97
28  128
28  126
28  121
29  68
29  204
29  100
29  474
29  476
29  350
30  225
30  131
30  241
30  456
30  425
30  174
30  112
30  305
30  319
30  119
30  155
30  479
31  344
31  242
31  52
31  442
31  383
32  128
32  320
32  222
33  224
33  258
33  67
33  326
33  139
33  450
33  113
33  311
33  472
33  408
33  348
33  413
34  388
34  428
34  398
35  461
35  143
35  117
35  150
35  378
35  478
36  112
36  288
36  67
36  390
37  192
37  259
37  486
38  49
38  99
38  92
39  97
39  353
39  432
39  216
39  380
39  446
40  167
40  438
40  61
40  414
41  251
41  276
41  189
42  48
42  160
42  275
42  309
42  169
43  224
43  356
43  433
43  497
43  306
43  63
44  80
45  192
45  313
45  106
45  437
46  257
46  250
46  420
46  133
47  425
47  270
47  404
47  310
47  313
47  346
48  487
48  235
48  204
48  399
48  222
49  130
49  406
50  67
50  103
50  265
50  163
50  246
50  281
50  158
50  223
51  234
51  245
51  142
51  430
52  329
52  66
52  116
52  63
53  304
53  403
53  189
54  288
54  281
54  474
54  289
55  382
56  320
56  488
56  235
56  228
56  231
57  457
57  311
57  380
57  335
58  123
58  235
58  423
59  182
59  102
59  270
59  177
59  276
59  406
60  242
60  299
60  125
60  237
61  264
61  387
61  404
62  200
62  466
62  439
62  188
62  445
63  384
63  205
63  303
63  310
63  221
63  383
64  373
65  271
65  465
65  99
65  475
65  327
66  299
66  117
66  286
67  390
67  139
67  250
68  419
68  293
68  263
68  396
68  117
68  91
69  83
69  453
71  196
71  138
71  306
71  89
71  234
72  384
72  356
72  317
73  211
73  97
73  449
75  424
75  147
75  134
75  391
76  235
76  337
76  436
76  85
77  376
78  228
78  357
78  494
78  149
78  246
78  187
78  159
79  146
79  349
79  461
79  470
79  93
80  324
80  434
80  466
80  373
80  260
80  469
81  321
81  453
81  296
81  413
81  309
81  445
82  256
82  156
82  356
82  199
83  488
83  362
83  235
83  498
83  181
83  376
83  283
83  124
83  159
84  274
84  149
85  130
85  324
85  263
85  260
85  223
86  256
86  170
86  203
86  413
87  443
87  155
87  365
87  398
88  288
88  258
88  487
88  360
88  459
88  464
88  211
89  422
89  361
89  428
89  333
89  372
89  286
89  447
90  224
90  481
90  396
90  229
90  431
91  233
91  130
91  206
91  279
92  129
92  103
92  168
92  469
92  415
93  450
93  131
93  246
93  143
94  121
94  338
94  167
94  289
94  377
95  234
95  235
95  340
95  394
96  216
96  140
96  348
96  165
97  469
97  342
98  161
98  318
98  321
99  400
100  130
101  338
101  407
101  332
101  471
102  215
103  225
103  484
104  288
105  235
105  206
106  450
106  456
106  290
106  119
106  346
106  207
107  263
107  215
107  398
107  495
107  375
107  345
108  296
108  265
108  154
108  469
109  320
109  376
109  133
110  318
110  453
110  470
110  119
111  177
111  314
111  164
111  292
112  324
112  137
112  241
112  406
113  228
113  134
113  198
113  118
113  314
113  287
114  249
114  155
114  428
114  394
115  128
115  276
115  404
115  414
115  449
116  130
116  407
116  476
116  125
117  304
117  348
118  356
118  168
118  173
118  335
118  383
119  448
119  329
120  176
120  456
120  482
120  356
120  205
121  329
121  337
122  489
122  389
123  225
123  340
123  437
123  409
123  159
124  258
124  195
124  207
125  268
125  396
125  380
126  289
126  388
126  199
126  201
126  492
126  184
126  410
127  155
127  198
127  357
128  265
128  273
129  226
129  325
130  199
130  243
130  185
130  379
131  481
131  295
131  361
131  238
131  463
131  342
132  467
132  350
133  308
133  183
134  232
134  141
134  270
135  226
135  323
135  258
135  462
135  271
135  307
135  217
135  429
135  255
136  392
136  465
136  286
137  289
138  144
138  477
139  424
139  161
139  185
140  490
140  227
140  414
141  386
141  265
141  362
141  467
141  221
142  264
142  331
142  392
142  186
142  314
143  427
143  269
143  346
143  189
143  414
144  408
144  221
144  487
145  345
145  322
146  347
146  171
147  224
147  281
147  303
147  369
148  459
148  495
150  234
150  230
150  491
151  339
151  324
151  246
151  227
152  361
152  363
152  385
153  169
153  250
153  281
153  423
154  408
154  186
154  165
154  303
155  232
155  432
155  212
155  222
155  447
156  296
156  290
156  229
157  208
157  337
157  421
157  247
158  482
158  447
159  208
159  245
159  183
159  221
160  313
160  419
161  273
161  332
162  423
162  461
162  166
162  293
163  320
163  405
163  351
164  327
165  235
165  244
166  473
166  379
166  481
167  371
167  222
169  251
169  278
170  232
170  340
170  207
171  208
171  417
171  486
171  479
172  312
172  305
173  253
174  448
174  234
174  332
174  493
174  254
175  414
176  385
176  338
176  190
177  474
177  196
177  222
178  331
178  307
178  195
178  459
179  200
179  315
179  357
179  190
180  232
180  472
180  403
181  385
182  306
183  425
183  492
183  209
183  437
183  475
184  314
184  189
184  434
185  195
185  197
185  360
185  451
185  409
186  303
186  495
186  431
187  271
187  469
187  295
188  257
188  460
188  397
188  466
188  189
189  355
189  240
189  466
190  359
190  488
190  266
190  459
190  238
190  271
190  216
191  492
191  329
191  223
192  340
192  270
192  463
193  420
194  456
195  290
195  323
195  406
195  317
195  446
196  472
196  405
196  367
197  458
197  402
197  372
197  249
198  257
198  346
198  411
199  393
199  205
199  238
199  335
199  403
199  469
199  287
199  447
200  361
200  371
200  436
200  414
200  215
200  415
201  229
201  299
201  464
201  467
201  325
202  298
202  229
202  462
203  499
203  477
203  471
204  361
204  442
204  206
205  346
205  434
206  257
206  323
206  390
206  279
206  402
206  233
207  458
207  231
208  385
208  369
208  340
208  442
208  413
209  349
209  326
209  223
210  428
211  362
211  294
212  442
212  222
213  440
213  496
213  261
214  481
214  421
215  456
215  340
215  477
216  481
216  237
216  446
216  351
217  456
217  268
217  420
218  460
219  403
219  453
219  286
220  283
220  339
220  276
221  475
221  466
221  283
221  380
222  242
222  307
222  409
222  380
223  234
223  285
224  235
224  447
225  257
225  418
225  492
226  248
226  295
226  335
227  331
227  373
227  247
228  257
228  294
228  461
229  393
230  271
230  305
230  375
230  473
231  368
231  234
231  393
232  256
232  321
232  419
232  243
233  369
234  427
234  341
235  400
236  274
236  334
236  406
238  334
238  463
239  262
239  326
239  287
240  487
241  329
241  303
242  485
242  487
242  453
242  272
243  452
243  250
243  410
243  254
245  450
245  420
245  375
245  403
245  372
245  439
247  295
247  429
247  278
248  371
248  412
248  397
249  259
249  388
249  265
249  438
250  347
251  384
251  491
251  428
251  404
252  475
252  260
252  310
254  361
254  290
255  465
255  274
257  263
257  303
258  387
258  456
259  453
259  269
259  367
259  447
260  384
261  281
261  407
261  425
261  433
262  324
262  363
262  270
262  494
262  346
263  453
263  294
263  423
263  431
263  497
263  379
263  373
265  296
266  453
266  392
266  445
267  354
267  293
268  281
268  319
269  453
270  291
270  437
270  378
271  295
271  337
271  310
271  446
272  419
272  450
273  426
273  331
273  313
273  445
274  409
274  278
275  339
275  290
275  343
276  484
276  420
276  493
276  303
276  489
276  388
277  326
277  297
278  385
278  486
278  488
278  471
279  395
279  359
280  392
280  314
280  471
281  492
281  378
282  365
283  392
283  369
284  449
284  356
284  497
285  481
286  340
287  448
287  393
287  378
287  495
288  389
288  319
289  327
289  470
290  431
291  333
292  433
292  307
293  315
293  447
294  298
294  423
294  349
295  423
295  488
295  316
296  329
296  367
296  443
297  347
298  417
298  398
299  460
301  416
301  493
302  441
302  367
302  431
304  412
305  339
307  328
307  372
307  411
308  413
309  367
309  399
309  383
310  441
310  412
311  378
311  395
312  343
314  482
314  357
314  466
314  374
316  458
317  387
317  339
317  341
317  471
318  435
318  437
318  411
318  380
319  325
319  422
319  424
319  383
320  428
320  338
320  441
321  490
321  491
321  496
321  438
322  349
322  380
322  431
324  386
325  423
325  358
326  404
326  479
327  354
329  495
329  477
329  377
331  355
331  463
331  432
332  488
332  438
332  475
333  454
335  395
335  462
335  368
335  438
336  484
336  429
337  400
337  403
337  415
338  481
338  491
340  356
340  443
341  364
342  462
342  496
342  473
342  378
343  479
345  405
345  469
346  383
346  369
346  403
346  429
346  390
347  410
349  401
350  394
350  460
351  385
351  397
351  481
353  362
353  406
353  462
354  498
355  443
355  367
356  423
356  407
357  380
358  475
358  390
358  430
359  426
359  405
360  466
363  388
364  474
364  426
364  386
366  414
367  419
368  395
369  370
369  371
370  452
371  478
372  375
373  449
374  473
374  398
375  454
375  488
375  443
376  480
377  397
380  473
381  402
382  481
383  449
385  474
386  391
386  447
388  481
388  405
391  473
393  474
395  419
395  485
397  434
402  499
402  452
403  438
404  456
404  498
405  443
407  435
408  462
408  439
408  412
409  423
410  432
411  465
412  416
412  488
413  460
414  416
414  487
414  475
418  449
418  476
418  497
419  497
419  474
420  446
421  490
421  422
422  478
423  481
423  431
423  466
424  480
425  459
426  440
426  446
427  451
428  431
430  471
430  491
434  450
434  442
436  495
437  442
439  459
443  466
445  457
445  479
448  472
455  457
458  499
459  460
459  469
462  498
462  495
463  476
466  478
472  491
477  484
478  487
482  494
483  494
