0  295
0  453
0  177
0  145
0  460
0  266
0  241
0  268
0  349
0  472
0  308
0  54
0  311
0  408
0  313
0  216
0  445
1  96
1  406
1  70
1  9
1  239
1  210
1  438
1  311
1  154
1  476
2  64
2  43
2  68
2  296
2  105
2  427
2  140
2  429
2  144
2  242
2  119
3  283
3  262
3  203
3  209
3  245
3  153
3  443
4  228
4  358
4  6
4  142
4  190
4  307
4  334
4  57
4  89
4  26
4  219
4  381
4  446
4  21
5  193
5  131
5  100
5  358
5  71
5  268
5  112
5  373
5  439
5  376
5  444
5  381
6  499
6  268
6  21
6  111
7  419
7  68
7  101
7  104
7  37
7  185
7  127
7  188
7  253
7  69
7  415
8  136
8  376
8  106
8  323
8  87
9  320
9  482
9  232
9  220
9  330
9  496
9  113
9  20
9  405
9  87
9  28
10  144
10  107
10  309
10  156
10  28
10  426
10  171
10  274
10  78
10  272
10  402
10  21
10  471
10  383
10  252
10  247
11  43
11  171
11  399
12  387
12  39
12  488
12  403
12  205
12  111
12  273
12  18
12  451
12  251
12  399
12  381
13  224
13  353
13  299
13  104
13  491
13  110
13  384
13  416
13  436
13  245
13  27
13  63
14  321
14  163
14  449
14  137
14  461
14  206
14  493
14  462
14  233
14  283
14  361
14  479
15  128
15  123
15  39
15  170
15  363
15  210
15  57
15  345
15  315
16  259
16  71
16  202
16  435
16  274
16  147
16  182
16  188
17  33
17  419
17  295
17  103
17  265
17  395
17  180
17  313
17  26
18  323
18  135
18  412
18  170
18  395
18  269
18  334
18  178
18  83
18  181
18  444
19  393
19  42
19  212
19  117
19  118
19  25
19  106
19  159
20  417
20  289
20  489
20  176
20  219
20  60
21  268
21  459
21  172
21  334
21  372
21  405
21  251
21  330
22  305
22  204
22  173
22  337
22  441
22  473
22  126
22  287
23  37
23  199
23  329
23  370
23  468
23  489
23  282
23  351
24  257
24  362
24  270
24  243
24  216
24  473
24  26
24  62
25  320
25  259
25  164
25  294
25  456
25  329
25  151
25  428
25  462
25  338
25  494
25  343
25  185
25  284
25  478
25  181
26  389
26  490
26  140
26  238
26  112
26  242
26  115
26  347
27  353
27  36
27  40
27  112
27  426
27  306
27  144
27  264
27  434
27  374
27  408
27  253
28  194
28  484
28  421
28  71
28  459
28  108
28  399
28  368
28  90
28  380
28  74
29  64
29  477
29  78
29  415
30  294
30  243
30  105
30  207
30  371
30  116
30  393
30  188
31  32
31  321
31  323
31  201
31  234
31  471
31  444
31  125
32  162
32  291
32  361
32  407
32  311
32  216
32  223
33  193
33  195
33  97
33  168
33  108
33  215
33  364
33  439
34  321
34  42
34  427
34  205
34  112
34  339
34  125
35  129
35  193
35  234
35  397
35  78
35  311
35  472
35  217
35  124
35  415
36  70
36  201
36  458
36  109
36  173
36  371
36  150
36  463
36  444
36  445
37  452
37  211
37  147
37  216
37  121
37  156
37  126
38  128
38  419
38  389
38  264
38  412
38  171
38  367
38  113
38  404
38  286
38  56
38  281
38  399
38  444
38  446
38  127
39  162
39  427
39  300
39  302
39  342
39  184
39  314
40  453
40  103
40  76
40  89
40  471
40  473
40  474
40  316
40  191
41  230
41  365
41  176
41  83
41  87
41  477
42  193
42  197
42  108
42  290
42  430
42  432
42  250
42  253
43  194
43  260
43  197
43  232
43  121
43  149
43  407
43  196
43  190
44  280
44  275
44  427
44  213
44  499
45  496
45  250
45  370
45  414
46  130
46  260
46  299
46  432
46  309
46  472
46  349
47  169
47  203
47  114
47  180
47  157
47  158
48  322
48  420
48  264
48  188
48  363
48  270
48  78
48  182
48  279
48  151
48  445
48  277
49  203
49  164
49  291
49  330
49  139
49  109
49  335
49  496
49  210
49  339
49  119
49  56
49  397
50  488
50  239
50  145
50  499
50  374
50  281
51  449
51  167
51  362
51  109
51  54
51  151
51  88
51  281
51  349
52  450
52  261
52  391
52  110
52  272
52  254
52  183
52  123
52  93
52  158
52  293
53  361
53  204
53  175
53  247
53  378
53  60
54  162
54  197
54  133
54  263
54  299
54  226
54  79
54  112
54  467
54  375
54  154
54  69
55  448
55  347
55  165
55  296
55  127
55  431
55  433
55  280
55  155
55  415
56  97
56  484
56  389
56  134
56  135
56  460
56  111
56  113
56  261
57  135
57  492
57  333
57  175
57  241
57  499
57  218
57  251
57  125
58  96
58  416
58  297
58  171
58  176
58  435
58  280
58  186
58  220
58  125
59  257
59  72
59  266
59  171
59  307
59  372
59  185
59  340
59  62
59  255
60  483
60  260
60  328
60  332
60  176
60  392
60  115
60  186
61  483
61  133
61  107
61  499
61  387
61  377
61  159
62  449
62  482
62  422
62  231
62  411
62  334
62  346
62  187
62  476
63  393
63  172
63  304
63  87
63  441
63  187
64  352
64  129
64  420
64  231
64  106
64  203
64  401
64  180
64  345
65  193
65  386
65  163
65  420
65  295
65  108
65  365
65  110
65  401
65  211
65  413
65  190
66  133
66  360
66  120
66  184
66  123
66  285
67  386
67  389
67  490
67  375
67  431
67  112
67  246
67  247
67  157
67  485
68  388
68  380
68  300
68  258
68  341
68  374
68  412
69  418
69  141
69  415
69  277
69  377
69  90
69  475
69  122
69  437
70  105
70  276
70  137
70  476
70  478
70  351
71  161
71  162
71  423
71  304
71  80
71  184
71  183
71  216
71  313
71  133
72  352
72  355
72  358
72  105
72  107
72  190
72  245
72  393
72  122
72  350
73  388
73  295
73  457
73  75
73  114
73  213
73  87
73  476
73  85
74  256
74  480
74  388
74  359
74  108
74  204
74  269
74  430
74  278
74  345
74  248
74  324
74  255
74  415
75  449
75  162
75  198
75  266
75  464
75  85
75  470
75  439
75  184
75  185
75  475
76  187
76  294
76  273
76  401
76  498
76  283
76  444
77  168
77  329
77  99
77  284
77  213
78  321
78  290
78  422
78  232
78  173
78  237
78  291
78  437
78  414
79  386
79  127
79  421
79  83
79  175
79  334
79  239
79  176
79  435
79  244
79  375
79  280
79  111
79  90
79  207
79  317
79  382
79  223
80  354
80  456
80  488
80  170
80  235
80  322
80  424
80  82
80  414
81  417
81  131
81  301
81  238
81  143
81  464
81  222
81  180
81  430
81  310
81  189
81  318
82  132
82  178
82  334
82  464
82  338
82  83
82  278
83  387
83  360
83  107
83  335
83  392
83  370
83  269
83  187
83  413
84  385
84  104
84  267
84  460
84  496
84  210
84  437
84  121
84  408
84  409
84  187
84  381
84  95
85  257
85  353
85  458
85  236
85  109
85  404
85  373
85  470
85  183
85  154
86  480
86  97
86  355
86  420
86  327
86  232
86  299
86  456
86  383
87  128
87  161
87  227
87  353
87  491
87  461
87  271
87  210
87  181
87  471
87  445
87  447
88  358
88  457
88  399
88  337
88  274
88  191
89  263
89  174
89  112
89  403
89  254
90  194
90  341
90  393
90  485
90  179
90  252
90  183
90  344
90  121
90  283
90  188
90  421
91  230
91  131
91  198
91  454
91  201
91  92
91  273
91  181
91  412
92  488
92  330
92  411
93  323
93  388
93  199
93  426
93  141
93  302
93  373
93  471
93  478
94  290
94  323
94  388
94  329
94  140
94  366
94  248
95  449
95  424
95  463
95  112
95  276
96  226
96  486
96  390
96  236
96  266
96  492
96  495
96  307
96  282
96  223
97  163
97  232
97  362
97  206
97  144
97  467
97  464
97  309
97  374
97  344
98  322
98  197
98  105
98  172
98  206
98  369
98  492
98  329
98  471
98  313
98  220
98  297
98  414
99  225
99  451
99  229
99  105
99  298
99  204
99  461
99  253
99  265
99  314
99  412
99  445
100  326
100  263
100  394
100  462
100  307
100  470
100  119
100  409
100  285
100  254
100  159
101  264
101  236
101  399
101  241
101  217
101  157
102  162
102  259
102  197
102  230
102  460
102  397
102  367
102  433
102  127
103  329
103  463
103  276
103  311
103  377
104  420
104  171
104  141
104  145
104  497
104  277
104  248
104  186
105  388
105  390
105  267
105  226
105  211
105  279
105  348
105  282
106  201
106  235
106  431
106  179
106  182
107  162
107  358
107  135
107  301
107  379
108  387
108  141
108  462
108  434
108  436
108  117
108  474
108  341
109  257
109  294
109  361
109  363
109  110
109  436
109  187
109  188
110  256
110  203
110  208
110  369
110  277
110  436
110  441
111  384
111  386
111  357
111  232
111  272
111  117
111  252
111  453
112  151
112  386
112  238
112  179
112  244
112  183
112  254
113  161
113  193
113  328
113  140
113  311
113  316
113  127
114  234
114  171
114  435
114  213
115  256
115  292
115  453
115  156
115  175
115  341
115  246
115  312
115  157
116  239
116  339
116  436
116  152
116  249
117  416
117  257
117  172
117  429
117  147
117  437
117  344
117  409
117  445
117  469
118  352
118  486
118  454
118  202
118  491
118  396
118  304
118  145
118  441
118  255
119  480
119  417
119  423
119  450
119  142
119  335
119  306
119  493
119  477
119  351
120  323
120  260
120  454
120  422
120  233
120  339
120  460
120  173
120  397
120  435
120  126
120  190
120  469
121  352
121  139
121  198
121  263
121  393
121  241
121  437
121  443
122  134
122  455
122  234
122  240
122  168
122  308
122  469
122  155
122  362
122  127
123  165
123  492
123  401
123  275
123  406
123  471
123  381
123  223
124  291
124  452
124  392
124  267
124  461
124  468
124  203
124  151
124  474
124  126
125  161
125  259
125  297
125  183
125  241
125  284
125  375
125  444
125  222
125  191
126  480
126  193
126  483
126  459
126  335
126  402
126  371
126  287
127  129
127  135
127  499
127  377
127  444
128  162
128  231
128  427
128  305
128  254
128  415
129  260
129  389
129  455
129  434
129  131
129  216
129  441
129  314
129  443
130  434
130  444
130  445
130  415
131  490
131  465
132  145
132  235
132  454
132  473
133  230
133  284
133  141
133  431
133  208
133  436
133  183
133  380
133  445
133  287
134  448
134  323
134  264
134  362
134  243
134  438
134  380
135  482
135  239
135  252
135  253
135  382
136  256
136  288
136  358
136  294
136  172
136  241
136  375
136  421
137  304
137  164
137  496
137  345
137  155
138  259
138  453
138  363
138  364
138  468
138  184
139  353
139  263
140  160
140  417
140  227
140  357
140  418
140  366
140  477
140  336
140  276
140  285
140  468
140  252
140  317
141  273
141  318
142  434
142  364
142  231
143  259
143  325
143  231
143  362
143  491
143  366
143  441
143  252
143  191
144  379
144  431
144  217
144  383
145  358
145  455
145  174
145  281
146  259
146  325
146  361
146  408
146  220
146  381
147  228
147  486
147  337
147  232
147  271
147  401
147  153
147  223
148  178
148  292
148  274
148  157
149  226
149  453
149  243
149  373
149  223
150  305
150  322
150  307
150  222
151  263
151  388
151  230
151  199
151  360
151  363
151  398
151  401
151  155
152  234
152  276
152  447
153  487
153  259
153  457
153  266
153  432
153  308
153  378
153  415
154  390
154  426
154  433
154  436
154  415
155  418
155  179
155  456
155  170
155  173
155  334
155  499
155  243
155  406
155  279
155  440
156  261
156  297
156  396
156  175
156  489
156  249
156  346
157  295
157  332
157  497
157  227
157  309
157  411
157  188
158  418
158  198
158  426
158  492
158  180
158  374
158  250
158  284
158  474
159  160
159  384
159  300
160  161
160  458
160  308
160  318
160  440
160  478
161  334
161  476
162  488
162  177
162  242
162  355
162  340
162  411
162  254
162  295
163  416
163  393
163  216
163  434
163  494
163  248
163  314
164  211
164  263
164  424
164  339
164  309
164  425
164  218
165  423
165  263
165  171
165  467
165  463
165  241
165  339
165  436
165  344
165  179
165  411
166  408
166  238
167  224
167  246
167  303
167  401
167  278
167  471
167  280
167  463
167  319
168  391
168  235
168  462
168  175
168  241
168  253
168  222
168  349
168  286
169  459
169  428
169  368
169  307
169  271
169  412
169  223
170  452
170  325
170  207
171  193
171  489
171  491
171  275
171  392
171  435
171  340
171  438
171  471
171  440
171  446
171  357
172  196
172  375
172  343
172  281
173  192
173  231
173  210
173  395
173  498
173  434
173  324
173  474
174  194
174  265
174  301
174  307
174  187
175  262
175  459
175  396
175  221
175  351
176  480
176  231
176  238
176  432
176  430
176  186
177  321
177  484
177  428
177  258
177  397
177  304
177  497
177  434
177  184
177  351
178  448
178  387
178  391
178  488
178  496
178  442
179  395
179  239
180  293
180  286
180  344
181  449
181  428
181  401
181  310
181  221
182  272
182  329
182  407
182  443
183  291
183  201
183  396
183  336
183  409
183  188
184  257
184  424
184  364
184  322
184  237
184  431
184  316
185  219
185  391
185  454
185  328
185  271
185  278
185  377
185  445
185  415
186  420
186  394
186  300
186  494
186  379
186  284
187  483
187  228
187  391
187  328
187  265
187  338
188  393
188  298
188  466
188  215
188  265
189  192
189  352
189  275
189  214
189  346
189  479
190  416
190  196
190  205
190  462
190  341
190  441
190  378
190  443
191  224
191  455
191  298
191  235
192  481
192  226
192  291
192  300
192  396
192  206
192  302
192  216
192  281
193  260
193  262
194  448
194  257
194  326
194  234
194  238
194  271
194  305
194  438
194  407
194  495
194  383
195  386
195  305
195  398
195  337
195  245
196  293
196  198
196  302
196  211
197  384
197  367
197  404
197  444
197  394
198  489
198  344
199  439
199  243
199  408
199  315
200  259
200  487
200  367
200  368
200  216
200  219
200  380
201  480
201  220
201  395
201  366
201  239
201  284
201  362
201  382
202  291
202  203
202  461
202  240
202  338
202  441
202  267
202  473
203  361
203  278
203  445
204  226
204  262
204  238
204  368
204  242
204  372
204  430
204  442
204  318
205  353
205  334
205  345
205  410
205  380
206  485
206  289
206  392
206  329
206  491
206  386
206  468
206  250
206  319
207  256
207  288
207  429
207  245
207  246
207  344
207  330
208  226
208  223
208  349
209  385
209  262
209  408
209  451
209  407
209  472
210  294
210  233
210  298
210  267
210  336
210  312
210  212
210  252
211  488
211  252
212  290
212  229
212  436
212  439
212  318
213  352
213  261
213  230
213  264
213  371
213  300
213  344
213  345
213  282
213  265
213  346
213  390
214  293
214  423
214  233
214  269
214  365
215  379
215  493
215  271
215  312
215  475
215  444
216  448
216  388
216  229
217  480
217  454
217  295
217  499
217  469
217  247
217  383
218  480
218  257
218  418
218  294
218  491
218  300
218  432
218  370
218  439
219  480
219  325
219  268
219  332
219  462
219  246
219  251
219  220
220  259
220  260
220  391
220  285
220  401
220  349
220  223
221  448
221  263
221  493
221  238
221  287
222  353
222  486
222  393
222  298
222  309
222  444
223  356
223  401
223  276
223  438
223  381
224  376
224  363
224  238
224  497
224  402
224  472
224  306
224  348
225  409
225  476
225  437
225  398
226  285
226  286
227  354
227  463
227  304
227  497
227  341
227  278
228  467
228  365
228  238
228  301
228  433
228  435
228  408
228  377
229  480
229  354
229  326
229  253
230  388
230  275
230  372
230  280
230  412
230  297
231  452
231  372
231  281
232  487
232  395
232  432
232  369
233  388
233  358
233  307
233  499
233  408
233  378
233  349
234  495
234  399
234  303
234  446
235  341
236  288
236  358
236  394
236  494
236  242
236  310
236  252
236  446
237  258
237  299
237  365
238  449
238  361
238  384
238  489
239  455
239  464
239  243
240  417
240  301
240  469
240  246
240  287
241  450
241  300
241  336
241  373
241  349
242  256
242  402
242  404
242  374
242  343
243  359
243  363
243  462
243  404
243  286
244  256
244  454
244  457
244  298
244  429
244  341
244  473
244  286
244  373
245  427
245  492
245  305
245  338
245  438
245  411
245  443
246  325
246  360
247  388
247  422
247  423
247  310
248  354
248  368
248  328
248  338
248  341
248  444
248  287
249  260
249  453
249  366
249  434
249  462
249  479
249  485
250  257
250  333
250  435
250  468
250  470
250  441
250  315
250  394
251  335
251  342
251  445
252  467
252  425
253  425
253  348
254  495
254  496
255  441
256  448
256  493
256  336
256  271
256  466
256  375
256  443
256  380
257  259
257  486
257  327
257  344
257  381
258  460
258  306
258  435
258  278
259  467
259  280
259  348
259  425
260  428
260  336
260  340
261  319
262  361
262  310
262  283
262  317
263  356
263  490
263  301
264  321
264  484
264  360
264  425
264  461
265  423
265  306
265  472
266  393
266  335
266  338
267  494
268  449
268  331
268  495
268  465
268  281
269  354
269  486
269  463
269  341
269  376
269  380
270  388
270  423
270  304
270  404
270  343
270  313
271  396
271  499
271  433
271  467
272  323
272  386
272  387
272  491
272  460
272  355
272  472
272  473
272  499
272  479
273  289
273  418
273  391
273  426
273  301
273  353
273  341
274  353
275  329
275  337
275  403
276  421
276  337
276  372
276  350
277  324
277  327
277  360
277  479
278  416
278  464
278  370
278  346
278  478
279  295
279  359
279  439
280  364
280  333
280  306
280  404
280  489
281  418
281  452
281  462
281  434
281  471
281  484
282  406
282  402
282  470
282  408
283  480
283  386
283  418
283  304
283  471
284  326
284  434
284  303
284  466
284  371
284  361
285  448
285  488
285  459
285  482
285  498
285  408
286  321
286  419
286  325
286  403
286  346
287  324
287  491
287  373
287  311
287  447
287  479
288  485
288  461
289  454
289  402
289  467
289  430
289  313
289  476
289  382
290  354
290  395
290  428
290  464
290  404
290  379
291  450
291  292
291  392
291  336
291  305
291  384
291  499
291  480
291  465
291  298
291  478
292  370
292  375
292  473
292  445
293  450
293  455
293  365
293  402
293  349
293  351
294  485
295  483
295  487
295  299
295  403
296  454
296  305
296  318
296  310
296  380
296  349
296  382
297  417
297  392
297  393
297  418
297  337
297  476
297  413
298  334
298  499
299  388
299  394
300  455
301  486
301  497
301  420
302  352
302  455
302  335
302  368
302  373
303  448
303  449
303  476
303  391
303  396
303  380
304  451
305  486
305  487
305  490
305  469
306  320
306  391
306  464
306  472
307  393
307  458
307  494
307  373
307  452
308  400
308  443
309  462
310  393
310  311
310  473
310  380
311  439
311  443
312  467
312  495
312  368
312  314
313  387
313  399
313  407
314  453
314  477
316  353
316  390
316  425
316  467
317  355
317  461
318  428
318  374
319  461
319  365
319  366
319  473
320  480
320  353
320  418
320  486
321  484
321  322
321  475
322  457
322  382
322  447
323  495
323  498
323  340
323  468
323  378
323  350
324  372
324  415
325  493
325  397
326  405
327  437
327  441
327  443
328  420
328  401
329  423
329  489
330  426
330  460
330  440
331  386
331  360
331  336
331  346
331  479
332  356
332  493
332  435
333  449
333  450
333  447
333  415
333  476
333  479
334  418
334  433
334  479
335  393
335  400
335  412
335  362
336  492
336  474
336  478
337  481
337  453
337  465
337  440
338  420
338  425
338  466
338  463
338  340
338  473
338  437
339  448
339  489
339  477
340  390
340  475
341  370
341  484
341  468
342  481
342  411
343  357
343  391
343  461
343  499
343  405
344  418
344  457
344  363
344  436
344  473
345  464
345  463
346  352
346  400
346  415
347  402
347  390
348  389
348  464
348  483
349  419
349  387
349  437
350  461
350  392
350  472
350  473
350  474
350  477
351  375
351  477
351  383
352  381
353  401
353  464
353  369
354  385
354  390
354  370
355  427
355  498
356  472
357  416
357  390
357  374
358  440
358  460
359  373
360  396
360  368
361  492
361  406
361  475
362  369
362  399
362  367
363  450
363  491
363  441
363  463
364  388
365  467
365  437
366  429
366  372
366  469
366  367
366  477
367  384
367  388
367  393
367  434
367  373
368  450
368  484
368  404
369  465
370  384
370  417
370  394
370  386
370  402
370  440
370  474
371  425
371  395
371  429
371  433
372  387
372  398
372  382
373  429
374  458
374  437
375  467
375  440
375  445
376  486
376  490
376  497
378  389
378  395
378  436
379  433
379  436
379  475
380  392
380  399
380  443
381  394
381  433
381  416
382  465
383  470
385  393
385  493
385  469
385  409
386  430
386  491
387  420
388  466
388  472
388  475
389  417
389  496
390  487
391  484
391  421
391  490
391  473
391  463
393  467
393  490
394  487
394  442
395  423
395  442
396  429
396  424
397  497
397  468
398  418
398  496
400  445
401  419
401  495
401  479
402  408
402  477
403  448
403  423
403  415
404  419
404  454
404  423
405  426
405  499
406  480
406  496
406  465
406  438
406  410
407  449
407  488
408  427
408  496
408  438
409  471
409  436
410  417
410  460
411  441
412  487
413  451
413  494
413  468
413  472
413  446
415  454
415  430
415  431
415  468
416  469
417  427
417  493
417  430
418  482
419  485
419  428
420  480
420  478
421  449
421  492
422  482
422  459
422  428
422  431
423  444
424  473
424  442
424  479
425  450
426  483
426  456
426  433
426  475
426  442
427  484
427  462
427  468
428  467
428  438
429  448
429  486
429  450
429  446
430  477
433  449
433  486
433  439
434  477
434  447
435  465
435  484
438  487
438  478
439  475
440  451
441  469
442  499
443  493
444  450
445  496
446  466
448  474
449  493
449  496
449  461
451  460
451  491
451  462
452  465
454  482
454  485
455  466
456  460
456  490
457  469
460  486
460  464
460  467
461  491
463  482
464  494
465  485
466  468
466  470
467  469
468  474
469  489
470  491
470  476
471  477
472  483
475  477
483  499
486  496
489  492
491  493
