0  268
0  397
0  402
0  150
0  24
0  285
0  161
0  290
0  291
0  369
0  428
0  302
0  48
0  49
0  308
0  312
0  186
0  318
0  324
0  327
0  419
0  353
0  228
0  101
0  102
0  231
0  492
0  495
0  497
0  371
0  373
0  254
1  145
1  147
1  409
1  411
1  28
1  30
1  47
1  304
1  434
1  436
1  443
1  191
1  67
1  68
1  455
1  76
1  213
1  470
1  343
1  344
1  478
1  479
1  484
1  102
1  365
1  495
1  496
1  118
1  380
1  126
2  3
2  6
2  139
2  145
2  405
2  285
2  287
2  288
2  33
2  425
2  71
2  58
2  323
2  327
2  78
2  464
2  210
2  211
2  89
2  477
2  95
2  230
2  491
2  494
2  239
2  374
2  377
3  134
3  13
3  17
3  278
3  25
3  88
3  164
3  297
3  299
3  44
3  302
3  176
3  184
3  185
3  320
3  74
3  141
3  342
3  472
3  347
3  477
3  101
3  232
3  369
3  379
3  254
4  129
4  257
4  236
4  11
4  273
4  404
4  434
4  436
4  451
4  73
4  75
4  206
4  207
4  465
4  340
4  213
4  220
4  490
4  491
4  492
4  237
4  368
4  123
4  127
5  389
5  274
5  151
5  26
5  160
5  423
5  297
5  298
5  303
5  49
5  442
5  189
5  318
5  416
5  196
5  459
5  88
5  355
5  356
5  485
5  486
5  360
5  234
5  492
5  495
5  369
5  118
5  383
6  14
6  16
6  279
6  156
6  161
6  165
6  422
6  295
6  172
6  177
6  458
6  81
6  87
6  217
6  480
6  100
6  487
6  104
6  236
6  496
6  498
7  396
7  13
7  142
7  406
7  414
7  415
7  289
7  49
7  169
7  300
7  177
7  309
7  313
7  443
7  445
7  191
7  70
7  200
7  201
7  331
7  461
7  141
7  82
7  83
7  398
7  475
7  93
7  95
7  352
7  97
7  98
7  357
7  358
7  487
7  232
7  234
7  110
7  114
7  379
7  102
8  262
8  142
8  21
8  412
8  159
8  33
8  291
8  433
8  284
8  174
8  432
8  49
8  60
8  189
8  319
8  215
8  474
8  221
8  352
8  231
8  494
8  112
8  369
8  248
8  149
9  387
9  134
9  139
9  396
9  270
9  131
9  150
9  408
9  415
9  34
9  419
9  295
9  174
9  47
9  304
9  57
9  450
9  453
9  454
9  329
9  459
9  465
9  468
9  214
9  90
9  477
9  100
9  423
9  111
9  240
9  498
9  371
9  117
10  394
10  17
10  150
10  412
10  29
10  286
10  48
10  163
10  166
10  304
10  54
10  266
10  318
10  192
10  66
10  196
10  459
10  334
10  469
10  343
10  478
10  294
10  234
10  364
10  497
11  192
11  448
11  66
11  179
11  455
11  40
11  220
11  98
11  111
11  145
11  402
11  307
11  182
11  335
11  412
12  384
12  390
12  393
12  400
12  274
12  406
12  156
12  421
12  412
12  428
12  173
12  174
12  437
12  438
12  452
12  461
12  214
12  345
12  476
12  482
12  230
12  236
12  366
12  374
12  376
12  379
12  124
12  381
13  128
13  384
13  21
13  153
13  423
13  298
13  299
13  328
13  438
13  372
13  316
13  445
13  62
13  67
13  310
13  456
13  207
13  340
13  86
13  225
13  102
13  358
13  492
13  241
13  116
13  117
13  378
13  382
14  384
14  264
14  144
14  402
14  45
14  308
14  245
14  69
14  78
14  465
14  83
14  251
14  462
14  347
14  95
14  483
14  105
14  244
14  117
14  489
14  121
14  122
14  319
14  381
15  128
15  321
15  67
15  470
15  199
15  232
15  348
15  127
15  338
15  400
15  498
15  448
15  213
15  342
15  217
15  473
15  22
15  251
15  117
15  453
16  131
16  260
16  393
16  268
16  143
16  280
16  417
16  390
16  437
16  184
16  58
16  188
16  317
16  195
16  458
16  466
16  83
16  341
16  217
16  479
16  99
16  103
16  233
16  366
16  189
16  242
17  259
17  388
17  274
17  282
17  26
17  415
17  36
17  454
17  167
17  172
17  307
17  308
17  70
17  329
17  78
17  465
17  84
17  334
17  87
17  484
17  360
17  295
17  238
17  240
17  121
17  253
17  255
18  396
18  239
18  290
18  296
18  199
18  428
18  306
18  58
18  450
18  75
18  69
18  455
18  203
18  204
18  336
18  82
18  223
18  361
18  495
18  424
18  370
18  373
19  130
19  179
19  143
19  261
19  163
19  37
19  170
19  307
19  309
19  183
19  184
19  316
19  69
19  74
19  462
19  465
19  346
19  91
19  492
19  121
19  379
19  254
20  262
20  144
20  404
20  26
20  283
20  40
20  170
20  433
20  50
20  440
20  58
20  62
20  324
20  197
20  199
20  200
20  329
20  80
20  214
20  94
20  227
20  366
20  369
20  118
20  379
21  192
21  260
21  133
21  134
21  396
21  261
21  292
21  298
21  58
21  190
21  448
21  321
21  204
21  334
21  209
21  210
21  341
21  217
21  346
21  476
21  478
21  482
21  228
21  485
21  236
21  367
21  241
21  242
21  380
21  125
21  126
22  387
22  265
22  401
22  146
22  151
22  156
22  38
22  167
22  297
22  172
22  174
22  437
22  59
22  191
22  375
22  82
22  470
22  473
22  102
22  486
22  360
22  245
22  119
22  217
22  253
23  448
23  261
23  295
23  200
23  362
23  71
23  332
23  205
23  302
23  237
23  84
23  215
23  25
23  475
23  380
23  255
23  293
24  128
24  398
24  150
24  280
24  153
24  306
24  53
24  310
24  59
24  437
24  449
24  197
24  74
24  459
24  334
24  216
24  474
24  476
24  109
24  379
24  126
25  386
25  263
25  140
25  144
25  404
25  408
25  158
25  241
25  40
25  300
25  179
25  57
25  188
25  190
25  202
25  333
25  461
25  84
25  213
25  99
25  233
25  367
25  240
25  424
25  373
25  246
25  361
25  127
26  394
26  144
26  29
26  174
26  303
26  445
26  329
26  77
26  461
26  90
26  479
26  99
26  228
26  359
26  488
26  364
26  367
26  249
26  250
27  131
27  398
27  273
27  147
27  277
27  408
27  410
27  31
27  416
27  38
27  45
27  302
27  322
27  198
27  201
27  458
27  79
27  84
27  343
27  346
27  207
27  93
27  482
27  113
28  192
28  418
28  163
28  123
28  362
28  491
28  172
28  495
28  408
28  146
28  227
28  480
28  472
28  90
28  219
28  381
28  383
29  261
29  135
29  145
29  276
29  283
29  162
29  422
29  426
29  300
29  305
29  50
29  444
29  448
29  72
29  457
29  208
29  86
29  346
29  476
29  94
29  316
29  370
29  382
30  387
30  388
30  60
30  407
30  414
30  32
30  34
30  166
30  298
30  171
30  300
30  177
30  434
30  158
30  316
30  66
30  332
30  76
30  335
30  84
30  87
30  97
30  486
30  360
30  444
30  368
30  374
30  247
30  380
31  135
31  136
31  147
31  153
31  154
31  44
31  456
31  478
31  441
31  60
31  317
31  66
31  200
31  248
31  211
31  350
31  482
31  100
31  101
31  243
31  120
31  250
31  252
31  253
32  388
32  142
32  400
32  276
32  166
32  167
32  171
32  46
32  431
32  179
32  309
32  310
32  57
32  319
32  324
32  327
32  328
32  329
32  202
32  204
32  462
32  95
32  227
32  105
32  371
32  252
33  422
33  230
33  359
33  124
33  202
33  331
33  172
33  79
33  115
33  94
33  311
33  472
33  343
33  423
33  191
33  316
33  442
33  185
33  247
34  128
34  263
34  48
34  265
34  330
34  195
34  197
34  201
34  458
34  459
34  344
34  476
34  98
34  357
34  232
34  361
34  495
34  240
34  242
34  489
34  247
35  256
35  263
35  394
35  273
35  414
35  181
35  479
35  317
35  446
35  449
35  325
35  80
35  213
35  223
35  208
35  354
35  484
35  232
35  107
35  108
35  445
35  242
35  379
35  252
36  347
36  150
36  455
36  136
36  249
36  490
36  107
36  300
36  200
36  207
36  91
36  475
36  342
36  279
36  216
36  409
36  283
36  476
36  477
36  55
37  258
37  107
37  140
37  149
37  160
37  417
37  163
37  295
37  425
37  298
37  171
37  44
37  301
37  177
37  53
37  438
37  113
37  72
37  464
37  341
37  472
37  94
37  360
37  363
37  497
37  127
38  129
38  388
38  140
38  270
38  68
38  413
38  171
38  46
38  48
38  306
38  442
38  189
38  320
38  452
38  457
38  458
38  75
38  98
38  463
38  465
38  210
38  223
38  96
38  354
38  227
38  101
38  105
38  111
38  245
38  251
38  382
39  390
39  401
39  407
39  281
39  40
39  425
39  174
39  311
39  317
39  322
39  203
39  325
39  458
39  459
39  338
39  211
39  85
39  476
39  96
39  359
39  104
39  110
39  55
39  383
40  388
40  266
40  408
40  416
40  292
40  173
40  308
40  54
40  439
40  56
40  58
40  187
40  80
40  337
40  82
40  86
40  228
40  476
40  223
40  352
40  355
40  100
40  230
40  102
40  357
40  362
40  492
41  256
41  257
41  258
41  134
41  393
41  280
41  494
41  406
41  279
41  408
41  162
41  293
41  303
41  438
41  334
41  464
41  216
41  475
41  361
41  110
41  115
41  121
41  378
41  125
42  385
42  387
42  141
42  272
42  279
42  444
42  64
42  196
42  454
42  200
42  204
42  332
42  77
42  464
42  352
42  225
42  226
42  363
42  495
42  497
42  115
42  125
42  126
42  255
43  256
43  352
43  418
43  324
43  309
43  263
43  72
43  487
43  492
43  461
43  78
43  49
43  469
43  438
43  439
43  345
43  379
43  247
43  117
44  133
44  262
44  269
44  143
44  272
44  275
44  410
44  156
44  166
44  307
44  313
44  318
44  450
44  196
44  88
44  89
44  480
44  231
44  367
44  112
44  381
45  256
45  388
45  147
45  278
45  412
45  329
45  287
45  167
45  425
45  456
45  311
45  320
45  328
45  457
45  80
45  341
45  223
45  480
45  99
45  362
45  491
45  177
45  240
45  372
45  247
45  120
45  127
46  281
46  291
46  295
46  438
46  57
46  314
46  320
46  449
46  194
46  68
46  329
46  78
46  210
46  339
46  343
46  227
46  485
46  493
46  113
46  122
47  322
47  163
47  484
47  195
47  339
47  139
47  435
47  464
47  337
47  275
47  116
47  181
47  233
47  212
47  395
47  446
48  179
48  264
48  143
48  291
48  168
48  301
48  307
48  439
48  312
48  441
48  58
48  66
48  457
48  204
48  337
48  218
48  475
48  221
48  94
48  442
48  481
48  99
48  465
48  240
48  248
48  249
48  381
49  385
49  258
49  171
49  391
49  181
49  60
49  319
49  64
49  322
49  76
49  215
49  346
49  92
49  354
49  99
49  357
49  361
49  363
49  496
49  249
49  127
50  352
50  384
50  290
50  259
50  164
50  385
50  328
50  202
50  236
50  482
50  142
50  399
50  304
50  337
50  277
50  254
50  377
50  251
50  446
51  129
51  450
51  251
51  101
51  449
51  457
51  206
51  463
51  243
51  55
51  249
51  346
51  315
51  445
52  404
52  277
52  167
52  171
52  300
52  477
52  319
52  452
52  327
52  200
52  81
52  469
52  345
52  219
52  476
52  349
52  482
52  101
52  103
52  104
52  361
52  252
52  113
52  371
52  377
52  380
53  363
53  266
53  143
53  408
53  156
53  416
53  199
53  429
53  436
53  439
53  315
53  60
53  198
53  327
53  461
53  209
53  85
53  221
53  224
53  100
53  455
53  465
53  235
53  370
53  125
54  390
54  109
54  400
54  277
54  150
54  283
54  286
54  291
54  165
54  426
54  428
54  310
54  312
54  186
54  187
54  65
54  453
54  71
54  328
54  457
54  334
54  80
54  344
54  218
54  95
54  352
54  99
54  228
54  365
54  247
54  381
54  405
55  480
55  161
55  148
55  422
55  70
55  75
55  428
55  210
55  305
55  498
55  84
55  310
55  231
55  217
55  218
55  260
55  158
55  351
56  263
56  226
56  406
56  407
56  412
56  289
56  284
56  187
56  60
56  189
56  64
56  450
56  68
56  455
56  205
56  462
56  81
56  338
56  213
56  345
56  218
56  96
56  482
56  108
56  372
56  251
56  253
57  257
57  130
57  132
57  263
57  147
57  279
57  280
57  167
57  428
57  308
57  439
57  314
57  59
57  197
57  328
57  470
57  344
57  89
57  95
57  481
57  99
57  125
57  376
57  443
58  257
58  259
58  130
58  420
58  426
58  431
58  306
58  438
58  312
58  441
58  444
58  61
58  446
58  73
58  78
58  397
58  466
58  470
58  218
58  92
58  223
58  235
58  373
58  247
58  254
59  259
59  394
59  427
59  173
59  434
59  179
59  318
59  192
59  203
59  465
59  86
59  473
59  90
59  101
59  230
59  104
59  238
59  496
59  371
59  62
59  123
59  382
60  385
60  268
60  271
60  408
60  152
60  409
60  411
60  286
60  161
60  166
60  433
60  175
60  308
60  314
60  223
60  454
60  327
60  79
60  340
60  335
60  442
60  222
60  95
60  97
60  443
60  367
60  245
60  250
61  257
61  263
61  392
61  265
61  267
61  274
61  406
61  282
61  283
61  296
61  92
61  171
61  221
61  435
61  185
61  444
61  192
61  322
61  453
61  199
61  462
61  464
61  468
61  475
61  476
61  186
61  229
61  97
61  123
61  357
61  487
61  490
61  225
61  237
61  372
61  246
61  379
62  398
62  272
62  405
62  280
62  169
62  439
62  321
62  194
62  330
62  462
62  468
62  216
62  353
62  99
62  231
62  104
62  362
62  499
62  245
62  149
63  258
63  163
63  196
63  358
63  423
63  201
63  183
63  268
63  142
63  305
63  274
63  483
63  308
63  213
63  433
63  489
63  474
63  223
63  285
63  350
63  447
64  385
64  131
64  172
64  396
64  171
64  283
64  158
64  299
64  428
64  176
64  286
64  183
64  186
64  443
64  450
64  455
64  459
64  76
64  213
64  94
64  226
64  483
64  231
64  108
64  368
64  121
65  129
65  388
65  285
65  290
65  166
65  298
65  176
65  316
65  73
65  473
65  91
65  476
65  224
65  102
65  188
65  494
65  367
65  241
65  372
65  124
65  382
66  75
66  72
66  307
66  138
66  174
66  175
66  499
66  340
66  334
66  438
66  441
66  127
66  156
66  317
66  277
67  392
67  147
67  282
67  414
67  166
67  167
67  168
67  425
67  178
67  439
67  456
67  226
67  269
67  80
67  344
67  271
67  482
67  485
67  487
67  243
67  253
67  382
68  257
68  395
68  269
68  399
68  346
68  286
68  419
68  293
68  174
68  413
68  448
68  267
68  463
68  212
68  89
68  474
68  476
68  230
68  362
68  366
68  116
68  382
68  127
69  214
69  152
69  294
69  300
69  175
69  190
69  449
69  195
69  457
69  335
69  470
69  87
69  477
69  227
69  357
69  235
69  109
69  374
69  376
69  253
70  450
70  325
70  329
70  202
70  275
70  471
70  121
70  348
70  345
71  263
71  396
71  276
71  150
71  282
71  412
71  346
71  168
71  435
71  332
71  206
71  341
71  218
71  347
71  101
71  360
71  104
71  248
71  253
72  347
72  261
72  325
72  159
72  266
72  322
72  174
72  301
72  177
72  82
72  206
72  395
72  495
72  444
72  253
72  229
73  134
73  393
73  281
73  103
73  231
73  416
73  161
73  180
73  440
73  455
73  209
73  210
73  468
73  225
73  482
73  227
73  465
73  491
73  289
73  494
73  370
73  499
73  248
73  377
73  124
73  253
73  383
74  224
74  417
74  292
74  485
74  263
74  136
74  105
74  492
74  114
74  210
74  448
74  245
74  329
74  388
74  437
75  129
75  131
75  392
75  137
75  143
75  154
75  413
75  300
75  307
75  454
75  334
75  221
75  479
75  229
75  359
75  146
75  497
75  115
75  376
75  255
76  130
76  390
76  263
76  160
76  426
76  429
76  430
76  189
76  199
76  482
76  334
76  85
76  226
76  357
76  358
76  491
76  370
76  253
77  128
77  392
77  207
77  243
77  468
77  469
77  409
77  472
77  372
77  219
77  412
77  138
78  171
78  132
78  136
78  397
78  158
78  418
78  424
78  301
78  309
78  310
78  319
78  451
78  201
78  468
78  90
78  96
78  354
78  233
78  365
78  370
78  250
79  96
79  98
79  324
79  327
79  202
79  151
79  332
79  238
79  303
79  244
79  494
79  438
79  471
79  356
79  190
80  364
80  143
80  451
80  425
80  431
80  456
80  441
80  315
80  328
80  344
80  351
80  226
80  228
80  236
80  367
80  372
80  373
80  375
80  120
80  122
81  128
81  387
81  400
81  412
81  158
81  161
81  163
81  420
81  421
81  300
81  432
81  190
81  417
81  333
81  208
81  312
81  469
81  472
81  95
81  336
81  483
81  359
81  235
81  113
81  446
81  121
81  251
81  252
82  384
82  387
82  262
82  265
82  140
82  154
82  419
82  369
82  170
82  117
82  196
82  163
82  84
82  348
82  478
82  365
82  113
82  371
82  245
82  119
82  249
83  388
83  138
83  397
83  402
83  281
83  154
83  156
83  285
83  423
83  428
83  175
83  177
83  434
83  310
83  311
83  187
83  320
83  451
83  452
83  199
83  350
83  102
83  489
83  494
83  367
83  114
83  381
84  225
84  102
84  353
84  200
84  330
84  143
84  496
84  481
84  278
84  440
84  125
84  446
84  376
85  192
85  161
85  451
85  453
85  92
85  138
85  267
85  237
85  302
85  401
85  339
85  183
85  410
85  284
86  96
86  448
86  291
86  132
86  101
86  133
86  449
86  331
86  399
86  244
86  373
86  345
86  117
86  317
86  382
86  351
87  385
87  99
87  420
87  488
87  233
87  204
87  463
87  144
87  125
87  214
87  471
87  184
87  186
87  317
87  255
88  242
88  150
88  279
88  133
88  416
88  423
88  168
88  299
88  301
88  302
88  311
88  317
88  447
88  192
88  193
88  323
88  454
88  202
88  332
88  336
88  225
88  103
88  488
88  233
88  363
88  370
88  372
88  121
89  300
89  139
89  398
89  399
89  410
89  295
89  427
89  179
89  315
89  194
89  208
89  212
89  94
89  223
89  359
89  236
89  495
89  496
89  124
89  253
90  401
90  147
90  420
90  427
90  311
90  193
90  324
90  210
90  462
90  214
90  292
90  475
90  479
90  224
90  481
90  230
90  362
90  368
90  115
91  482
91  99
91  133
91  321
91  351
91  204
91  141
91  336
91  402
91  276
91  187
91  388
91  114
91  315
91  186
91  447
92  384
92  130
92  139
92  278
92  159
92  161
92  166
92  177
92  312
92  315
92  318
92  195
92  464
92  210
92  212
92  361
92  372
92  373
92  375
92  382
93  388
93  399
93  278
93  167
93  301
93  433
93  439
93  315
93  449
93  322
93  452
93  205
93  337
93  339
93  216
93  480
93  357
93  487
93  490
93  367
94  135
94  141
94  273
94  166
94  173
94  452
94  472
94  348
94  100
94  422
94  358
94  360
94  491
94  246
94  378
95  390
95  142
95  145
95  146
95  279
95  421
95  294
95  297
95  173
95  371
95  436
95  329
95  334
95  208
95  97
95  229
95  105
95  236
95  493
95  499
95  124
95  381
95  255
96  256
96  390
96  139
96  274
96  310
96  314
96  453
96  210
96  467
96  345
96  219
96  352
96  230
96  232
96  363
96  110
96  373
96  375
97  139
97  400
97  148
97  220
97  184
97  441
97  194
97  451
97  197
97  326
97  329
97  336
97  474
97  475
97  395
97  221
97  224
97  495
97  498
97  499
97  245
97  374
97  378
97  123
98  262
98  271
98  282
98  166
98  135
98  442
98  318
98  324
98  453
98  460
98  463
98  466
98  346
98  475
98  348
98  351
98  106
99  385
99  390
99  136
99  145
99  279
99  408
99  294
99  298
99  319
99  462
99  469
99  347
99  224
99  272
99  484
99  371
99  247
99  121
99  281
99  426
100  146
100  148
100  277
100  283
100  325
100  415
100  309
100  137
100  192
100  196
100  197
100  460
100  463
100  343
100  346
100  367
100  372
101  140
101  270
101  109
101  146
101  164
101  171
101  300
101  304
101  315
101  190
101  320
101  328
101  204
101  205
101  339
101  340
101  346
101  455
101  365
101  287
102  259
102  155
102  173
102  176
102  305
102  183
102  190
102  325
102  269
102  464
102  345
102  477
102  478
102  357
102  230
102  359
102  489
102  111
102  168
102  212
103  449
103  290
103  163
103  421
103  394
103  428
103  141
103  430
103  304
103  307
103  213
103  312
103  473
103  445
103  447
104  258
104  146
104  276
104  161
104  169
104  439
104  184
104  314
104  189
104  192
104  183
104  460
104  461
104  339
104  350
104  228
104  108
104  120
104  255
105  140
105  159
105  289
105  165
105  168
105  433
105  182
105  415
105  327
105  200
105  396
105  348
105  480
105  227
105  365
105  498
105  382
105  127
106  139
106  485
106  178
106  233
106  427
106  349
106  493
106  158
106  175
106  304
106  189
106  338
106  244
106  149
106  246
106  457
106  248
106  188
106  317
106  190
107  416
107  161
107  386
107  454
107  417
107  328
107  233
107  397
107  206
107  208
107  368
107  309
107  119
107  472
107  314
107  159
107  349
107  357
108  129
108  144
108  405
108  411
108  296
108  298
108  300
108  429
108  181
108  475
108  196
108  329
108  462
108  463
108  469
108  217
108  346
108  219
108  355
108  362
108  123
108  382
108  149
109  261
109  270
109  179
109  190
109  323
109  461
109  333
109  336
109  471
109  216
109  207
109  378
109  479
109  224
109  361
109  111
109  250
109  253
110  128
110  256
110  269
110  403
110  411
110  283
110  164
110  172
110  430
110  308
110  310
110  440
110  316
110  322
110  452
110  454
110  334
110  464
110  184
110  341
110  347
110  476
110  297
110  488
110  423
110  492
110  237
110  425
110  249
110  250
111  263
111  141
111  272
111  148
111  153
111  171
111  180
111  184
111  442
111  395
111  325
111  201
111  336
111  210
111  218
111  347
111  224
111  354
111  498
111  372
112  140
112  142
112  272
112  273
112  149
112  151
112  281
112  154
112  410
112  311
112  446
112  323
112  456
112  338
112  474
112  475
112  476
112  354
112  123
112  405
113  259
113  140
113  403
113  279
113  285
113  160
113  418
113  283
113  166
113  314
113  416
113  336
113  209
113  358
113  497
113  380
113  381
114  132
114  397
114  274
114  279
114  430
114  435
114  308
114  440
114  446
114  451
114  246
114  204
114  212
114  348
114  351
114  362
114  366
114  318
114  118
114  249
114  122
115  392
115  409
115  414
115  418
115  423
115  172
115  430
115  175
115  435
115  446
115  192
115  449
115  452
115  331
115  342
115  344
115  484
115  487
115  232
115  376
115  379
116  130
116  485
116  392
116  489
116  173
116  493
116  399
116  272
116  209
116  434
116  212
116  373
116  342
116  472
116  484
116  239
116  468
116  414
117  135
117  392
117  162
117  427
117  322
117  325
117  205
117  206
117  270
117  494
117  242
117  247
117  377
117  250
117  126
118  132
118  406
118  279
118  422
118  172
118  319
118  449
118  194
118  200
118  461
118  206
118  213
118  478
118  479
118  481
118  357
118  492
118  241
118  380
119  320
119  162
119  131
119  292
119  134
119  135
119  372
119  237
119  177
119  163
119  276
119  127
119  395
119  473
119  123
119  476
119  318
119  491
120  133
120  391
120  264
120  265
120  471
120  398
120  143
120  280
120  282
120  427
120  222
120  373
120  196
120  331
120  204
120  462
120  463
120  215
120  350
120  225
120  360
120  361
120  245
121  202
121  140
121  173
121  381
121  240
121  339
121  214
121  396
121  348
121  122
121  222
122  266
122  395
122  405
122  412
122  161
122  162
122  422
122  301
122  181
122  186
122  192
122  333
122  337
122  270
122  224
122  231
122  381
123  131
123  393
123  143
123  217
123  421
123  422
123  296
123  175
123  424
123  455
123  375
123  204
123  465
123  213
123  215
123  345
123  225
123  354
123  355
123  491
123  497
123  383
124  270
124  271
124  277
124  406
124  282
124  154
124  287
124  210
124  302
124  438
124  183
124  466
124  468
124  218
124  487
124  362
124  493
124  248
124  383
125  132
125  391
125  146
125  412
125  421
125  294
125  301
125  174
125  175
125  437
125  183
125  444
125  317
125  318
125  193
125  322
125  196
125  216
125  228
125  488
125  248
125  377
125  426
126  482
126  355
126  200
126  329
126  460
126  430
126  303
126  180
126  405
126  471
126  153
126  492
126  286
126  469
127  132
127  269
127  422
127  174
127  186
127  321
127  453
127  454
127  202
127  205
127  326
127  143
127  228
127  499
127  244
128  449
128  195
128  132
128  422
128  262
128  329
128  141
128  145
128  464
128  302
128  310
128  249
128  452
128  186
129  133
129  141
129  270
129  271
129  274
129  149
129  409
129  179
129  411
129  287
129  432
129  177
129  190
129  447
129  448
129  454
129  331
129  206
129  337
129  211
129  220
129  488
129  402
129  239
129  240
130  396
130  399
130  274
130  280
130  160
130  418
130  297
130  182
130  183
130  316
130  189
130  322
130  210
130  349
130  366
130  403
130  373
131  260
131  263
131  152
131  416
131  163
131  293
131  297
131  173
131  433
131  437
131  448
131  459
131  210
131  214
131  349
131  355
131  357
131  236
131  373
131  250
131  251
131  380
131  383
132  388
132  422
132  200
132  316
132  170
132  299
132  303
132  498
132  484
132  348
132  382
132  293
133  386
133  391
133  418
133  273
133  406
133  154
133  285
133  286
133  159
133  290
133  347
133  295
133  304
133  178
133  307
133  444
133  197
133  459
133  461
133  350
133  487
133  232
133  423
133  373
133  252
133  382
134  388
134  146
134  303
134  413
134  219
134  295
134  302
134  175
134  308
134  438
134  441
134  449
134  194
134  310
134  198
134  206
134  216
134  474
134  475
134  352
134  492
134  255
135  258
135  277
135  262
135  392
135  386
135  400
135  149
135  281
135  165
135  168
135  180
135  456
135  330
135  205
135  462
135  220
135  480
135  357
135  232
135  234
135  241
135  376
135  383
136  390
136  141
136  146
136  276
136  416
136  418
136  295
136  296
136  300
136  176
136  177
136  188
136  445
136  463
136  208
136  218
136  219
136  222
136  488
136  423
136  236
136  497
137  385
137  402
137  410
137  412
137  161
137  174
137  311
137  185
137  452
137  202
137  464
137  468
137  215
137  216
137  208
137  360
137  367
137  250
137  379
137  253
138  259
138  261
138  394
138  395
138  403
138  288
138  162
138  419
138  171
138  178
138  445
138  454
138  200
138  479
138  483
138  365
138  317
138  241
138  371
138  251
139  410
139  158
139  419
139  166
139  167
139  299
139  444
139  450
139  325
139  211
139  212
139  216
139  345
139  223
139  355
139  378
140  257
140  276
140  289
140  420
140  241
140  300
140  429
140  432
140  179
140  312
140  441
140  442
140  450
140  452
140  200
140  206
140  366
140  252
141  392
141  277
141  409
141  411
141  421
141  424
141  301
141  442
141  470
141  349
141  486
141  383
141  255
142  257
142  258
142  389
142  143
142  406
142  284
142  223
142  431
142  433
142  435
142  180
142  315
142  191
142  203
142  467
142  341
142  345
142  348
142  480
142  353
142  358
142  252
142  245
142  380
143  386
143  402
143  284
143  286
143  177
143  434
143  308
143  372
143  454
143  469
143  342
143  488
143  489
143  363
143  244
143  248
143  213
144  384
144  386
144  215
144  401
144  274
144  147
144  405
144  406
144  152
144  282
144  411
144  285
144  170
144  427
144  302
144  303
144  307
144  314
144  443
144  343
144  327
144  223
144  227
144  356
144  242
145  389
145  262
145  265
145  275
145  412
145  453
145  167
145  179
145  181
145  190
145  449
145  196
145  197
145  198
145  461
145  462
145  333
145  212
145  475
145  229
145  363
145  495
145  370
146  403
146  276
146  168
146  428
146  301
146  432
146  479
146  441
146  187
146  444
146  206
146  335
146  467
146  462
146  344
146  477
146  443
146  365
146  374
146  247
147  392
147  397
147  274
147  286
147  165
147  167
147  170
147  428
147  441
147  190
147  201
147  331
147  461
147  217
147  348
147  229
147  238
147  368
148  387
148  261
148  263
148  415
148  419
148  298
148  431
148  312
148  315
148  191
148  321
148  465
148  481
148  487
148  232
148  492
148  367
148  241
148  498
148  382
148  374
148  254
149  256
149  273
149  276
149  152
149  290
149  303
149  447
149  452
149  329
149  460
149  333
149  464
149  212
149  471
149  344
149  345
149  227
149  486
149  498
149  244
150  258
150  269
150  415
150  161
150  163
150  423
150  173
150  439
150  394
150  446
150  200
150  331
150  232
150  381
151  405
151  408
151  282
151  410
151  176
151  290
151  420
151  424
151  432
151  447
151  322
151  328
151  334
151  339
151  214
151  475
151  230
151  251
152  256
152  263
152  402
152  168
152  440
152  445
152  190
152  448
152  334
152  473
152  225
152  482
152  366
152  446
152  376
152  252
152  253
152  254
153  259
153  261
153  391
153  274
153  158
153  165
153  168
153  169
153  180
153  442
153  191
153  321
153  451
153  328
153  207
153  475
153  350
153  421
153  491
153  369
154  258
154  454
154  455
154  232
154  494
154  209
154  404
154  244
154  411
154  222
154  276
155  160
155  480
155  171
155  422
155  232
155  170
155  299
155  334
155  253
155  340
155  398
155  281
155  494
155  251
155  443
155  444
155  381
155  382
156  224
156  181
156  386
156  270
156  337
156  415
156  437
156  470
156  311
156  408
156  186
156  233
156  158
157  224
157  225
157  356
157  169
157  334
157  336
157  465
157  373
157  247
157  316
158  384
158  410
158  296
158  176
158  178
158  286
158  310
158  469
158  481
158  229
158  361
158  238
158  497
158  242
159  403
159  405
159  407
159  418
159  419
159  166
159  433
159  205
159  207
159  208
159  339
159  223
159  480
159  356
159  498
159  377
159  379
160  321
160  251
160  324
160  230
160  359
160  201
160  363
160  237
160  403
160  181
160  343
160  187
160  183
160  318
160  223
161  260
161  264
161  265
161  282
161  284
161  413
161  414
161  304
161  297
161  301
161  176
161  310
161  198
161  219
161  350
161  355
161  486
162  402
162  405
162  406
162  164
162  293
162  170
162  443
162  316
162  195
162  327
162  459
162  337
162  338
162  355
162  237
162  367
163  396
163  365
163  275
163  164
163  175
163  321
163  329
163  470
163  220
163  221
163  358
163  235
163  493
163  238
163  403
163  246
164  257
164  166
164  263
164  458
164  267
164  204
164  303
164  368
164  465
164  306
164  291
164  334
164  462
164  270
165  385
165  274
165  411
165  296
165  175
165  439
165  187
165  319
165  310
165  460
165  332
165  216
165  490
165  363
165  366
165  495
165  379
166  273
166  274
166  404
166  171
166  181
166  191
166  210
166  345
166  401
166  359
166  245
166  380
167  385
167  418
167  292
167  294
167  175
167  315
167  416
167  203
167  461
167  207
167  465
167  218
167  395
167  351
167  225
167  354
167  484
167  422
167  241
167  246
167  377
168  385
168  389
168  262
168  263
168  280
168  169
168  299
168  172
168  434
168  438
168  453
168  205
168  333
168  212
168  199
168  354
168  483
168  357
168  368
168  250
169  389
169  394
169  367
169  419
169  295
169  178
169  306
169  440
169  444
169  324
169  329
169  334
169  336
169  215
169  353
169  354
169  483
169  360
169  423
169  366
169  495
170  386
170  391
170  269
170  406
170  417
170  420
170  326
170  422
170  171
170  310
170  317
170  454
170  333
170  221
170  228
170  363
170  371
170  246
170  379
171  386
171  427
171  275
171  299
171  172
171  431
171  191
171  455
171  207
171  337
171  347
171  479
171  483
171  231
171  234
171  445
171  319
171  244
171  293
171  447
172  196
172  287
172  300
172  243
172  308
172  312
172  447
172  452
172  198
172  474
172  220
172  480
172  353
172  401
172  489
172  366
172  377
172  250
172  382
173  270
173  400
173  196
173  291
173  421
173  297
173  449
173  324
173  459
173  204
173  337
173  470
173  249
173  226
173  484
173  360
173  494
174  401
174  423
174  182
174  205
174  470
174  215
174  219
174  225
174  273
174  370
175  264
175  266
175  271
175  422
175  426
175  430
175  319
175  350
175  479
175  229
175  493
175  242
175  254
176  391
176  401
176  259
176  406
176  181
176  183
176  289
176  342
176  474
176  219
176  222
176  480
176  358
176  494
176  498
177  262
177  428
177  398
177  276
177  424
177  425
177  427
177  300
177  435
177  188
177  317
177  320
177  458
177  460
177  257
177  494
177  498
178  386
178  261
178  393
178  268
178  400
178  274
178  277
178  298
178  350
178  438
178  313
178  186
178  443
178  191
178  194
178  310
178  330
178  331
178  206
178  453
178  459
178  352
178  360
178  365
178  239
178  490
179  265
179  267
179  405
179  313
179  190
179  450
179  331
179  212
179  474
179  219
179  220
179  221
179  480
179  487
179  243
179  379
179  381
180  197
180  360
180  241
180  237
180  337
180  373
180  183
180  344
180  379
180  476
180  319
181  261
181  407
181  408
181  496
181  426
181  308
181  338
181  214
181  346
181  349
181  353
181  365
181  240
181  242
181  376
181  254
181  383
182  240
182  355
182  293
182  305
182  360
182  396
182  450
182  272
182  296
182  338
182  212
182  265
182  404
182  383
182  491
183  266
183  294
183  299
183  301
183  243
183  188
183  445
183  322
183  465
183  342
183  220
183  224
183  337
183  364
183  365
183  499
183  379
184  259
184  390
184  409
184  286
184  429
184  307
184  189
184  197
184  454
184  466
184  345
184  481
184  484
184  231
184  494
184  245
185  356
185  421
185  417
185  340
185  202
185  455
185  332
185  493
185  308
185  487
185  374
185  235
185  484
185  396
185  252
185  287
186  263
186  396
186  282
186  414
186  290
186  385
186  188
186  319
186  330
186  217
186  220
186  351
186  355
186  360
186  361
186  241
186  245
186  376
186  251
186  382
187  411
187  291
187  420
187  302
187  304
187  201
187  443
187  446
187  451
187  197
187  457
187  204
187  335
187  340
187  341
187  472
187  478
187  227
187  229
187  489
187  383
188  267
188  397
188  283
188  418
188  292
188  326
188  294
188  436
188  310
188  190
188  454
188  203
188  462
188  337
188  474
188  348
188  225
188  354
188  231
188  242
188  248
188  234
189  283
189  288
189  318
189  194
189  452
189  454
189  201
189  210
189  470
189  473
189  228
189  363
189  494
189  378
189  382
189  255
190  259
190  260
190  408
190  412
190  421
190  318
190  202
190  345
190  485
190  360
190  316
191  235
191  389
191  197
191  421
191  304
191  321
191  325
191  203
191  206
191  207
191  344
191  477
191  361
191  491
191  370
192  266
192  407
192  286
192  417
192  428
192  318
192  320
192  453
192  458
192  332
192  342
192  221
192  230
192  372
192  375
193  352
193  258
193  425
193  301
193  402
193  464
193  434
193  469
193  310
193  343
193  411
193  382
194  480
194  209
194  265
194  407
194  369
194  457
194  410
194  287
194  311
195  387
195  404
195  411
195  416
195  421
195  441
195  442
195  443
195  319
195  456
195  466
195  471
195  476
195  246
195  247
196  217
196  408
196  283
196  292
196  298
196  302
196  439
196  313
196  330
196  205
196  420
196  357
196  353
196  485
196  401
196  489
196  494
196  495
197  259
197  278
197  283
197  412
197  299
197  439
197  448
197  217
197  280
197  353
197  226
197  455
197  370
197  379
197  381
198  418
198  323
198  324
198  390
198  492
198  211
198  436
198  254
198  309
199  320
199  265
199  459
199  240
199  280
199  306
199  243
199  310
199  407
199  440
199  251
199  444
199  247
200  268
200  274
200  388
200  441
200  454
200  334
200  216
200  353
200  227
200  358
201  266
201  268
201  399
201  294
201  296
201  305
201  326
201  207
201  210
201  212
201  215
201  494
202  256
202  384
202  264
202  271
202  431
202  283
202  418
202  423
202  298
202  301
202  303
202  316
202  461
202  463
202  350
202  354
202  487
202  248
203  390
203  393
203  411
203  288
203  425
203  304
203  307
203  308
203  439
203  315
203  333
203  344
203  479
203  250
203  251
203  383
204  263
204  274
204  407
204  351
204  311
204  312
204  314
204  317
204  449
204  325
204  471
204  442
204  479
204  251
204  232
204  368
204  379
205  386
205  259
205  392
205  279
205  426
205  355
205  437
205  440
205  309
205  211
205  343
205  227
205  358
205  360
205  493
205  367
206  385
206  401
206  418
206  299
206  305
206  434
206  448
206  453
206  476
206  361
206  234
206  491
206  364
206  371
207  387
207  297
207  242
207  303
207  304
207  446
207  320
207  461
207  469
207  221
207  223
207  352
207  353
207  483
207  229
207  361
207  234
207  235
207  369
207  498
208  236
208  333
208  493
208  286
208  259
208  468
208  213
208  329
208  472
208  244
208  414
209  256
209  386
209  299
209  266
209  406
209  427
209  437
209  466
209  344
209  474
209  477
209  351
209  224
209  486
209  234
209  494
209  498
210  290
210  348
210  303
210  456
210  330
210  468
210  345
210  220
210  221
210  225
210  484
210  357
210  361
210  489
211  390
211  257
211  398
211  493
211  406
211  367
211  432
211  442
211  341
211  214
211  480
211  231
211  360
211  237
211  239
212  266
212  270
212  403
212  414
212  433
212  213
212  342
212  224
212  482
212  363
212  239
212  247
213  389
213  271
213  274
213  416
213  426
213  304
213  435
213  244
213  335
213  339
213  342
213  346
213  481
213  493
213  369
213  464
213  447
213  251
214  260
214  391
214  406
214  407
214  289
214  428
214  451
214  456
214  458
214  353
214  373
215  322
215  291
215  324
215  406
215  433
215  328
215  397
215  399
215  337
215  403
215  285
216  286
216  290
216  422
216  423
216  445
216  318
216  262
216  325
216  462
216  218
216  350
216  226
216  229
216  361
216  499
216  374
217  386
217  278
217  412
217  426
217  432
217  455
217  331
217  464
217  339
217  219
217  481
217  354
217  484
217  489
217  238
217  375
217  380
218  387
218  401
218  435
218  316
218  320
218  325
218  469
218  343
218  226
218  483
218  487
218  361
218  383
219  265
219  267
219  287
219  293
219  428
219  478
219  440
219  443
219  444
219  450
219  350
219  481
219  358
219  231
219  235
219  364
220  389
220  419
220  243
220  294
220  476
220  304
220  436
220  330
220  458
220  459
220  348
220  349
220  478
220  482
220  362
220  499
220  372
220  247
220  249
221  429
221  304
221  440
221  353
221  332
221  468
221  480
221  248
221  378
221  255
222  278
222  280
222  420
222  389
222  424
222  300
222  301
222  342
222  281
222  440
222  356
222  314
222  232
222  312
223  262
223  266
223  275
223  277
223  284
223  298
223  434
223  307
223  457
223  472
223  345
224  386
224  390
224  397
224  237
224  280
224  425
224  305
224  325
224  330
224  349
224  352
224  491
224  340
225  390
225  280
225  277
225  284
225  286
225  418
225  299
225  318
225  465
225  348
225  232
225  361
225  488
225  489
225  382
226  282
226  297
226  305
226  445
226  320
226  465
226  343
226  348
226  481
226  486
226  361
226  364
226  494
226  248
226  380
226  383
227  260
227  399
227  273
227  275
227  420
227  423
227  439
227  444
227  324
227  454
227  458
227  334
227  351
227  355
227  234
227  236
227  496
227  372
228  436
228  311
228  448
228  450
228  453
228  457
228  461
228  463
228  248
228  236
228  376
228  298
229  400
229  366
229  291
229  294
229  429
229  309
229  445
229  326
229  328
229  339
229  238
229  495
229  251
229  380
230  389
230  264
230  271
230  426
230  392
230  446
230  296
230  321
230  495
230  369
230  373
230  247
231  400
231  403
231  290
231  433
231  312
231  330
231  450
231  454
231  458
231  344
231  353
231  359
231  494
231  246
232  397
232  277
232  292
232  429
232  311
232  455
232  330
232  332
232  366
232  255
233  408
233  409
233  283
233  284
233  299
233  428
233  304
233  452
233  465
233  484
233  363
233  492
233  370
233  490
234  388
234  294
234  425
234  436
234  437
234  322
234  474
234  463
234  477
234  478
234  362
234  495
234  248
235  264
235  395
235  270
235  404
235  278
235  440
235  325
235  454
235  463
235  471
235  350
235  491
235  495
235  369
235  255
236  276
236  277
236  292
236  306
236  318
236  326
236  467
236  336
236  240
236  446
237  261
237  262
237  391
237  394
237  284
237  414
237  389
237  417
237  301
237  322
237  452
237  349
237  487
238  292
238  460
238  366
238  464
238  443
238  307
238  281
238  445
239  480
239  326
239  360
239  332
239  322
239  337
239  338
239  413
239  446
240  391
240  394
240  402
240  405
240  289
240  424
240  257
240  430
240  303
240  307
240  308
240  463
240  468
240  477
240  401
240  368
240  376
240  380
240  253
241  386
241  398
241  273
241  407
241  284
241  426
241  307
241  439
241  443
241  316
241  455
241  459
241  333
241  336
241  485
241  369
241  499
241  375
242  260
242  337
242  456
242  496
242  331
242  430
242  497
242  338
242  472
243  289
243  388
243  286
243  275
243  340
243  277
243  344
243  314
243  284
243  403
243  414
243  479
244  409
244  285
244  305
244  307
244  316
244  318
244  329
244  338
244  471
244  482
244  485
244  497
244  255
244  254
245  257
245  260
245  385
245  264
245  395
245  407
245  410
245  411
245  318
245  319
245  493
246  400
246  280
246  408
246  289
246  295
246  427
246  436
246  417
246  363
246  493
246  374
246  375
246  378
246  381
247  364
247  412
247  305
247  435
247  308
247  437
247  321
247  450
247  452
247  453
247  457
247  459
247  474
247  492
248  388
248  283
248  432
248  313
248  446
248  323
248  325
248  463
248  467
248  341
248  356
248  250
248  379
249  320
249  258
249  297
249  271
249  375
249  408
249  281
249  399
249  250
249  254
250  366
250  279
250  288
250  419
250  423
250  428
250  315
250  318
250  447
250  326
250  333
250  463
250  486
250  365
250  367
251  392
251  400
251  291
251  431
251  441
251  416
251  473
251  271
251  490
252  324
252  391
252  265
252  491
252  401
252  371
252  451
252  410
252  284
252  477
252  280
253  418
253  322
253  463
253  336
253  478
253  358
253  363
253  492
253  493
254  399
254  272
254  259
254  284
254  436
254  325
254  331
254  473
254  347
254  479
254  490
254  363
254  366
255  256
255  386
255  276
255  407
255  411
255  285
255  300
255  309
255  311
255  441
255  351
255  453
255  460
255  466
255  473
255  481
255  487
255  491
255  366
255  375
256  289
256  292
256  264
256  317
256  291
256  448
256  345
256  284
256  381
256  380
257  260
257  290
257  433
257  319
257  398
257  442
257  357
257  359
257  494
257  297
258  321
258  266
258  418
258  433
258  307
258  465
258  472
258  352
258  486
258  360
258  372
259  264
259  281
259  413
259  418
259  428
259  445
259  466
259  349
259  479
259  497
260  415
260  292
260  294
260  425
260  428
260  417
260  465
260  467
260  340
260  476
260  496
260  375
261  389
261  365
261  274
261  291
261  292
261  425
261  301
261  430
261  435
261  441
261  314
261  317
261  309
261  329
261  338
261  339
261  468
261  470
261  473
261  474
261  437
261  383
262  391
262  418
262  429
262  323
262  457
262  464
262  353
262  488
262  495
263  399
263  409
263  283
263  284
263  286
263  291
263  425
263  448
263  329
263  312
263  342
263  360
263  364
263  382
264  269
264  271
264  303
264  274
264  283
264  300
264  314
264  315
264  325
264  330
264  341
264  473
264  354
264  484
264  304
264  445
264  379
265  386
265  397
265  277
265  407
265  412
265  413
265  414
265  440
265  451
265  333
265  340
265  470
265  351
265  481
265  354
265  485
265  492
265  366
266  409
266  287
266  416
266  301
266  315
266  394
266  319
266  320
266  452
266  457
266  335
266  482
267  453
267  390
267  487
267  362
267  460
267  398
267  468
267  438
267  375
267  280
267  420
267  444
268  289
268  322
268  451
268  484
268  326
268  353
268  272
268  376
268  276
268  316
268  440
268  347
268  476
269  449
269  418
269  390
269  271
269  404
269  375
269  367
269  476
270  387
270  415
270  428
270  432
270  314
270  446
270  447
270  469
270  342
270  347
270  365
270  366
270  496
270  340
271  321
271  395
271  431
271  499
271  404
271  371
271  285
272  354
272  276
272  435
272  372
272  361
272  312
272  444
272  483
273  409
273  474
273  293
273  439
273  443
273  316
273  317
273  322
273  451
273  464
273  483
273  471
273  346
273  356
273  372
274  290
274  293
274  449
274  455
274  330
274  418
274  339
274  350
274  363
275  450
275  324
275  487
275  298
275  482
275  302
275  398
275  455
275  426
275  286
275  491
276  392
276  398
276  280
276  414
276  417
276  419
276  295
276  432
276  286
276  443
276  327
276  457
276  465
276  338
276  372
276  373
277  400
277  279
277  435
277  327
277  472
277  345
277  351
277  481
277  497
277  373
277  374
277  381
277  383
278  356
278  490
278  301
278  387
278  397
278  409
278  284
278  349
279  286
279  461
279  400
279  471
279  362
279  445
279  446
280  396
280  439
280  322
280  323
280  336
280  338
280  346
280  364
280  464
280  404
281  410
281  416
281  355
281  437
281  460
281  338
281  483
281  492
281  499
281  378
282  493
282  413
282  289
282  421
282  422
282  295
282  431
282  432
282  307
282  315
282  326
282  337
282  467
282  469
282  365
283  389
283  390
283  413
283  454
283  464
283  341
283  470
284  406
284  395
284  397
284  418
284  294
284  425
284  441
284  348
284  477
284  493
284  495
284  370
284  372
284  375
285  321
285  458
285  311
285  332
285  434
285  437
285  407
285  478
285  372
286  409
286  463
286  380
287  387
287  400
287  403
287  421
287  427
287  436
287  309
287  314
287  323
287  442
287  485
287  486
287  372
288  454
288  365
288  409
288  347
288  349
288  382
288  479
289  386
289  401
289  412
289  420
289  425
289  307
289  313
289  448
289  332
289  347
289  355
289  367
289  369
289  396
289  379
290  391
290  400
290  324
290  431
290  437
290  452
290  329
290  333
290  345
290  346
290  475
290  356
290  485
291  331
291  333
291  338
291  373
291  420
291  383
292  388
292  402
292  435
292  318
292  453
292  339
292  345
292  477
292  360
292  295
292  372
293  404
293  422
293  423
293  425
293  427
293  439
293  440
293  319
293  343
293  480
293  294
293  487
294  388
294  399
294  408
294  413
294  309
294  317
294  333
294  336
294  369
295  300
295  302
295  451
295  355
295  485
295  493
295  368
296  356
296  395
296  462
296  400
296  498
296  468
296  377
296  443
296  316
297  358
297  368
297  449
297  483
297  386
297  342
297  414
297  447
298  411
298  428
298  302
298  312
298  442
298  315
298  339
298  482
298  486
299  411
299  444
299  447
299  327
299  332
299  466
299  480
299  369
299  481
300  328
300  482
300  375
301  416
301  428
301  450
301  325
301  348
301  349
301  481
301  366
301  370
301  377
302  406
302  417
302  349
302  450
302  323
302  325
302  326
302  457
302  470
302  347
302  477
302  354
302  483
302  426
303  386
303  395
303  398
303  412
303  410
303  426
303  306
303  308
303  443
303  317
303  450
303  323
303  332
303  465
303  469
303  470
303  343
303  347
303  477
303  357
303  370
304  401
304  411
304  431
304  437
304  342
304  471
304  335
304  360
304  363
304  499
304  490
305  453
305  460
305  400
305  370
305  373
305  310
305  474
306  481
306  357
306  454
306  458
306  327
306  429
306  417
306  435
306  329
306  428
306  460
306  351
307  322
307  408
307  432
307  456
307  448
307  321
307  328
307  469
307  473
307  362
308  419
308  435
308  448
308  322
308  458
308  335
308  338
308  342
308  479
308  353
308  482
308  359
308  364
308  366
308  374
309  405
309  409
309  428
309  316
309  330
309  338
309  342
309  498
309  499
310  385
310  405
310  446
310  460
310  489
310  495
310  368
310  499
311  394
311  402
311  410
311  432
311  338
311  365
311  488
312  393
312  394
312  349
312  438
312  443
312  341
312  343
312  345
312  475
312  477
312  364
312  374
313  330
313  363
313  381
313  464
313  404
313  375
313  472
313  468
313  413
314  402
314  417
314  425
314  428
314  336
314  349
314  353
314  486
314  489
314  373
315  390
315  413
315  475
315  437
315  456
315  340
315  343
315  472
315  474
315  367
315  373
315  404
316  389
316  425
316  477
316  482
316  360
316  369
316  413
317  391
317  434
317  330
317  475
318  424
318  427
318  334
318  466
318  478
318  479
318  480
318  378
319  427
319  430
319  434
319  438
319  451
319  456
319  464
319  343
319  481
319  482
319  492
319  367
319  499
319  376
319  379
320  388
320  387
320  405
320  406
320  433
320  439
320  443
320  323
320  458
320  459
320  480
320  481
320  497
321  422
321  442
321  323
321  339
321  343
321  349
321  483
321  485
322  393
322  405
322  466
322  472
322  357
322  373
323  426
323  430
323  431
323  434
323  442
323  325
323  462
323  342
323  363
323  494
323  367
323  375
323  379
324  357
324  327
324  389
324  469
324  415
325  412
325  440
325  446
325  458
325  470
325  476
325  354
325  498
326  399
326  495
326  414
326  423
326  427
326  464
326  473
326  349
326  355
326  492
326  367
326  499
326  376
326  380
326  426
327  395
327  443
327  449
327  453
327  336
327  352
327  350
327  479
327  480
327  400
327  354
327  362
327  497
327  374
327  378
327  351
328  481
328  484
328  427
328  432
328  371
328  357
329  400
329  435
329  439
329  479
329  430
329  379
330  426
330  428
330  444
330  352
330  356
330  488
331  354
331  422
331  450
331  463
331  432
331  413
331  350
332  386
332  394
332  435
332  459
332  348
332  482
332  493
332  360
332  376
333  409
333  415
333  440
333  442
333  449
333  471
333  358
333  487
333  361
333  495
334  439
334  444
334  453
334  461
334  345
334  408
334  359
334  360
335  450
335  356
335  393
335  428
335  365
335  399
335  442
335  479
336  395
336  396
336  367
336  419
336  430
336  437
336  457
336  460
336  461
336  465
336  365
336  481
336  380
337  391
337  428
337  438
337  449
337  452
337  466
337  475
337  487
338  343
338  365
338  496
339  452
339  465
339  350
339  363
339  496
339  498
339  374
340  425
340  458
340  465
340  469
340  342
340  479
340  358
340  494
340  373
340  383
341  396
341  442
341  353
341  481
341  443
341  360
341  488
341  467
341  378
342  393
342  451
342  408
342  414
342  428
342  448
342  456
342  463
342  359
342  492
342  493
342  369
342  380
343  456
343  399
344  431
344  387
344  471
344  377
344  463
344  491
345  399
345  431
345  435
345  472
345  346
345  367
346  397
346  407
346  426
346  443
346  471
346  487
346  382
347  390
347  397
347  405
347  471
347  352
347  356
347  373
348  395
348  456
348  465
348  365
348  353
348  354
348  370
349  390
349  400
349  363
349  428
349  471
349  356
349  361
350  414
350  448
350  462
350  353
350  368
351  403
351  409
351  473
351  355
351  363
351  364
351  368
352  393
352  407
352  443
352  448
352  476
352  478
352  373
353  389
353  391
353  405
353  412
353  423
353  430
353  440
353  449
353  365
353  497
353  498
354  384
354  389
354  392
354  406
354  459
354  468
354  361
354  380
355  492
355  394
355  434
355  447
355  448
355  358
356  391
356  405
356  427
356  443
356  475
356  486
356  373
357  456
357  404
357  429
357  431
357  487
357  495
357  376
357  377
358  395
358  443
358  459
358  490
358  367
358  374
359  434
359  373
359  430
359  478
359  485
360  399
360  412
360  430
360  445
360  459
360  484
360  362
360  490
361  455
361  367
361  374
362  384
362  435
362  404
362  414
362  428
362  495
362  497
362  377
362  379
363  442
363  444
363  448
363  399
363  481
363  487
363  381
364  471
364  369
364  462
364  473
364  381
365  389
365  426
365  493
366  402
366  405
366  407
366  409
366  422
366  459
366  481
366  372
367  400
367  454
367  429
367  433
367  442
367  498
368  448
368  427
368  463
368  483
368  452
369  408
369  410
369  434
369  448
370  392
370  446
370  408
371  400
371  378
371  415
372  388
372  413
372  444
372  468
372  474
372  399
372  373
373  388
373  408
373  421
373  432
373  453
373  496
374  388
374  392
374  413
374  471
374  383
375  405
375  414
376  413
376  426
376  446
376  448
376  464
376  472
376  378
377  421
377  415
377  454
377  460
377  463
377  472
377  475
377  476
377  490
377  497
378  386
378  395
378  430
378  477
378  431
379  388
379  429
379  444
379  456
379  453
380  409
380  461
380  475
380  487
380  492
380  493
380  494
380  497
380  499
381  407
381  418
381  433
381  476
381  492
382  401
382  494
383  384
383  411
383  415
383  447
383  470
383  490
384  483
384  461
384  432
384  499
384  462
384  409
385  464
385  431
385  496
385  471
385  495
386  409
386  408
386  480
387  462
388  494
389  396
389  442
389  450
389  455
389  456
389  474
389  499
390  392
390  409
390  435
390  444
390  499
391  496
391  448
391  460
391  481
391  426
392  402
392  407
392  419
392  461
392  468
392  480
392  487
392  493
393  420
393  482
393  433
393  411
394  420
394  425
394  435
394  436
394  441
394  450
394  466
394  469
394  497
395  415
395  428
395  468
395  473
395  475
395  499
396  428
396  437
396  452
396  459
396  474
396  442
396  495
397  453
397  431
397  497
398  485
398  461
399  410
399  442
399  447
399  456
399  463
400  408
400  409
400  432
400  448
400  475
400  497
400  498
401  419
401  447
401  459
401  467
401  479
401  492
402  407
402  499
402  439
403  454
403  483
403  444
403  458
404  418
404  438
404  449
404  454
404  476
404  491
404  494
405  411
405  431
405  478
406  408
406  449
406  462
406  474
407  470
407  412
407  458
407  493
407  495
407  498
408  456
408  495
408  489
409  415
409  455
409  468
409  499
410  431
410  419
410  497
410  452
410  463
410  477
410  478
411  424
411  436
411  441
411  456
411  467
411  480
412  414
412  421
412  448
412  460
412  466
412  473
412  486
412  490
413  430
413  440
413  443
413  449
413  458
413  460
413  465
413  471
413  485
414  478
414  442
414  481
415  484
415  422
415  428
415  476
416  423
416  426
416  435
416  464
416  476
417  465
417  477
418  446
418  423
419  435
420  421
420  433
420  440
420  476
421  444
421  453
421  458
421  475
421  495
422  436
422  437
422  453
422  485
423  430
423  458
423  470
424  436
424  498
426  437
426  483
427  460
427  461
427  480
427  485
427  454
428  431
428  479
428  488
429  488
430  432
430  434
430  451
430  465
431  454
431  458
431  499
432  434
432  453
432  463
432  482
432  498
433  453
433  490
433  493
433  499
434  483
434  499
435  472
436  479
436  447
436  463
436  485
436  488
436  499
437  473
437  481
437  494
438  444
438  459
438  462
438  466
438  467
438  480
438  497
439  454
439  469
439  476
440  467
440  490
440  492
440  494
441  487
441  494
442  476
442  481
442  494
443  447
443  471
443  474
443  499
443  469
444  453
444  456
444  463
444  482
445  460
445  465
445  467
445  492
445  493
446  451
446  462
446  468
447  480
447  482
448  455
448  461
448  467
448  473
448  483
449  473
449  493
450  458
450  473
451  455
451  490
451  494
452  461
452  464
452  495
453  459
453  464
453  495
454  465
454  477
454  479
455  467
455  472
455  495
456  485
457  468
458  463
458  470
458  486
459  475
459  478
460  463
460  488
462  485
462  487
463  473
463  494
465  498
466  481
467  482
467  483
467  475
467  469
468  471
469  476
469  479
469  498
470  471
470  475
471  473
471  474
473  491
474  478
475  476
475  499
477  482
478  497
480  482
480  492
482  489
483  497
485  499
488  499
489  495
492  493
