0  1
0  2
0  3
0  260
0  5
0  6
0  7
0  8
0  268
0  14
0  272
0  145
0  274
0  19
0  22
0  30
0  33
0  425
0  43
0  50
0  55
0  56
0  59
0  60
0  321
0  77
0  466
0  83
0  90
0  219
0  222
0  97
0  354
0  103
0  495
0  115
0  117
0  249
0  122
1  193
1  358
1  9
1  10
1  114
1  41
1  343
1  201
1  220
1  490
2  275
2  199
3  4
3  263
3  396
3  13
3  23
3  29
3  166
3  157
3  437
3  311
3  58
3  61
3  191
3  65
3  195
3  68
3  69
3  330
3  203
3  78
3  269
3  336
3  212
3  87
3  217
3  476
3  477
3  351
3  100
3  360
3  124
3  492
3  109
3  317
3  285
3  247
3  120
3  379
3  252
3  253
4  40
5  448
5  167
5  104
5  107
5  12
5  17
5  25
5  155
7  57
7  427
7  261
8  280
8  156
8  62
9  32
9  386
9  11
9  93
9  179
9  189
10  458
10  164
11  88
11  15
11  111
12  99
12  140
12  16
12  419
12  21
13  160
13  176
13  325
13  390
15  133
15  322
15  259
15  101
15  231
15  44
15  45
15  80
15  340
15  469
15  152
15  28
15  277
16  416
16  18
16  174
16  402
16  51
16  436
16  24
16  412
17  257
17  98
17  292
17  141
17  20
17  246
17  251
17  94
18  39
19  258
19  86
19  393
19  42
19  172
19  303
19  376
19  372
19  150
19  408
19  26
19  27
19  479
20  74
21  434
21  37
21  54
21  151
22  36
22  241
22  213
22  356
22  53
22  63
23  355
23  31
23  139
23  430
23  49
23  89
23  154
23  187
23  223
24  48
24  170
24  227
24  224
25  130
27  128
27  129
27  136
27  206
27  81
27  121
28  34
28  158
30  35
30  291
30  405
31  279
31  66
31  326
31  395
31  464
31  276
31  85
32  47
32  169
33  73
34  345
35  457
35  135
36  163
36  38
37  256
37  46
37  307
37  116
37  91
37  149
38  234
39  175
40  134
41  70
41  105
41  426
41  205
41  143
41  177
41  339
41  333
41  119
41  188
42  265
42  267
42  335
42  52
42  297
43  409
43  456
46  147
47  473
47  421
47  407
48  197
49  67
49  125
49  102
50  221
51  165
51  413
52  84
52  190
52  366
53  422
53  200
53  76
53  204
53  173
54  228
54  92
54  210
54  211
54  250
54  444
54  95
57  239
58  64
58  482
58  294
58  137
58  106
58  82
58  318
59  108
60  273
62  72
62  226
62  394
62  334
63  71
63  75
63  112
63  338
63  180
64  237
64  110
64  245
64  474
64  443
64  286
66  192
66  498
66  442
66  445
71  365
71  198
72  153
72  126
75  368
75  385
76  214
76  196
76  254
76  79
79  96
81  373
86  146
90  369
90  380
90  359
91  178
93  344
96  183
99  113
99  310
99  438
99  453
104  194
105  320
105  162
105  295
105  233
105  186
106  230
106  382
106  418
107  472
107  118
107  302
110  493
110  367
111  225
111  389
112  289
112  138
112  454
113  352
113  123
113  131
114  300
114  461
114  182
115  202
116  181
117  312
117  306
117  414
117  159
118  447
121  148
122  308
122  362
122  468
124  132
125  314
125  346
125  142
125  361
126  144
126  229
126  398
126  127
127  496
127  377
129  485
132  348
133  161
133  218
133  185
135  171
135  301
142  491
143  243
144  282
146  401
146  486
147  417
149  328
149  299
150  315
150  293
151  264
151  323
154  255
155  207
155  381
158  440
158  449
158  347
159  298
159  411
159  452
160  184
160  232
160  281
162  278
165  168
168  481
168  331
170  400
170  290
170  364
170  238
171  433
176  370
177  209
179  429
181  208
181  266
181  387
182  363
182  403
182  242
182  235
184  451
186  499
187  216
187  288
187  478
192  327
194  329
196  319
196  341
196  270
196  471
202  465
206  316
206  397
207  350
207  215
214  240
214  283
215  248
215  284
216  296
224  244
224  332
225  374
226  383
227  236
230  324
233  357
233  262
238  305
238  494
241  432
245  388
247  439
248  399
251  353
251  391
256  309
256  371
256  431
257  435
258  384
259  455
262  287
266  378
268  271
270  304
270  313
281  487
287  337
289  423
295  349
298  415
299  484
309  446
316  406
319  392
334  375
336  428
339  450
339  497
341  342
354  404
358  424
358  488
376  410
385  420
402  480
429  462
434  459
437  470
437  483
439  467
440  441
447  475
448  460
460  463
480  489
