0  48
0  2
0  3
0  293
0  102
0  49
0  104
0  76
0  112
0  497
0  117
0  28
0  181
1  385
1  2
1  3
1  69
1  268
1  140
1  269
1  14
1  80
1  82
1  251
1  411
1  421
2  386
2  4
2  5
2  134
2  7
2  9
2  10
2  11
2  12
2  14
2  144
2  88
2  18
2  19
2  20
2  21
2  153
2  24
2  25
2  282
2  28
2  413
2  33
2  292
2  39
2  42
2  43
2  428
2  51
2  52
2  53
2  137
2  312
2  394
2  62
2  65
2  161
2  72
2  75
2  462
2  84
2  85
2  470
2  471
2  472
2  219
2  225
2  103
2  369
2  147
2  373
2  212
2  252
2  149
3  4
3  5
3  6
3  7
3  8
3  10
3  26
3  160
3  41
3  172
3  50
3  306
3  67
3  343
3  484
3  220
3  355
3  228
3  366
3  113
3  122
4  452
4  38
4  489
4  106
4  47
4  176
4  81
4  115
4  342
4  151
4  281
4  91
4  476
4  479
5  129
5  292
5  261
5  6
5  39
5  200
5  489
5  193
5  13
5  467
5  16
5  456
5  83
5  21
5  378
5  316
5  61
5  51
6  8
6  393
6  267
6  12
6  16
6  18
6  148
6  153
6  25
6  439
6  303
6  133
6  293
6  297
6  44
6  175
6  49
6  9
6  59
6  60
6  61
6  192
6  66
6  73
6  74
6  55
6  84
6  217
6  92
6  443
6  360
6  106
6  107
6  237
6  110
6  367
6  235
6  245
6  136
6  382
7  35
7  70
7  38
7  71
7  424
7  323
7  363
7  11
7  17
7  75
7  259
7  52
7  57
7  27
7  279
7  249
7  155
7  264
7  166
8  136
8  138
8  142
8  276
8  111
8  284
8  30
8  35
8  164
8  37
8  42
8  392
8  180
8  182
8  55
8  188
8  445
8  394
8  63
8  68
8  197
8  80
8  89
8  233
8  234
8  317
8  404
9  288
9  72
9  23
9  173
9  77
9  462
9  45
9  145
9  374
9  87
9  290
9  282
9  189
10  393
10  396
10  130
10  398
10  400
10  17
10  19
10  22
10  31
10  34
10  36
10  421
10  13
10  190
10  201
10  458
10  141
10  464
10  81
10  82
10  350
10  102
10  109
10  238
10  367
10  127
11  32
11  33
11  158
11  232
11  29
11  322
11  302
11  335
11  240
11  177
11  338
11  179
11  334
11  23
11  376
11  27
11  125
11  382
12  100
12  69
12  135
12  202
12  262
12  482
12  15
12  209
12  24
12  120
12  31
12  125
12  134
12  223
13  366
13  369
13  50
13  116
13  409
13  29
13  94
14  291
14  326
14  230
14  419
14  15
14  432
14  499
14  372
14  119
14  56
14  90
14  156
15  129
15  278
16  64
16  196
16  40
16  203
16  116
16  373
16  26
16  315
16  444
16  325
17  130
17  262
17  78
17  178
17  85
18  70
18  327
18  124
18  107
18  174
18  20
18  117
18  120
18  91
18  412
19  257
19  297
19  45
19  93
19  368
19  56
19  22
19  408
19  253
21  260
21  271
21  401
21  274
21  46
21  278
21  389
21  32
21  36
21  43
21  173
21  302
21  477
21  437
21  59
21  449
21  74
21  221
21  96
21  226
21  242
21  251
21  254
21  255
22  34
22  132
22  71
22  395
22  141
22  174
22  397
23  92
24  231
25  97
25  386
25  400
25  152
25  242
25  344
26  128
26  263
26  267
26  140
26  270
26  143
26  427
26  172
26  46
26  185
26  63
26  67
26  455
26  469
26  86
26  223
26  352
26  101
26  488
26  108
26  241
26  121
27  30
27  318
28  384
28  167
28  233
28  491
28  428
28  48
28  210
28  211
28  457
28  216
28  345
28  383
28  444
28  285
28  62
28  479
29  256
29  167
29  40
29  362
29  239
29  317
30  416
30  289
30  163
30  490
30  210
30  468
30  219
30  313
30  314
30  155
30  446
31  160
31  256
31  44
31  496
31  274
31  58
31  159
31  95
32  123
32  37
33  300
34  253
34  243
34  53
34  279
34  349
34  181
35  440
36  64
36  41
36  214
36  215
36  152
36  316
36  413
37  353
37  354
37  391
37  156
38  161
38  66
38  99
38  133
38  200
38  73
38  171
38  208
38  162
38  272
38  264
38  433
38  169
38  100
38  314
38  119
38  380
38  94
39  206
39  399
40  441
40  354
40  68
41  57
41  265
42  437
43  204
43  485
44  454
44  392
44  459
44  207
44  432
44  191
44  190
45  96
45  427
45  368
45  465
45  220
46  390
46  269
46  79
46  466
46  87
46  47
46  126
47  263
47  170
47  135
47  114
47  338
47  341
47  54
47  154
47  60
47  266
47  95
49  273
49  211
49  309
49  54
49  287
50  192
50  448
50  492
50  78
50  275
51  65
51  387
51  104
51  435
51  79
51  483
51  88
51  58
51  123
53  207
53  307
53  246
53  283
53  383
54  99
54  228
54  390
54  138
54  305
55  189
56  168
56  299
57  213
58  321
58  131
58  86
58  90
59  224
59  97
59  166
59  231
59  329
59  359
59  237
59  436
59  405
59  255
61  296
61  431
61  470
61  378
61  187
61  126
62  324
62  423
62  77
62  245
62  311
62  89
62  319
63  184
63  76
63  98
65  356
66  171
66  300
66  175
66  186
68  229
69  145
69  122
69  105
70  481
70  162
70  358
70  240
70  178
70  118
70  191
71  358
72  194
72  389
72  363
72  83
72  217
73  98
73  137
73  298
73  115
73  148
73  311
73  93
73  357
74  451
74  108
74  204
74  179
75  321
75  328
75  112
75  244
75  249
75  474
76  403
78  337
79  128
79  388
79  458
79  177
79  118
80  139
81  327
81  457
81  271
81  467
81  105
85  355
86  168
87  259
87  139
87  403
87  150
88  357
88  391
88  329
88  199
88  236
88  176
89  450
89  131
89  169
89  398
89  463
89  144
89  339
89  276
89  425
89  308
89  250
89  286
90  101
90  397
91  163
91  158
92  143
92  103
93  149
93  165
94  197
96  408
96  113
96  423
97  188
97  377
98  110
98  243
98  342
98  443
100  154
101  410
102  384
102  109
102  151
102  254
102  127
103  124
103  337
103  277
103  343
104  289
104  111
105  157
106  212
106  121
106  445
106  159
107  230
107  461
111  362
112  201
112  330
112  284
113  114
114  353
116  147
117  272
118  291
119  257
120  304
120  377
120  157
121  236
121  310
122  146
122  182
122  455
123  232
123  215
124  295
124  299
124  142
124  304
125  447
128  265
128  234
128  205
129  481
129  164
129  170
129  429
129  273
129  250
129  490
129  286
130  364
130  194
130  486
131  132
131  365
133  258
133  266
133  332
133  301
133  209
133  183
134  320
134  387
135  202
135  198
136  186
137  459
137  206
138  429
138  439
141  424
141  477
141  335
142  346
142  476
143  226
143  198
143  334
143  208
143  150
143  183
144  261
144  453
145  146
146  294
146  433
148  196
149  341
149  381
149  407
150  305
151  195
151  229
151  454
151  495
151  285
151  247
151  184
151  218
151  447
152  480
153  463
154  340
154  440
154  218
154  347
154  348
155  328
158  248
158  480
158  417
161  244
162  187
162  348
162  165
164  203
164  247
169  370
169  475
170  320
170  227
170  268
170  371
171  350
171  414
174  180
175  483
177  199
177  214
177  185
177  410
179  438
181  225
181  221
181  246
185  227
186  360
186  364
187  488
187  303
187  216
187  379
188  315
189  412
189  205
190  248
190  241
190  252
191  280
191  195
191  419
192  193
192  290
193  333
194  260
195  359
195  396
195  213
195  281
196  331
196  478
197  258
198  417
199  332
201  347
201  222
202  325
202  374
203  224
204  402
205  298
205  323
205  492
206  308
207  425
207  295
208  330
208  270
208  434
208  442
208  222
209  474
210  485
211  361
214  418
214  351
221  280
221  486
223  441
224  235
224  499
224  339
224  313
225  238
225  375
228  283
229  318
231  307
231  475
234  296
235  294
235  239
235  496
235  309
238  288
238  491
238  306
242  324
243  466
244  436
245  465
246  326
246  431
247  401
248  372
250  418
250  356
250  376
250  472
250  411
250  349
250  351
252  336
252  395
252  310
253  275
253  430
256  449
257  312
257  420
262  371
263  370
263  277
263  287
264  404
268  381
270  402
272  361
272  406
275  340
277  453
279  498
281  352
285  452
288  448
289  493
290  331
290  344
291  416
291  487
291  301
291  435
295  422
297  406
297  399
300  405
302  336
309  434
309  333
314  319
320  322
327  379
327  442
328  426
329  409
329  446
330  346
330  456
330  365
337  415
341  388
343  487
344  451
344  345
347  494
349  422
349  426
352  375
353  484
361  380
362  385
362  460
364  471
375  430
376  450
376  493
377  407
389  473
396  473
401  497
404  415
406  420
409  464
410  478
411  414
411  495
414  498
426  468
434  460
437  438
451  469
460  461
472  482
485  494
