0  416
0  321
0  66
0  3
0  359
0  140
0  258
0  13
0  208
0  17
0  183
0  397
1  256
1  130
1  3
1  4
1  5
1  7
1  8
1  265
1  10
1  11
1  12
1  13
1  16
1  408
1  18
1  147
1  405
1  23
1  24
1  409
1  239
1  169
1  42
1  46
1  55
1  187
1  394
1  62
1  450
1  67
1  325
1  198
1  72
1  75
1  336
1  338
1  468
1  214
1  93
1  223
1  96
1  100
1  230
1  231
1  363
1  189
1  235
1  124
1  125
1  382
2  226
2  3
2  4
2  394
2  236
2  174
2  131
2  206
2  90
2  159
3  4
3  5
3  6
3  7
3  136
3  9
3  138
3  13
3  17
3  18
3  403
3  278
3  24
3  26
3  156
3  413
3  163
3  38
3  29
3  50
3  307
3  52
3  438
3  312
3  58
3  445
3  68
3  69
3  198
3  455
3  457
3  397
3  86
3  473
3  346
3  353
3  488
3  106
3  107
3  367
3  496
3  481
3  244
3  380
4  5
4  6
4  271
4  20
4  149
4  25
4  155
4  28
4  32
4  33
4  134
4  38
4  297
4  428
4  305
4  179
4  181
4  445
4  446
4  194
4  462
4  84
4  97
4  232
4  490
4  110
4  112
4  369
4  374
4  250
5  128
5  6
5  7
5  8
5  269
5  14
5  16
5  19
5  21
5  333
5  279
5  409
5  26
5  31
5  288
5  112
5  34
5  35
5  37
5  49
5  174
5  175
5  176
5  177
5  178
5  439
5  61
5  318
5  63
5  450
5  323
5  324
5  73
5  55
5  461
5  78
5  77
5  209
5  99
5  398
5  470
5  343
5  473
5  221
5  227
5  359
5  105
5  364
5  368
5  370
5  372
5  233
5  120
5  252
5  183
6  224
6  34
6  9
6  330
6  427
6  14
6  210
6  282
7  130
7  132
7  8
7  9
7  10
7  11
7  12
7  14
7  145
7  274
7  406
7  68
7  26
7  28
7  31
7  289
7  163
7  36
7  39
7  389
7  41
7  170
7  44
7  47
7  200
7  310
7  311
7  185
7  87
7  287
7  60
7  317
7  318
7  191
7  195
7  324
7  456
7  249
7  202
7  459
7  77
7  336
7  214
7  57
7  344
7  89
7  92
7  94
7  481
7  102
7  489
7  239
7  369
7  498
7  117
7  377
7  253
7  382
8  10
8  139
8  12
8  15
8  17
8  22
8  411
8  30
8  237
8  161
8  283
8  40
8  173
8  430
8  433
8  158
8  182
8  186
8  191
8  192
8  449
8  324
8  329
8  78
8  80
8  211
8  87
8  218
8  100
8  231
8  487
8  236
8  365
8  129
8  118
8  249
9  129
9  266
9  11
9  19
9  406
9  235
9  24
9  154
9  32
9  36
9  294
9  92
9  170
9  45
9  47
9  51
9  52
9  182
9  184
9  66
9  267
9  452
9  101
9  228
9  348
9  477
9  223
9  354
9  229
9  356
9  166
9  486
9  491
9  364
10  18
10  276
10  22
10  153
10  410
10  157
10  414
10  159
10  32
10  42
10  43
10  51
10  54
10  74
10  77
10  220
10  356
10  111
10  241
10  115
10  20
11  480
11  354
11  165
11  39
11  397
11  16
11  113
11  180
11  127
11  478
11  453
12  320
12  259
12  28
12  133
12  188
12  334
12  15
12  304
12  209
12  278
12  23
12  56
12  22
12  143
12  60
12  442
12  197
13  20
13  155
13  430
13  49
13  306
13  309
13  54
13  58
13  59
13  193
13  454
13  199
13  477
13  94
13  351
13  107
13  236
13  109
13  251
14  133
14  15
14  144
14  145
14  21
14  152
14  111
14  284
14  287
14  160
14  434
14  51
14  311
14  442
14  322
14  69
14  75
14  333
14  334
14  85
14  97
14  100
14  234
14  367
14  379
14  124
15  388
15  391
15  266
15  139
15  141
15  144
15  275
15  405
15  25
15  281
15  30
15  41
15  448
15  65
15  196
15  79
15  469
15  90
15  482
15  369
15  250
16  123
16  197
16  167
16  53
16  375
16  127
16  249
16  411
16  421
17  425
17  19
17  248
17  441
17  91
17  475
18  268
18  275
18  21
18  150
18  31
18  289
18  165
18  166
18  39
18  296
18  425
18  301
18  93
18  50
18  307
18  309
18  251
18  191
18  320
18  181
18  454
18  84
18  85
18  88
18  349
18  355
18  485
18  497
18  114
18  246
18  247
18  63
18  252
18  277
19  33
19  290
19  48
19  199
19  43
19  464
19  401
19  210
19  180
19  182
19  393
19  378
19  383
19  421
20  257
20  227
20  232
20  107
20  76
20  175
20  59
20  82
20  371
20  62
20  313
20  122
20  27
20  29
20  382
20  127
21  194
21  67
21  71
21  30
21  491
21  176
21  274
21  83
21  53
21  23
21  90
21  27
21  286
21  213
22  420
22  198
22  45
22  142
22  174
22  91
23  64
23  290
23  451
23  292
23  102
23  353
23  139
23  208
23  27
23  434
23  179
23  52
23  219
23  25
23  59
23  285
24  36
24  70
24  40
24  360
24  274
24  345
24  156
24  29
24  446
25  33
25  162
25  35
25  426
25  140
25  436
25  407
25  58
25  220
25  189
26  418
26  260
26  46
26  335
26  121
26  92
26  125
27  386
27  76
27  47
27  272
27  465
27  312
27  442
27  188
29  68
29  488
29  50
29  434
29  437
29  119
29  281
30  96
30  65
30  44
30  113
30  114
30  151
30  185
30  200
30  149
31  261
31  392
31  137
31  144
31  34
31  35
31  293
31  295
31  296
31  428
31  45
31  56
31  162
31  218
31  37
31  228
31  360
31  112
31  242
31  125
32  64
32  96
32  385
32  44
32  205
32  237
32  48
32  308
32  86
32  372
32  61
33  160
33  288
33  484
33  38
33  134
33  41
33  74
33  247
33  428
33  165
33  80
33  82
33  115
33  126
33  393
33  91
33  390
33  190
34  132
34  400
34  146
34  282
34  420
34  37
34  423
34  57
34  314
34  453
34  76
34  464
34  81
34  347
34  95
34  103
34  104
34  105
34  492
35  98
35  53
36  40
36  269
36  110
36  57
37  195
37  230
37  171
37  108
37  365
37  78
37  207
37  48
37  337
37  82
37  467
37  278
37  235
37  83
37  358
37  119
37  62
37  406
38  258
38  391
38  60
38  74
38  207
38  281
38  380
39  66
39  132
39  358
39  42
39  177
39  152
39  135
40  275
40  376
40  476
41  46
41  449
41  399
42  43
42  453
42  264
42  395
42  54
43  466
43  471
43  184
43  122
44  161
44  98
45  97
45  196
45  72
45  343
46  256
46  69
46  361
46  49
46  153
46  261
48  315
48  146
48  72
48  156
48  459
48  109
48  56
48  370
48  152
48  443
48  316
48  61
49  130
49  260
49  70
49  168
49  73
49  331
49  488
49  371
49  457
50  184
50  472
51  461
52  135
52  55
52  344
52  63
53  485
53  102
53  169
53  106
53  267
53  451
53  150
53  89
54  480
54  353
54  67
54  104
54  75
54  172
54  366
54  109
54  436
54  373
54  342
54  121
54  207
54  126
55  315
55  151
56  251
56  447
57  71
57  396
57  211
57  244
57  440
57  340
57  349
57  95
58  64
58  80
58  388
58  390
58  104
58  268
58  492
58  176
58  94
59  65
59  146
59  368
59  498
59  147
59  95
60  88
60  84
61  204
61  148
61  118
62  131
62  171
62  269
62  348
63  161
63  93
64  385
64  421
64  242
64  119
65  101
65  168
65  461
65  212
65  349
66  106
66  203
66  81
66  116
66  103
67  448
67  194
67  71
67  490
67  142
67  79
67  401
67  241
67  244
67  216
67  120
67  186
67  476
67  286
68  148
68  268
69  70
69  136
69  73
69  114
69  83
69  308
69  154
69  270
69  181
70  255
71  216
71  222
71  415
72  448
72  260
72  460
72  122
73  270
73  79
75  384
75  99
75  103
75  168
75  171
75  140
75  493
75  110
75  400
75  81
75  178
75  121
75  217
75  346
75  443
75  85
76  167
77  87
78  129
78  195
78  263
78  143
78  310
78  88
78  284
78  221
79  108
79  220
80  482
80  201
80  108
80  494
80  211
80  364
81  199
81  233
81  458
82  141
82  464
82  246
82  89
83  264
83  362
83  392
83  151
84  283
84  105
84  301
84  150
84  443
85  326
85  166
85  237
85  111
85  272
85  115
85  494
85  86
85  183
85  123
85  157
87  202
87  432
87  243
88  377
88  302
89  437
90  226
90  99
90  101
90  158
90  209
90  387
90  190
91  384
91  496
91  368
91  306
91  117
91  472
91  187
92  320
92  227
92  264
92  332
92  205
92  398
92  175
92  435
92  116
92  149
92  190
92  255
94  273
94  147
94  469
94  439
95  438
95  248
95  345
95  314
96  358
96  403
96  118
96  344
96  124
96  159
97  98
97  265
97  339
97  457
97  413
98  416
98  142
98  340
98  155
99  263
99  138
99  363
99  206
99  177
99  499
99  215
99  313
99  331
99  347
99  316
100  128
100  193
100  394
100  219
101  203
101  392
101  299
101  300
101  153
101  254
101  383
102  113
102  243
103  128
103  143
104  212
104  294
105  162
105  136
105  418
105  386
105  120
106  228
106  134
106  330
106  336
106  312
106  250
106  350
106  341
107  145
107  180
108  385
108  304
108  218
109  137
109  277
109  158
110  352
110  173
110  284
111  248
112  384
112  200
112  148
112  405
112  117
113  327
113  215
113  126
114  138
114  267
114  116
114  389
116  288
116  225
116  326
116  412
117  458
117  135
117  206
117  498
117  341
117  441
117  378
117  187
118  266
118  208
118  401
118  342
118  414
118  255
119  292
119  189
119  178
119  283
119  253
120  487
120  328
120  141
120  131
120  137
120  286
120  415
121  169
121  437
121  348
122  306
122  123
123  273
125  289
125  327
125  433
125  213
126  133
126  238
126  252
127  242
127  463
128  254
130  389
130  329
130  170
130  172
131  416
131  298
131  280
132  173
132  285
133  164
133  308
133  217
133  381
134  290
134  380
134  458
135  201
135  325
136  371
137  202
137  436
137  374
138  352
138  259
138  460
138  273
138  276
140  197
140  410
140  188
141  192
141  280
142  240
143  355
143  203
144  163
144  164
144  301
144  240
144  430
144  439
145  499
145  216
145  154
145  315
146  164
147  226
147  295
148  205
149  495
150  388
150  372
150  468
151  225
151  323
151  334
152  410
152  479
153  224
153  234
154  321
154  229
154  415
155  455
155  204
155  319
156  293
156  167
156  239
156  157
156  446
157  293
158  160
158  233
158  331
158  238
158  210
158  277
159  291
159  230
159  263
159  305
159  370
159  340
160  355
160  225
160  431
161  418
162  432
162  297
163  383
165  291
165  215
166  486
166  463
166  305
166  214
166  393
166  316
166  253
167  262
167  172
167  473
167  254
168  261
168  193
168  425
168  330
168  337
168  357
169  420
169  298
169  459
169  432
170  229
171  192
171  396
171  350
171  469
172  245
172  223
173  256
173  231
173  196
173  474
174  186
175  234
175  204
175  179
175  342
175  185
176  339
176  462
176  433
176  435
177  247
178  373
178  219
179  375
181  327
182  338
182  345
183  424
183  426
183  240
184  304
184  265
185  493
185  319
186  245
186  317
187  363
188  322
190  317
190  257
191  272
191  222
191  478
191  479
192  279
192  325
193  303
193  402
193  381
194  201
194  395
194  438
194  217
194  213
195  352
195  291
195  422
195  297
195  350
197  212
197  314
197  474
198  300
198  335
198  343
198  444
200  271
200  280
200  346
200  476
201  475
202  232
202  444
203  366
203  378
203  495
204  245
206  282
207  328
208  243
208  276
210  262
210  339
210  409
211  238
212  386
212  332
213  489
213  460
214  431
215  361
216  422
216  257
217  246
217  309
218  313
218  222
219  299
219  221
221  224
221  287
221  479
223  375
223  400
223  373
223  407
229  323
230  259
232  298
233  478
234  241
234  465
235  318
237  356
237  359
238  258
238  300
239  347
239  483
240  294
240  423
240  467
240  310
242  387
243  408
243  303
244  299
246  357
247  321
248  396
248  351
250  403
250  471
250  381
252  374
253  262
253  271
255  450
255  295
255  497
256  412
256  329
257  292
257  332
258  328
259  296
259  367
259  337
260  285
260  494
261  357
261  270
262  376
262  387
264  390
264  424
264  335
265  303
268  351
269  424
270  462
270  470
271  481
276  466
276  492
277  279
278  482
278  302
281  307
282  487
283  485
283  455
283  399
285  483
286  361
286  322
287  484
290  475
291  362
292  404
292  302
293  411
294  417
297  366
298  419
298  497
300  402
300  468
300  379
301  427
303  440
303  377
304  398
305  447
307  379
307  477
308  362
308  311
314  463
314  341
314  319
315  338
315  419
317  354
317  414
321  499
322  326
327  408
329  333
329  365
331  360
335  452
336  472
336  399
338  429
339  490
340  429
341  429
342  427
343  480
346  395
347  454
348  440
348  471
350  456
350  413
351  404
352  495
353  402
353  391
355  489
356  445
357  467
358  423
362  376
365  426
367  441
370  417
377  412
377  422
381  404
382  466
385  493
392  407
393  447
397  484
401  431
405  496
409  470
410  465
411  417
413  483
413  419
413  444
421  435
422  449
423  452
437  474
440  456
444  486
450  451
468  491
