0  384
0  1
0  2
0  3
0  4
0  214
0  7
0  264
0  10
0  12
0  15
0  401
0  387
0  19
0  21
0  22
0  345
0  280
0  25
0  365
0  28
0  413
0  30
0  31
0  33
0  34
0  35
0  36
0  116
0  41
0  43
0  114
0  284
0  304
0  305
0  179
0  52
0  309
0  347
0  312
0  185
0  442
0  61
0  62
0  63
0  448
0  75
0  70
0  71
0  329
0  203
0  76
0  77
0  378
0  83
0  470
0  441
0  420
0  331
0  314
0  92
0  186
0  95
0  100
0  259
0  492
0  493
0  497
0  221
0  115
0  104
0  117
0  247
0  376
0  396
0  379
0  380
1  65
1  162
1  452
1  417
1  40
1  44
1  494
1  232
1  20
1  270
1  87
1  180
1  60
1  94
1  53
2  191
2  91
2  147
2  236
2  13
2  111
2  210
2  435
2  431
2  24
2  207
2  349
2  287
3  289
3  5
3  199
3  54
3  205
3  430
3  469
3  118
3  55
3  58
3  411
4  163
4  261
4  6
4  11
4  145
4  306
4  88
4  187
4  325
5  129
5  66
5  69
5  422
5  167
5  193
5  363
5  174
6  257
6  8
6  173
6  302
6  112
6  366
6  223
7  99
7  101
7  73
7  18
7  122
7  197
8  64
8  324
8  134
8  487
8  9
8  16
8  216
8  344
8  251
9  32
9  128
9  225
9  161
9  42
9  192
9  46
9  17
9  50
9  243
9  74
10  27
10  37
10  359
10  392
10  159
10  461
10  14
10  335
10  434
10  277
10  310
10  217
10  293
10  219
10  255
12  90
12  23
14  256
15  81
15  155
15  108
15  164
17  288
17  389
17  198
17  204
17  29
17  208
17  436
17  182
17  279
17  281
17  105
17  443
17  93
17  453
18  171
18  175
18  150
18  119
18  56
20  80
20  211
20  233
21  151
21  271
22  130
24  206
24  272
24  404
24  341
24  26
25  394
25  451
25  445
25  135
26  49
30  352
30  490
30  146
30  48
30  338
30  215
30  184
30  121
30  220
30  477
31  381
31  47
32  97
32  418
32  299
32  229
32  326
32  200
32  266
32  491
32  397
32  239
32  297
32  57
32  124
32  415
33  320
33  323
33  38
33  39
33  395
33  333
33  152
33  153
34  260
36  240
36  166
37  275
37  45
38  67
39  362
40  110
41  84
41  148
41  454
42  373
43  168
43  291
43  253
44  68
44  72
44  242
44  466
44  222
44  473
44  126
45  224
45  479
46  416
47  137
47  178
47  59
47  227
49  51
49  276
52  98
52  132
52  328
52  371
52  85
55  138
57  241
57  226
58  377
58  258
58  190
60  106
62  425
62  82
63  245
64  196
64  301
64  246
67  113
67  86
67  382
67  79
68  471
69  139
69  212
69  438
69  103
70  96
70  405
70  273
71  165
71  169
71  107
71  78
71  368
71  402
71  127
72  176
72  313
73  109
74  332
74  375
75  136
75  250
76  283
76  483
76  125
76  495
77  160
77  181
78  475
78  294
78  423
81  383
82  177
82  267
82  334
83  120
84  248
84  234
84  102
85  480
85  488
86  143
86  278
86  295
87  89
89  131
90  133
90  183
92  195
95  484
95  421
96  474
96  237
97  141
97  149
100  249
100  170
100  262
101  460
101  158
103  298
103  123
104  244
107  400
107  142
108  357
111  144
114  386
114  358
114  464
114  407
114  447
115  403
116  140
116  188
116  319
117  367
119  482
120  263
124  303
125  230
127  156
128  446
131  419
133  369
137  348
140  238
143  154
143  300
147  194
147  172
147  370
148  317
151  346
151  390
151  157
152  274
152  307
152  444
152  450
154  472
156  228
156  268
156  342
157  231
158  426
163  189
165  351
168  218
171  440
171  330
172  439
179  409
179  355
180  201
181  486
182  459
183  429
184  458
184  468
186  476
189  481
189  414
197  202
197  269
198  437
198  209
199  343
201  235
201  374
203  424
203  282
204  213
204  337
207  449
207  455
207  465
210  489
211  354
216  356
220  350
222  336
226  296
226  285
228  412
230  485
232  316
233  292
237  290
243  360
243  322
243  252
243  398
249  308
249  286
250  254
256  478
258  340
259  315
259  318
261  265
261  327
270  361
283  432
289  339
290  456
290  385
294  353
297  391
300  311
306  364
307  393
310  496
310  321
312  399
329  406
334  433
355  498
362  427
364  372
364  410
369  388
397  457
400  499
406  408
426  467
426  428
444  463
451  462
