0  320
0  97
0  3
0  4
0  5
0  7
0  8
0  394
0  125
0  79
0  114
0  244
0  54
0  279
0  86
0  349
1  128
1  3
1  260
1  261
1  7
1  8
1  9
1  10
1  13
1  14
1  15
1  16
1  145
1  18
1  20
1  406
1  25
1  410
1  27
1  28
1  29
1  160
1  161
1  35
1  293
1  284
1  42
1  44
1  173
1  232
1  435
1  308
1  138
1  393
1  56
1  59
1  445
1  191
1  448
1  195
1  196
1  197
1  199
1  74
1  203
1  461
1  207
1  81
1  210
1  142
1  215
1  345
1  219
1  98
1  230
1  104
1  105
1  338
1  110
1  317
1  112
1  241
1  114
1  233
1  248
1  379
1  252
1  380
2  3
2  4
2  5
2  6
2  263
2  264
2  137
2  138
2  139
2  12
2  14
2  16
2  17
2  20
2  22
2  25
2  367
2  30
2  31
2  36
2  134
2  166
2  39
2  168
2  145
2  42
2  172
2  301
2  46
2  209
2  52
2  54
2  111
2  436
2  87
2  443
2  193
2  267
2  452
2  456
2  396
2  330
2  460
2  465
2  83
2  214
2  215
2  346
2  93
2  421
2  97
2  226
2  273
2  105
2  144
2  364
2  495
2  400
2  499
2  375
3  259
3  4
3  5
3  6
3  9
3  10
3  11
3  18
3  20
3  21
3  132
3  86
3  389
3  48
3  34
3  36
3  262
3  426
3  171
3  242
3  174
3  431
3  304
3  51
3  184
3  58
3  31
3  191
3  322
3  67
3  75
3  82
3  341
3  214
3  89
3  94
3  481
3  486
3  493
3  113
3  370
3  115
3  251
3  253
4  132
4  6
4  9
4  266
4  11
4  13
4  270
4  45
4  24
4  281
4  152
4  25
4  282
4  155
4  28
4  157
4  38
4  429
4  306
4  182
4  183
4  62
4  192
4  454
4  439
4  204
4  83
4  86
4  471
4  90
4  355
4  229
4  102
4  115
4  246
4  249
4  252
4  383
5  7
5  8
5  140
5  429
5  19
5  21
5  24
5  26
5  175
5  416
5  34
5  420
5  301
5  431
5  180
5  187
5  447
5  12
5  75
5  76
5  418
5  336
5  337
5  82
5  211
5  85
5  343
5  344
5  356
5  218
5  477
5  350
5  484
5  102
5  234
5  373
5  490
5  126
5  255
6  143
6  19
6  277
6  150
6  151
6  284
6  29
6  415
6  163
6  36
6  156
6  44
6  45
6  157
6  438
6  183
6  57
6  443
6  63
6  320
6  452
6  70
6  71
6  207
6  341
6  89
6  91
6  349
6  479
6  481
6  292
6  259
6  361
6  363
6  370
6  498
6  275
6  247
6  381
7  48
7  263
7  257
7  73
7  10
7  391
7  44
7  47
7  80
7  49
7  480
7  79
7  61
7  85
8  139
8  13
8  14
8  15
8  144
8  407
8  133
8  32
8  290
8  70
8  43
8  181
8  439
8  188
8  451
8  326
8  455
8  72
8  205
8  90
8  96
8  102
8  374
9  258
9  261
9  134
9  391
9  11
9  12
9  66
9  21
9  73
9  24
9  281
9  28
9  286
9  33
9  35
9  423
9  39
9  424
9  41
9  50
9  49
9  178
9  52
9  53
9  310
9  439
9  61
9  63
9  64
9  321
9  322
9  331
9  453
9  71
9  457
9  74
9  55
9  76
9  305
9  77
9  336
9  209
9  466
9  291
9  340
9  471
9  88
9  95
9  226
9  355
9  230
9  234
9  491
9  434
9  240
9  374
9  119
9  354
9  126
10  66
10  164
10  106
10  144
10  116
10  475
10  380
10  202
10  62
11  34
11  194
11  78
11  79
11  92
11  180
11  169
11  316
12  257
12  17
12  171
12  77
12  78
12  237
12  48
12  177
12  402
12  19
12  180
12  310
12  241
12  314
12  251
12  189
13  267
13  268
13  141
13  17
13  23
13  280
13  32
13  161
13  294
13  40
13  175
13  179
13  52
13  53
13  117
13  416
13  72
13  210
13  99
13  345
13  218
13  223
13  355
13  360
13  109
13  373
14  419
14  68
14  129
14  60
14  423
14  493
14  15
14  432
14  403
14  84
14  281
14  315
14  92
15  329
15  16
15  369
15  178
15  136
15  346
15  30
16  407
16  18
16  276
16  23
16  165
16  46
16  432
16  50
16  55
16  64
16  198
16  73
16  87
16  216
16  345
16  488
16  106
16  117
16  246
16  255
16  234
16  127
17  33
17  45
17  58
18  98
18  292
18  101
18  103
18  130
18  175
18  476
18  30
19  129
19  135
19  22
19  23
19  26
19  27
19  419
19  296
19  41
19  46
19  176
19  179
19  437
19  310
19  59
19  192
19  193
19  466
19  473
19  94
19  488
19  110
19  117
20  101
20  39
20  329
20  311
20  204
20  226
20  271
20  114
20  372
20  309
20  22
20  365
20  399
20  188
21  96
21  101
21  174
21  306
21  41
21  185
21  154
21  293
22  131
22  133
22  134
22  137
22  397
22  146
22  409
22  32
22  55
22  440
22  320
22  194
22  78
22  212
22  213
22  217
22  224
22  99
22  488
22  362
22  251
22  254
23  387
23  268
23  274
23  27
23  33
23  291
23  37
23  38
23  40
23  47
23  177
23  311
23  58
23  62
23  71
23  216
23  97
23  236
23  417
23  119
24  417
24  198
24  47
24  88
24  149
24  425
24  280
24  132
24  26
24  31
24  442
24  53
25  324
25  390
25  42
25  66
25  80
25  196
25  375
25  56
25  29
26  358
26  205
26  146
26  121
26  69
27  128
27  482
27  197
27  262
27  422
27  43
27  93
27  445
27  496
27  81
27  147
27  293
27  447
27  221
27  51
28  203
28  90
28  159
29  256
29  35
29  37
29  105
29  43
29  268
29  464
29  113
29  169
29  57
29  249
29  222
30  218
30  106
31  129
31  37
31  390
31  135
31  60
31  76
31  77
31  385
31  81
31  83
31  181
31  249
31  49
31  476
31  154
32  289
32  165
32  38
32  50
32  119
32  348
33  435
33  342
34  70
34  103
34  442
35  225
35  270
35  115
35  248
36  64
36  65
36  166
36  265
36  362
36  299
36  172
36  80
36  51
36  469
36  410
36  395
36  286
37  288
37  65
37  164
37  395
37  206
37  401
37  242
37  351
38  491
38  116
38  478
39  192
39  161
39  295
39  40
39  170
39  75
39  140
39  111
39  149
39  253
39  190
40  233
40  112
40  297
40  441
40  475
40  93
40  287
41  135
41  200
41  465
41  311
41  472
42  59
42  211
42  136
42  138
42  143
42  312
42  243
42  148
42  440
42  120
42  463
42  60
43  123
43  166
43  159
43  243
43  185
43  409
43  191
44  229
44  108
44  74
44  459
44  460
44  462
44  84
44  118
45  318
45  124
46  107
46  247
46  56
46  155
47  290
47  111
47  464
47  54
47  254
47  95
48  69
48  120
48  63
49  384
49  65
49  454
49  267
49  302
49  335
49  186
49  361
49  57
49  122
49  189
49  350
50  96
50  272
50  112
50  306
50  150
51  199
51  147
51  85
51  247
51  95
52  325
52  170
52  149
52  121
53  163
53  324
53  456
53  496
53  155
54  72
54  208
54  405
55  416
55  67
55  231
55  468
55  375
55  125
55  94
56  257
56  61
56  436
56  406
56  285
56  254
57  163
57  100
57  141
57  474
58  386
58  142
58  124
59  99
59  68
59  197
59  124
59  400
59  84
59  183
59  283
59  156
60  321
60  418
60  125
61  480
61  68
61  357
61  299
61  436
61  469
61  153
62  187
62  361
62  398
62  89
62  250
62  347
63  131
63  140
63  494
63  246
63  408
64  224
64  256
64  67
64  69
64  136
64  300
64  302
64  340
64  405
64  118
64  469
65  128
65  227
65  430
65  336
65  87
66  130
66  330
66  217
67  482
67  492
67  269
68  100
68  142
68  372
68  185
69  356
69  82
69  340
69  245
69  88
69  252
69  122
69  446
69  383
70  428
70  120
70  381
71  360
71  206
71  437
71  156
72  377
73  312
74  377
75  91
75  123
75  221
75  158
76  104
76  154
76  127
76  253
77  467
77  297
78  411
80  264
80  305
80  319
81  224
81  196
81  458
81  270
82  480
82  450
82  137
82  107
82  92
82  380
82  220
83  160
83  133
83  360
83  107
83  396
84  98
84  108
84  148
84  280
84  441
84  314
84  381
84  318
85  333
85  151
85  473
85  91
86  145
86  178
86  278
87  389
87  449
87  274
87  147
87  214
87  279
87  410
88  392
88  109
88  245
89  289
89  422
89  396
89  366
89  368
89  309
89  409
89  494
89  277
90  427
90  184
90  159
91  186
92  228
92  200
92  204
92  240
92  182
92  122
93  384
93  327
93  172
93  130
93  303
93  456
93  405
93  118
94  328
94  394
94  407
94  434
95  323
95  275
95  108
95  365
95  150
95  499
95  414
96  113
96  328
96  434
97  160
97  100
97  424
97  236
97  462
97  304
97  153
97  350
98  103
99  451
99  261
99  294
100  126
101  448
101  110
101  444
102  352
102  448
102  260
102  295
102  459
103  104
103  272
103  179
104  387
104  276
104  223
105  162
105  295
105  301
105  366
105  212
105  278
105  319
105  351
106  386
106  262
106  167
106  239
107  109
107  167
108  313
110  171
110  201
111  307
111  220
114  286
115  352
115  121
115  116
115  425
115  303
115  227
115  276
115  181
115  151
115  388
115  378
115  123
115  285
115  127
116  339
116  198
116  231
116  370
116  348
116  351
117  165
117  176
117  343
117  222
118  418
118  453
118  201
118  241
118  332
118  411
118  316
119  487
119  334
119  457
120  354
121  167
121  168
121  489
121  430
121  143
121  369
121  152
121  219
121  383
122  162
122  195
122  328
122  169
122  139
122  300
122  397
122  174
122  271
122  291
122  366
122  201
122  344
122  343
123  233
123  348
124  289
124  131
124  212
125  363
125  491
128  170
128  236
128  398
128  477
128  158
129  359
129  307
129  298
129  157
129  273
129  371
129  148
129  217
129  250
129  413
129  158
130  244
131  299
131  364
131  319
132  228
132  294
132  272
132  401
132  404
132  190
133  300
133  190
134  303
134  499
134  244
134  215
134  440
134  475
135  288
135  492
135  333
135  367
135  176
135  313
135  346
135  223
137  202
137  322
138  210
138  213
138  376
139  490
139  141
139  240
139  146
140  467
140  275
140  382
140  453
141  339
141  470
141  282
142  152
142  358
143  235
143  239
143  477
144  428
145  195
145  326
145  231
145  386
145  221
147  232
148  173
149  230
149  427
149  153
149  443
150  164
150  476
150  415
151  318
152  193
152  173
152  237
152  373
152  408
152  239
152  189
153  162
153  450
153  337
153  182
153  282
154  232
156  205
156  462
156  238
158  394
158  168
159  324
159  497
159  445
160  188
161  238
161  269
161  498
163  228
163  392
163  211
163  478
164  177
164  382
165  315
165  229
168  496
168  235
169  384
169  225
169  388
169  332
169  237
169  305
169  446
170  428
171  471
171  184
171  186
171  347
172  431
172  208
172  339
173  357
173  273
173  424
173  207
173  337
173  466
173  279
173  248
173  255
175  200
175  287
177  235
178  353
179  393
179  203
179  304
179  465
179  219
180  290
180  487
180  206
180  187
180  485
181  202
181  283
182  412
182  493
182  406
183  199
183  298
183  369
183  250
183  315
183  220
184  312
186  194
186  385
187  353
187  334
188  425
189  260
189  472
189  317
189  222
189  479
190  297
191  258
191  269
191  283
192  264
192  265
193  489
196  486
196  213
196  277
198  376
199  461
200  357
200  208
200  209
200  408
200  474
200  444
200  414
201  274
202  413
204  227
204  489
204  413
208  368
208  404
208  479
210  284
210  238
211  245
211  363
213  451
213  327
214  459
214  483
214  216
215  420
216  417
217  243
218  225
219  288
219  266
221  442
222  415
223  331
223  455
224  259
224  399
224  401
224  314
225  495
226  484
226  372
226  265
227  256
227  481
227  242
228  435
229  449
230  426
234  316
234  325
235  402
235  325
237  258
237  349
239  356
240  411
241  330
241  344
241  313
242  359
242  307
242  327
242  464
244  490
244  446
246  447
246  335
247  266
247  391
250  296
250  353
251  368
251  432
253  422
253  296
253  271
253  497
253  342
254  430
255  321
255  454
256  395
256  263
257  287
261  468
261  309
263  379
263  461
264  298
265  308
266  419
266  421
266  362
268  323
268  392
268  494
268  397
268  342
269  278
271  334
272  308
273  338
275  292
276  326
276  331
276  463
278  285
281  390
282  389
285  333
286  399
289  323
289  427
292  498
293  367
294  374
295  364
295  412
295  317
296  492
296  302
296  338
297  402
297  421
298  441
301  482
301  359
302  332
303  452
303  387
303  403
304  423
304  458
304  404
305  329
307  358
308  393
308  335
315  378
315  382
316  371
321  483
323  378
323  495
324  352
324  438
325  371
326  426
328  376
330  385
330  485
330  458
332  470
332  473
333  433
334  341
335  347
336  354
337  365
346  377
347  486
350  478
350  457
353  388
355  400
356  497
358  398
359  455
361  403
362  414
364  444
365  433
370  484
372  449
376  433
377  429
377  437
377  379
379  470
383  467
390  420
393  463
396  412
397  450
411  468
414  438
450  474
451  460
454  487
460  472
461  483
462  485
