0  128
0  256
0  2
0  3
0  5
0  8
0  10
0  11
0  12
0  13
0  14
0  15
0  276
0  23
0  27
0  158
0  34
0  293
0  422
0  296
0  46
0  136
0  439
0  187
0  66
0  326
0  455
0  72
0  215
0  271
0  349
0  353
0  105
0  235
0  481
0  245
0  120
1  2
1  18
1  39
2  3
2  4
2  7
2  8
2  9
2  10
2  270
2  15
2  402
2  405
2  150
2  25
2  155
2  32
2  161
2  162
2  301
2  388
2  53
2  138
2  189
2  190
2  195
2  75
2  77
2  84
2  470
2  347
2  224
2  232
2  61
2  113
2  371
2  116
2  117
2  246
2  248
2  252
2  126
3  4
3  392
3  77
3  16
3  211
3  20
3  147
3  310
3  132
3  90
3  60
3  253
3  382
4  36
4  5
4  6
4  7
4  168
4  74
4  43
4  359
4  273
4  131
4  182
4  23
4  344
4  260
4  439
4  103
4  151
4  95
5  101
5  6
5  328
5  426
5  11
5  12
5  14
5  47
5  81
5  178
5  52
5  174
5  343
5  84
5  446
5  251
5  125
5  215
5  357
6  331
6  238
6  243
7  131
7  258
7  144
7  18
7  403
7  20
7  21
7  407
7  152
7  27
7  28
7  29
7  159
7  416
7  42
7  51
7  436
7  53
7  61
7  63
7  67
7  452
7  78
7  97
7  356
7  487
7  362
7  367
7  122
7  191
8  389
8  9
8  268
8  13
8  17
8  19
8  22
8  283
8  31
8  55
8  56
8  193
8  328
8  79
8  85
8  214
8  92
8  94
8  224
8  254
9  304
9  99
9  49
9  103
9  41
9  106
9  119
9  98
9  34
9  81
9  242
9  186
9  375
9  267
9  305
9  114
9  59
9  122
9  222
10  144
10  17
10  149
10  278
10  151
10  25
10  47
10  30
10  33
10  35
10  164
10  423
10  40
10  425
10  303
10  438
10  184
10  58
10  315
10  62
10  448
10  69
10  208
10  210
10  212
10  90
10  16
10  99
10  100
10  401
10  488
10  236
10  405
11  38
11  327
11  395
11  45
11  143
11  113
11  82
11  339
11  24
11  26
11  378
11  199
11  31
12  64
12  175
13  179
13  261
13  453
13  39
13  44
13  42
13  300
13  146
13  136
13  274
13  19
13  469
13  406
13  88
13  22
13  123
13  37
14  65
14  139
14  390
14  289
14  128
14  459
14  76
14  340
14  469
14  374
14  24
14  314
14  30
15  289
15  35
15  299
15  110
15  496
15  91
17  46
17  70
17  142
18  196
18  102
18  28
18  121
18  313
18  220
18  478
19  80
19  52
19  56
19  219
20  143
20  21
20  282
20  32
20  165
20  41
20  172
20  429
20  48
20  181
20  57
20  316
20  321
20  325
20  70
20  76
20  205
20  89
20  226
20  104
20  363
20  493
20  372
20  120
20  249
20  255
21  230
21  130
21  266
21  278
21  26
21  159
21  33
21  431
21  311
21  57
21  316
21  190
21  194
21  465
21  93
21  95
21  481
21  229
21  358
21  249
21  380
22  67
22  71
22  108
22  274
22  157
23  193
23  327
23  48
23  55
23  250
23  156
23  158
24  169
24  397
24  223
25  97
25  66
25  161
25  43
25  130
25  238
25  173
25  93
25  117
25  343
25  410
25  475
25  29
27  36
27  168
27  71
27  50
27  334
27  210
28  83
30  129
30  420
30  139
30  45
30  79
30  49
30  308
30  333
31  395
31  324
31  197
31  172
31  85
31  186
31  348
32  101
32  298
32  44
32  141
32  175
32  280
32  123
33  132
33  37
33  393
33  109
33  273
33  149
33  170
33  253
34  268
34  50
34  434
34  216
35  91
35  358
35  40
35  73
35  171
35  336
35  145
35  243
35  180
35  118
35  271
35  222
35  447
36  80
36  38
36  304
36  280
37  450
37  227
37  68
37  135
37  107
37  51
37  471
37  100
37  477
38  65
38  454
38  463
38  183
38  60
38  62
39  173
40  121
40  330
40  451
41  376
41  218
41  425
42  54
42  338
42  150
42  87
43  423
43  391
43  177
43  185
43  314
43  127
44  160
44  133
44  497
44  177
44  115
44  377
45  396
45  138
45  236
45  470
45  87
45  152
45  59
47  385
47  272
47  409
47  220
48  211
48  86
48  312
48  347
48  413
48  63
49  464
49  58
49  82
50  188
50  94
50  219
51  265
51  460
51  78
51  54
51  157
52  259
52  356
52  393
52  202
52  368
52  378
52  284
52  69
53  449
53  68
53  221
53  214
53  183
53  156
53  445
55  192
55  323
55  102
55  237
55  239
55  264
55  185
55  251
55  92
55  189
56  134
56  116
56  218
56  286
57  288
57  260
57  107
57  204
57  237
57  178
57  307
57  244
57  89
57  153
57  88
57  154
57  315
57  317
57  126
58  163
58  73
58  430
58  336
58  115
58  494
58  412
58  318
59  64
59  330
59  133
60  119
61  420
61  394
61  455
61  83
62  486
62  75
62  153
62  444
63  498
63  299
63  254
64  225
64  72
64  74
64  345
64  285
65  320
66  363
66  242
66  275
66  350
66  345
66  381
66  446
67  129
67  262
67  201
67  269
67  447
68  86
68  221
68  182
70  275
70  357
71  105
72  125
72  110
73  353
73  108
73  246
73  312
73  444
74  386
74  398
74  432
74  241
76  417
76  98
76  231
76  298
76  247
76  112
76  277
76  375
76  217
77  96
77  295
77  137
77  427
77  418
77  317
78  167
78  464
78  433
78  217
78  441
78  154
79  324
79  137
79  490
79  141
79  207
79  155
80  165
80  390
80  200
80  234
85  388
85  262
85  106
85  140
85  474
85  234
86  124
86  334
86  169
87  134
87  203
87  467
87  383
87  127
88  167
89  373
89  414
91  213
91  474
91  239
91  477
93  96
93  104
93  201
93  492
93  111
93  457
94  392
94  354
95  488
95  302
95  146
95  436
95  247
96  340
96  437
96  263
98  386
98  163
98  402
98  195
98  297
98  332
99  352
99  112
99  197
99  176
99  209
99  426
100  194
100  292
100  208
100  465
100  309
100  266
101  255
103  230
103  366
103  179
103  233
104  257
104  109
104  142
104  181
105  323
105  232
105  490
105  435
105  369
105  114
105  209
105  406
106  385
106  277
107  166
107  111
107  245
107  442
108  372
109  362
112  145
112  162
112  294
113  448
114  290
114  486
114  135
114  364
114  174
114  399
114  404
114  413
115  433
115  118
119  140
120  258
120  387
120  360
120  346
121  322
121  164
121  482
121  241
121  147
121  468
121  472
121  184
122  124
123  456
123  206
123  303
124  487
125  352
125  290
126  192
126  349
126  410
127  279
128  288
128  374
128  269
128  310
128  252
128  191
129  216
129  409
129  198
130  384
130  467
131  160
131  300
131  261
132  226
132  292
132  166
132  341
133  207
135  279
136  368
136  335
137  148
137  472
137  463
137  479
138  188
138  196
139  148
140  398
141  333
141  286
143  344
145  228
145  200
145  361
145  285
145  319
147  450
147  240
147  377
147  475
148  170
149  326
149  206
149  337
149  313
150  284
150  205
151  233
152  227
153  485
156  198
157  176
157  180
157  411
159  225
159  202
160  244
160  329
161  364
162  435
162  430
165  422
165  264
165  265
165  171
165  428
165  369
165  248
165  187
166  381
167  322
167  452
167  235
167  461
167  404
168  442
168  348
169  257
169  360
169  359
170  291
170  484
170  468
171  213
173  414
174  204
177  306
177  318
177  231
179  401
179  380
179  281
181  212
183  496
183  341
184  361
185  287
188  440
188  371
189  479
190  267
190  491
192  240
192  354
192  223
193  483
194  307
195  466
197  320
197  283
197  382
198  256
198  228
198  199
198  365
198  399
198  282
198  415
199  492
199  203
200  370
200  480
202  419
203  321
203  250
203  311
204  400
204  293
205  272
205  337
205  417
210  331
211  418
215  309
216  281
216  305
217  229
219  263
222  485
223  366
226  376
226  270
227  308
228  411
230  332
230  287
231  342
232  384
237  259
239  351
240  484
240  453
240  489
240  471
241  497
247  351
250  461
252  276
252  335
254  458
254  294
255  440
256  342
256  415
262  428
263  339
263  389
264  466
264  325
264  319
265  397
268  306
273  434
274  431
275  432
275  338
277  329
280  297
283  445
285  296
287  291
287  295
287  367
287  379
289  355
289  419
289  473
289  346
291  441
294  476
294  302
295  396
295  365
295  462
295  373
296  394
297  301
304  350
305  443
305  429
306  495
307  400
307  379
310  412
312  408
313  407
314  458
318  483
323  491
323  383
325  416
326  451
330  370
331  355
332  499
333  460
334  438
335  482
337  421
339  480
339  498
343  473
344  476
346  424
347  489
347  403
355  387
361  424
361  449
363  391
366  454
377  494
380  408
380  443
384  495
385  499
386  493
398  421
400  427
408  462
416  437
420  457
426  478
445  456
453  459
