0  1
0  2
0  3
0  4
0  5
0  8
0  10
0  429
0  2065
0  19
0  22
0  4633
0  26
0  943
0  1029
0  1056
0  38
0  3111
0  44
0  4142
0  4145
0  3634
0  1076
0  2102
0  2615
0  1595
0  61
0  574
0  1088
0  2113
0  2626
0  70
0  3169
0  587
0  84
0  4694
0  1115
0  1117
0  1119
0  2145
0  4146
0  106
0  4206
0  113
0  4210
0  2681
0  133
0  2694
0  3208
0  2699
0  3724
0  1218
0  654
0  149
0  152
0  3737
0  154
0  4262
0  170
0  3245
0  687
0  177
0  1203
0  194
0  4297
0  719
0  218
0  3302
0  1775
0  1266
0  2291
0  2804
0  3334
0  263
0  4884
0  2839
0  3356
0  2335
0  3351
0  4386
0  810
0  301
0  303
0  3889
0  3124
0  1854
0  320
0  837
0  2374
0  2895
0  853
0  313
0  346
0  2911
0  3943
0  2413
0  4660
0  882
0  903
0  2456
0  914
0  2968
0  1438
0  416
0  4005
0  3655
0  1453
0  4526
0  1455
0  435
0  444
0  448
0  4552
0  1996
0  3534
0  1493
0  3036
0  2533
0  4072
0  3561
0  2547
0  4085
0  4600
0  511
1  3418
1  4165
1  2014
2  2433
2  7
2  781
2  528
2  4117
2  158
2  2288
2  292
2  4389
2  4407
2  698
2  842
2  3776
2  69
2  1737
2  2890
2  311
2  589
2  4309
2  983
2  3032
2  228
2  347
2  16
2  4579
2  740
2  2023
2  2026
2  1519
2  3056
2  373
2  2689
2  2297
3  4100
3  137
3  11
3  531
3  788
3  161
3  2730
3  2092
3  3954
3  52
3  4534
3  1464
3  570
3  1728
3  545
3  968
3  1613
3  4941
3  466
3  4307
3  3938
3  2928
3  3186
3  4083
3  376
3  1788
4  2564
4  6
4  1884
4  9
4  2571
4  12
4  4498
4  3091
4  3310
4  150
4  27
4  798
4  965
4  32
4  2082
4  2596
4  40
4  3753
4  172
4  560
4  181
4  182
4  4279
4  573
4  4032
4  1568
4  3650
4  2501
4  3874
4  206
4  2512
4  2901
4  603
4  2780
4  2144
4  1635
4  101
4  105
4  3820
4  365
4  4974
4  111
4  168
4  2921
5  131
5  2309
5  521
5  13
5  1422
5  276
5  46
5  452
5  358
5  2075
5  2206
5  287
5  1187
5  2852
5  369
5  2217
5  3373
5  558
5  2095
5  3506
5  3213
5  1973
5  1334
5  4535
5  3640
5  57
5  59
5  4635
5  1602
5  1988
5  2893
5  717
5  82
5  83
5  3284
5  85
5  1977
5  88
5  601
5  2509
5  859
5  1695
5  3037
5  95
5  98
5  50
5  2790
5  742
5  103
5  1001
5  4306
5  1391
5  4336
5  2289
5  1363
5  1244
5  3759
5  2446
5  2331
5  3962
5  102
5  1813
6  709
7  2307
7  3845
7  2822
7  2824
7  1161
7  3849
7  706
7  14
7  143
7  1112
7  1044
7  3605
7  1175
7  4890
7  2076
7  31
7  33
7  36
7  3367
7  680
7  2729
7  299
7  2477
7  2734
7  308
7  693
7  694
7  55
7  355
7  3231
7  2108
7  1597
7  1471
7  3392
7  1345
7  3010
7  67
7  3269
7  71
7  204
7  3403
7  1868
7  3131
7  210
7  4451
7  1108
7  3160
7  3035
7  605
7  4830
7  1141
7  482
7  2619
7  612
7  1638
7  1894
7  359
7  3562
7  1383
7  1167
7  1490
7  1646
7  3568
7  3445
7  630
7  632
7  4287
7  253
7  3838
8  129
8  66
8  1370
8  1285
8  4257
8  104
8  1641
8  1419
8  1517
8  54
8  1969
8  18
8  2486
8  186
8  2651
8  3772
8  2497
8  2565
9  353
9  134
9  1608
9  492
9  2988
9  78
9  304
9  1104
9  3144
9  4114
9  4691
9  1653
9  151
9  2404
9  286
10  1281
10  3330
10  260
10  86
10  136
10  3466
10  2316
10  2830
10  271
10  17
10  167
10  1211
10  4886
10  23
10  2585
10  29
10  671
10  34
10  1443
10  39
10  3241
10  2986
10  1979
10  3375
10  1844
10  1718
10  1723
10  60
10  117
10  192
10  1220
10  2117
10  712
10  73
10  331
10  1019
10  205
10  3406
10  1872
10  465
10  850
10  2147
10  1748
10  725
10  2820
10  121
10  216
10  3047
10  3579
10  3681
10  4067
10  3072
10  1937
10  4971
10  483
10  494
10  1007
10  3106
10  2421
10  2038
10  3063
10  4473
10  4730
10  4219
10  380
10  3070
11  2469
12  1025
12  259
12  1800
12  266
12  87
12  4036
12  3085
12  4366
12  15
12  1171
12  4116
12  665
12  25
12  794
12  28
12  285
12  1427
12  928
12  624
12  91
12  3113
12  1619
12  817
12  434
12  755
12  3129
12  4794
12  315
12  1549
12  63
12  1474
12  1604
12  3909
12  1351
12  2761
12  525
12  208
12  248
12  1107
12  2902
12  1239
12  472
12  3919
12  118
12  4959
12  224
12  571
12  1764
12  3592
12  1623
12  4203
12  4332
12  381
12  3824
12  2802
12  2675
12  235
12  2302
12  1431
12  4984
12  377
12  507
12  4377
12  125
12  2686
14  2693
14  2438
14  135
14  1324
14  142
14  2963
14  2708
14  279
14  797
14  2975
14  3618
14  37
14  1574
14  169
14  42
14  2604
14  47
14  49
14  1971
14  1590
14  2103
14  196
14  3525
14  4178
14  2259
14  2009
14  221
14  736
14  2785
14  3683
14  1702
14  1127
14  360
14  233
14  1516
14  2670
14  1265
14  1906
14  4499
14  1909
14  2089
14  506
14  2557
14  254
15  256
15  1793
15  2434
15  643
15  391
15  1033
15  398
15  655
15  3728
15  24
15  787
15  20
15  21
15  536
15  281
15  666
15  2460
15  4637
15  1500
15  43
15  2354
15  4786
15  1843
15  3780
15  4169
15  3404
15  4301
15  2304
15  1998
15  728
15  2395
15  4316
15  3677
15  4318
15  2912
15  481
15  611
15  3813
15  489
15  619
15  3052
15  2797
15  2926
15  2548
15  148
15  379
16  96
16  144
16  219
16  3980
16  4331
16  4652
16  866
16  1645
16  3920
16  283
16  2205
16  2494
16  1247
17  739
17  1156
17  497
17  75
17  625
17  211
17  3204
18  3137
18  324
18  3879
18  1386
18  1040
18  328
18  51
18  1470
19  673
19  871
19  588
19  1377
19  3248
20  2053
22  1505
22  1346
22  35
22  3044
22  3589
22  551
22  200
22  41
22  1063
22  3756
22  45
22  3982
22  3631
22  336
22  1649
22  3083
22  3991
22  2128
22  58
22  1890
23  1267
24  4965
24  2792
24  595
24  4820
24  1982
25  1376
25  4192
25  1643
25  2283
25  982
25  30
28  2362
28  2590
29  2379
29  199
30  3073
30  290
30  250
30  4311
30  873
30  171
30  3053
30  2736
30  1492
30  183
30  90
30  3547
30  3353
30  1661
30  4606
31  163
31  2276
31  2601
31  4938
31  4236
31  530
31  306
31  3219
31  4308
31  1177
31  2202
31  251
31  2396
31  191
32  512
32  1666
32  1622
32  3336
32  4237
32  1296
32  533
32  4888
32  1947
32  1477
32  1190
32  937
32  3247
32  48
32  305
32  3890
32  2739
32  185
32  3902
32  962
32  707
32  2757
32  3654
32  711
32  457
32  2122
32  2894
32  120
32  1747
32  213
32  3414
32  3675
32  2271
32  1378
32  100
32  422
32  487
32  237
32  3438
32  4854
32  1784
32  633
33  1208
33  1121
33  3939
33  3473
34  1257
34  1922
35  864
35  4576
35  165
35  198
35  215
35  332
35  1272
35  1940
35  855
35  3448
35  697
35  2011
36  1924
36  1555
36  3348
36  4632
36  284
36  1271
36  4770
36  3366
36  4008
36  1193
36  2732
36  174
36  2993
36  4531
36  2487
36  3005
36  1089
36  72
36  3447
36  3790
36  2640
36  81
36  340
36  2133
36  2266
36  3932
36  477
36  94
36  2786
36  2151
36  2920
36  2538
36  375
36  4092
37  2020
37  4809
37  4847
37  2744
37  1212
37  1599
38  4735
39  1794
39  1027
39  261
39  65
39  776
39  399
39  1562
39  2332
39  159
39  1192
39  1065
39  176
39  4104
39  53
39  2591
39  3594
39  437
39  3905
39  4421
39  840
39  389
39  1359
39  337
39  342
39  2767
39  4957
39  4064
39  1892
39  108
39  1133
39  883
39  3881
39  1147
39  637
39  2943
40  4034
40  99
40  2727
40  1961
40  4112
40  3069
41  64
41  2544
41  1189
41  262
41  999
41  811
41  141
41  2800
41  626
41  3158
41  2455
41  156
41  959
42  197
43  1895
43  4137
43  892
43  912
43  1303
43  124
43  413
43  2526
44  3291
44  77
44  926
44  3997
45  1075
45  1252
45  412
45  2500
45  1229
45  1997
45  1713
45  4914
45  2643
45  2996
45  3641
45  252
45  1532
45  767
46  4752
46  461
46  4944
46  370
46  1235
46  246
46  824
46  409
46  4118
46  1403
47  1160
47  421
47  295
47  3116
47  93
47  1458
47  4404
47  566
47  1591
47  3896
47  569
47  4038
47  76
47  4045
47  4686
47  80
47  1753
47  987
47  733
47  478
47  2981
47  744
47  4077
47  1908
47  634
48  2496
48  3012
48  2249
48  1138
48  110
48  239
48  145
48  2322
48  2350
48  3542
48  1083
48  2974
48  4607
49  1165
51  4128
51  852
51  3171
51  4252
52  257
52  901
52  513
52  2186
52  3990
52  1687
52  1691
52  1316
52  297
52  1578
52  2861
52  184
52  1396
52  1722
52  223
52  4157
52  4930
52  68
52  1221
52  327
52  74
52  2402
52  2129
52  474
52  476
52  4831
52  2530
52  2030
52  4594
52  56
52  2551
52  3322
53  4897
53  610
53  2468
53  173
53  1101
53  2130
53  1783
53  1145
54  2977
54  4074
54  4069
56  769
56  2695
56  1815
56  140
56  3214
56  2195
56  3092
56  1429
56  1559
56  414
56  1444
56  1579
56  1394
56  819
56  1333
56  2873
56  833
56  225
56  4046
56  212
56  597
56  3289
56  731
56  3676
56  3294
56  3807
56  4193
56  1765
56  231
56  1255
56  752
56  2034
56  2164
56  2169
56  1660
56  4245
57  193
57  2498
57  548
57  3495
57  2554
57  617
57  1612
57  240
57  116
57  4133
57  2039
57  858
57  4317
57  4767
58  1760
58  2016
58  771
58  1028
58  3559
58  936
58  1321
58  202
58  4267
58  1357
58  119
58  3200
58  667
58  2869
58  1110
58  2295
58  4986
58  79
58  732
59  130
59  3025
59  3687
59  273
59  816
59  1233
59  439
59  1681
59  1497
59  4378
59  62
61  2257
61  1877
61  4039
62  3969
62  132
62  4517
62  4321
62  3659
62  664
62  3003
63  227
63  166
63  714
63  4173
63  4110
63  112
63  115
63  468
63  505
63  895
63  2435
64  408
64  139
64  1974
64  993
66  896
66  3329
66  3841
66  812
66  1803
66  2194
66  147
66  921
66  925
66  934
66  4268
66  4797
66  446
66  1858
66  4553
66  2897
66  3029
66  4696
66  2280
66  244
66  3574
67  127
67  4061
67  195
67  615
68  1248
68  2722
68  1668
68  367
68  3829
68  245
68  4671
69  364
69  3885
69  2865
69  114
69  1498
70  4033
70  450
70  2663
70  3050
70  3190
70  952
70  857
70  2555
70  1725
71  2593
71  4611
71  361
71  2883
71  3189
71  1111
72  2627
72  1002
72  2765
72  3731
72  696
72  572
73  3746
73  291
73  1093
73  456
73  1100
73  1674
73  3564
73  1741
73  302
73  1693
73  989
73  155
73  955
73  4636
73  2046
73  1349
74  1484
74  335
75  2018
75  4645
75  3368
75  1322
75  3341
75  207
75  1684
75  1237
75  1052
75  4799
76  3408
76  770
76  2115
76  1381
76  604
76  1867
76  3362
76  4464
76  2867
76  436
76  1013
76  918
76  1242
76  1615
76  2268
77  869
77  520
77  265
77  107
77  1009
77  1846
77  4380
77  1548
78  2594
78  97
79  4818
79  3575
79  534
79  1277
80  1506
80  1873
80  760
80  3897
80  3407
80  188
81  658
81  1987
82  3335
82  746
82  243
82  2132
82  2613
82  600
82  282
82  2922
82  4021
83  1090
83  109
83  1169
83  274
83  1150
83  1730
83  190
84  865
84  4577
84  1067
84  556
84  1231
84  2042
84  2240
85  1473
85  4680
85  267
85  4753
85  4342
87  4675
87  392
87  649
87  463
87  1939
87  89
87  220
87  1503
88  577
88  401
88  153
88  280
88  537
88  2203
88  2972
88  1823
88  2720
88  3490
88  1833
88  4275
88  180
88  3518
88  705
88  3779
88  1734
88  201
88  975
88  2772
88  214
88  2391
88  92
88  3301
88  618
88  4463
88  3030
88  2173
89  1217
89  1206
89  3436
89  3788
89  879
89  404
89  470
89  2441
89  312
89  2900
90  440
91  567
91  3034
91  2123
91  647
92  856
94  1510
94  2607
95  420
95  1245
96  576
96  2918
96  2351
96  4496
96  1553
96  4249
96  4094
99  2146
99  2060
99  4103
101  162
101  1923
101  2605
101  2233
101  4093
102  899
102  3726
102  2063
102  323
102  924
102  293
102  1325
102  945
102  371
102  3380
102  3657
102  1336
102  957
102  1215
102  1091
102  1225
102  460
102  232
102  2537
102  3698
102  403
102  374
102  4985
103  2471
103  4745
103  3211
103  4781
103  4243
103  3316
103  1077
103  568
103  3066
104  3935
105  4662
106  352
106  226
106  203
106  3104
106  179
106  743
106  1387
106  268
106  2050
106  1199
106  3313
106  178
106  307
106  4372
106  2775
106  986
106  1563
106  2655
107  3090
107  4639
108  933
108  4779
108  1614
108  2587
108  508
108  1118
109  2256
109  3689
109  495
109  2896
109  3218
109  2111
109  2876
109  3359
110  1059
110  4584
110  1278
110  1586
110  1173
110  122
110  1054
111  1283
111  485
111  2950
111  209
111  3464
111  2633
111  1980
111  876
111  2094
111  1905
111  565
111  1238
111  4073
111  4644
111  4346
111  4060
111  126
111  4351
112  189
113  160
113  935
113  759
113  238
113  3795
113  723
113  4150
113  4855
113  3736
113  123
114  1273
114  2047
116  1528
116  1010
116  1581
116  217
117  451
117  2710
118  388
118  3493
118  3172
118  3095
121  2592
121  2301
121  3814
122  128
122  583
122  138
122  2887
122  317
124  1918
125  1318
125  4646
125  622
125  1143
125  2715
128  258
128  326
128  2664
128  3017
128  3021
128  157
128  2001
128  3410
128  2611
128  4277
128  3446
128  1625
128  1594
128  348
128  1373
129  424
130  1488
130  2915
130  4393
130  4205
130  2768
130  339
130  2712
130  445
131  827
133  2106
133  2813
134  1669
134  255
135  1569
135  3693
135  1270
135  3099
135  4765
135  2303
136  4967
136  3093
136  3994
136  2239
136  351
137  3277
137  1269
137  3397
138  919
139  737
139  514
139  475
139  4836
139  710
139  2470
139  249
139  329
139  1152
139  599
139  4674
139  4813
139  4041
139  1821
139  1975
139  3545
139  1243
139  3402
139  1790
139  800
140  146
140  2631
141  1953
141  738
141  164
141  3272
141  4876
141  686
141  1425
141  2569
141  2104
141  1149
142  386
142  724
142  757
142  278
142  2680
143  2150
144  187
144  708
145  3810
145  1447
145  519
145  681
145  3627
145  652
145  1487
145  402
145  915
145  564
145  2805
145  3958
145  4396
145  2740
145  4186
145  319
145  3212
145  469
146  1848
147  1407
147  1124
147  1122
147  1222
147  839
147  296
147  1258
147  338
147  3309
147  4879
147  400
147  2221
147  4274
147  1651
147  1698
147  411
147  1489
147  3690
147  4511
150  2068
152  4676
152  1673
152  234
152  3405
152  467
152  1437
153  449
153  920
153  4981
154  3008
154  3940
155  861
155  695
156  1762
157  1129
157  1375
157  3305
158  609
158  1959
158  713
158  1481
158  269
158  559
158  2389
158  1526
158  2359
158  1306
159  898
159  678
159  4491
159  396
159  2189
159  1946
160  538
161  2337
161  779
161  2451
161  4885
161  1949
162  875
162  3498
162  2139
163  3484
163  1298
163  2516
163  2364
163  2556
164  1299
164  425
164  627
164  427
165  550
165  4079
167  3377
167  4220
167  1186
167  3210
168  3331
168  4003
169  272
169  1406
170  3536
170  2452
171  2225
171  1554
171  1014
171  175
172  581
172  874
172  4812
172  2077
172  1808
172  1521
172  407
172  3192
172  378
172  4010
172  447
174  4025
174  4629
174  847
175  459
176  2269
176  1142
176  623
177  4804
177  2665
177  1423
177  4529
177  4030
177  4762
177  1086
178  1384
178  3147
179  834
179  2970
180  729
180  1372
181  4546
181  772
181  584
181  4916
181  3096
181  2809
181  509
182  648
182  1368
182  1409
183  3937
183  229
183  582
183  1738
183  1099
183  4367
183  848
183  1970
183  275
183  1716
183  471
183  1945
183  3835
183  1309
183  2815
184  1552
184  3628
185  354
185  4870
185  2311
185  2696
185  2666
185  1227
185  674
185  4666
185  1022
187  2059
187  735
189  1664
189  2253
189  1768
189  1709
192  2439
193  3854
193  247
194  2432
194  1155
194  2884
194  613
194  592
194  1300
194  1048
194  1434
195  2649
195  1914
195  3420
195  4381
196  322
196  4071
196  423
196  1826
196  430
196  496
196  1364
196  4758
196  2041
196  3615
197  640
197  3361
197  2980
197  230
197  1292
197  971
197  1740
197  1004
197  2766
197  1356
197  539
197  4428
198  3745
198  356
198  2149
198  3206
198  1671
198  3996
198  1034
198  1933
198  2287
198  242
198  1588
198  828
198  4247
198  2072
198  4281
198  2906
198  1852
198  2622
199  3139
199  333
199  527
199  1328
199  1176
200  3312
200  4423
201  289
201  419
201  310
201  2055
201  1352
201  1556
201  3175
201  1134
201  4648
201  1043
201  660
201  2126
201  3734
201  2296
201  699
201  3516
201  4360
204  222
205  4956
206  4937
206  524
206  366
206  1774
206  406
206  3707
206  1045
207  3809
207  3300
207  455
207  4233
207  236
211  3138
211  1064
211  1003
211  4659
211  2997
211  3068
211  3805
211  3390
211  4031
212  294
212  1791
213  1433
213  789
214  1053
214  1966
215  458
215  3556
215  590
216  288
216  2656
216  418
216  1539
216  1989
216  775
216  3567
216  1936
216  2399
216  1535
216  661
216  4246
216  2425
216  3065
216  2747
216  1276
216  1726
216  2687
217  2850
217  3910
217  844
217  2074
217  1818
218  542
218  830
218  967
219  2752
219  1031
219  3884
219  1706
219  300
219  973
219  4015
219  689
219  2513
219  344
219  829
219  510
219  1727
220  2358
221  529
221  555
221  3477
222  1327
224  484
224  677
224  1542
224  716
224  1582
224  1841
224  2066
224  500
224  598
224  2871
224  3433
224  3973
226  3792
227  330
227  1540
227  1314
228  3553
228  3086
229  1603
229  1512
229  1260
229  845
229  2248
229  4597
229  2262
229  3417
229  2939
230  2801
230  415
231  4224
231  867
231  2341
231  2886
231  264
231  585
231  720
231  277
231  3529
231  1461
232  1310
234  1024
234  1544
234  2314
234  1164
234  786
234  3220
234  1329
234  1074
234  691
234  1087
234  578
234  325
234  972
234  334
234  1999
234  851
234  490
234  1262
234  368
234  241
234  2036
235  2340
235  808
235  1449
235  2954
235  3275
235  718
235  606
236  4996
236  4108
236  4050
236  2197
236  1263
238  802
238  1828
238  807
238  1035
238  4269
238  2829
238  561
239  1880
241  2561
241  1390
241  4084
241  1397
241  3754
242  488
242  314
242  4435
242  270
243  2382
245  653
245  1454
246  4458
246  3062
247  544
247  672
247  3046
249  3020
250  345
250  950
251  763
251  3796
251  493
254  641
254  970
254  473
254  4315
254  2719
255  862
256  3004
256  646
256  2182
257  1870
258  849
258  2888
258  1358
258  2465
259  1928
259  1123
259  4643
259  3851
260  1993
260  2795
260  1079
261  3145
261  390
262  1527
262  2281
263  1335
264  1624
264  562
264  2646
264  2360
264  1882
265  1827
265  4134
265  1967
265  2676
265  4215
265  4792
265  1561
265  442
265  1662
268  762
268  2250
268  644
269  1440
269  2213
269  2215
269  393
269  362
269  745
270  2598
271  3947
271  621
271  3282
271  2581
271  1751
271  3067
273  4323
273  4997
273  1871
273  2482
273  387
273  1626
274  784
274  602
275  669
275  3043
275  805
275  298
275  1647
275  405
275  4542
275  316
275  1469
275  4670
276  1452
278  1984
278  341
279  676
279  1442
279  1284
279  4109
280  2945
280  932
280  3207
280  715
280  2641
280  754
280  309
280  954
280  1339
280  4924
281  2840
281  3295
282  768
282  522
283  385
284  1184
284  3678
286  2121
288  453
288  1071
288  2806
288  702
288  2751
289  953
290  1600
291  480
291  1441
291  1026
291  756
291  2254
291  499
291  4115
291  659
291  1845
291  1879
291  889
291  4090
291  350
292  1992
292  4097
292  3453
292  4872
295  2273
295  1411
295  1679
295  3442
295  1731
295  2006
295  504
295  410
295  1499
296  1416
296  3865
296  547
296  1475
298  2857
298  343
298  4364
298  431
298  3959
298  730
299  2529
299  4658
299  4151
299  443
299  4285
301  1792
301  2595
301  517
302  2398
302  2183
303  1659
303  638
303  1911
305  1633
305  3485
306  579
306  553
306  428
306  657
306  3860
306  2040
306  670
307  704
308  432
308  4223
308  3926
308  479
309  782
309  1650
309  4827
309  318
309  3135
310  2648
310  804
312  4288
312  3225
312  426
312  2673
313  2628
313  4075
313  3317
313  3767
313  1816
313  349
314  3084
314  1770
314  363
314  2444
314  1842
314  4047
314  4272
314  4212
314  1047
314  1020
315  321
315  4808
315  4592
315  1976
315  1754
316  887
317  2400
317  679
317  395
317  2575
317  1621
317  826
319  3764
321  3858
321  2284
321  1389
321  1159
322  357
322  2310
322  1417
322  4586
322  2321
322  1340
322  799
323  1680
323  1832
323  791
324  2305
324  4261
324  2759
324  1929
324  778
324  3852
324  1585
324  1228
324  438
324  3337
324  3956
324  2874
324  2814
324  543
325  3009
325  2842
326  1313
326  3332
326  3077
326  2165
326  1400
326  383
326  4533
327  3802
327  4923
327  1796
327  3793
328  4722
329  2570
329  1822
329  1183
330  1696
330  2160
330  836
330  1990
330  668
330  1836
330  4431
330  2320
330  1778
330  1315
330  372
330  3355
330  764
330  639
331  1785
331  1197
333  1893
333  3603
333  1750
333  4440
333  1501
333  2558
333  1023
334  1483
334  2731
335  4416
335  4235
335  549
336  608
336  761
337  2242
337  4420
337  1448
337  688
337  2776
341  1995
341  501
341  526
342  992
342  4800
343  3817
343  394
343  4253
344  1596
345  1566
345  2078
346  960
346  931
346  1732
346  2623
346  3018
346  1195
346  2540
346  749
346  1038
346  3376
346  1041
346  2419
346  464
346  2638
346  1752
346  3513
346  3387
346  956
346  2334
346  3108
350  4621
350  382
351  2881
351  4076
351  1015
351  2188
351  2162
351  2025
351  2485
351  2985
351  985
351  1755
352  2032
352  2743
352  1058
352  3831
354  594
354  2854
355  3492
358  890
358  1476
358  3357
359  4683
361  2630
361  1066
361  1708
361  1082
361  2138
362  3584
362  2818
362  860
362  4070
363  1824
363  2210
363  3717
363  4810
363  3672
364  1744
364  2602
368  904
368  902
368  3550
368  4757
369  1290
369  4303
369  2773
369  1466
369  2847
370  417
370  650
370  4148
370  2226
372  1968
372  1766
374  397
376  1162
376  4391
377  4179
377  907
377  4717
378  3888
378  1354
378  1955
378  4679
379  384
379  1665
379  580
379  614
379  4135
379  1834
379  3156
379  3798
379  1080
379  3967
380  3048
380  441
380  3058
380  3345
381  4107
381  2461
381  4174
381  4333
383  2027
384  4344
384  2387
384  523
385  3428
385  997
385  2983
385  616
385  4778
385  1964
385  3822
385  701
385  3400
385  1491
385  2004
385  663
385  2584
385  1925
385  700
385  3229
385  4863
386  2224
386  4806
386  1415
386  3722
386  3856
386  629
386  1402
387  1658
387  1070
388  3601
388  2836
388  4733
389  2783
389  4119
390  1274
394  995
394  1223
394  3467
394  947
394  2459
394  2685
394  3966
395  1859
395  2524
397  433
397  3155
397  2990
397  2097
398  1214
399  1809
399  3893
399  2385
400  832
400  454
400  4583
400  940
400  1132
400  1742
400  1234
400  2325
400  503
400  1875
401  1956
402  3000
402  3895
402  815
402  3911
403  3526
404  4293
404  4776
404  491
404  3629
404  4207
404  4400
404  2837
404  4793
405  1204
406  3059
407  2617
407  4181
407  1319
408  2140
408  541
409  1200
410  886
411  1178
412  3507
412  575
414  1250
414  3235
414  3976
414  2859
414  884
415  3202
415  3785
415  4746
415  502
415  2231
415  2937
416  4560
416  3749
416  910
417  1897
417  1398
418  2629
418  1567
419  3444
419  518
419  4838
419  1735
420  868
420  2285
420  3054
420  1520
420  2244
420  3514
421  552
421  2155
421  535
421  922
421  1307
421  540
423  888
423  1550
424  795
424  1404
424  3886
424  1703
426  1061
426  1069
427  4640
427  4615
427  1072
427  1745
427  4412
427  1311
428  2062
429  4518
431  1114
431  1166
431  4478
432  2778
432  2679
433  4481
433  1379
433  2863
433  3251
433  2420
433  596
434  1960
434  721
434  4728
436  1188
437  4009
437  1710
437  656
437  3859
437  2427
438  1636
438  462
439  969
439  2386
439  4684
439  2545
440  3042
440  2958
440  2488
440  1275
440  4509
444  813
445  2560
445  4868
445  806
445  2344
445  3981
445  532
445  4764
446  593
448  946
449  2892
449  4471
451  4020
451  1495
452  1011
453  3528
453  3694
453  2484
453  1689
453  1341
454  2083
454  1254
456  1699
456  3491
456  2415
456  1219
456  3609
456  2159
456  1084
457  1365
458  870
460  3416
460  814
461  1920
461  1209
461  4861
462  765
462  881
462  651
462  2511
462  2704
462  3697
462  2936
462  2428
462  1533
463  753
463  4521
466  3273
466  486
468  2835
468  2518
470  1097
471  2697
471  1380
471  3661
471  3255
472  3217
472  516
472  809
472  3751
475  1360
475  3612
476  3569
476  642
477  821
477  4238
477  823
480  1128
481  4681
482  4480
482  554
482  4446
482  3271
483  3554
483  773
483  2152
483  3372
483  1514
483  2700
483  1374
483  3646
483  4760
483  1194
483  2430
484  3449
486  2971
486  885
486  822
488  586
488  631
490  2457
491  546
491  2021
491  2407
491  682
491  591
491  498
491  628
491  1304
491  4123
491  3261
492  1547
492  4195
492  4537
493  4442
494  1241
494  891
495  2525
498  4769
498  1611
500  2536
501  3173
502  515
502  2153
502  2156
502  4240
502  4958
503  1308
504  2654
504  3078
505  4582
505  1414
505  2472
505  4172
505  909
505  1522
505  790
505  2299
506  4155
506  4299
509  2376
509  1039
509  818
509  2298
509  1295
509  4565
512  557
516  3674
516  1575
517  893
518  961
518  2692
518  1772
518  685
518  2290
519  4845
520  2659
520  2275
522  2791
522  748
522  877
522  2478
522  3929
522  988
523  977
523  2199
523  3868
523  2449
524  1317
525  1073
525  1405
526  3023
527  1853
528  2412
528  3986
528  607
530  1686
532  2458
532  2170
532  2846
533  2669
535  1331
535  1163
535  894
535  2127
536  1472
536  2521
536  3626
536  4970
538  1036
538  974
541  2353
543  4129
543  1717
544  1312
544  4904
545  2788
545  1062
545  1201
545  563
545  3894
546  4341
546  2879
547  1592
548  4716
548  2758
548  3041
550  1825
551  1350
551  4554
551  1230
551  1240
551  1656
551  1657
551  2236
551  2877
551  1694
554  620
554  4972
554  3142
555  1857
555  2508
556  4187
556  1991
557  1502
560  2279
560  2703
560  2424
560  2045
560  2110
562  3441
562  3875
563  4099
563  1609
563  1131
563  1102
563  1279
564  1642
564  4750
564  1631
565  4368
566  2222
567  2553
567  2166
568  1280
568  1866
568  690
568  1560
568  4894
569  4609
569  3363
569  4772
569  2098
569  1551
569  2642
569  2330
569  2994
570  2688
571  4018
571  1798
571  1151
572  792
572  4692
572  2054
572  3825
573  4457
573  3411
573  1719
574  1408
574  1896
574  1418
574  4656
574  2965
574  1367
574  636
574  4138
574  1951
575  4474
575  1508
575  3900
577  2192
577  1246
577  3278
577  4501
579  1705
579  3523
580  1672
580  4784
581  4742
582  3024
582  1756
582  3325
582  1782
583  803
583  684
583  683
583  2028
583  4878
583  981
583  4058
584  1817
584  1837
585  777
585  751
585  3223
585  1690
585  2714
587  3921
587  1282
587  838
587  3343
589  1763
589  1541
589  4310
589  4887
589  4095
590  1545
590  3429
590  2409
591  2834
593  4869
594  2967
595  4312
595  1182
595  4822
596  1598
596  4081
597  1008
597  1393
599  3946
599  4019
600  801
600  1286
600  4598
601  1628
603  1584
604  2848
604  1573
604  780
604  1424
604  1618
604  3222
604  1049
605  4066
605  4547
605  750
607  2112
607  1426
607  1932
607  2589
608  2339
610  3538
610  4771
611  4338
612  2300
612  1046
613  635
614  3752
614  3205
615  2336
617  4698
617  4413
617  2959
619  1523
619  774
619  727
622  2091
622  1771
623  941
624  1401
624  2218
624  1157
626  3819
627  3716
628  905
628  1509
630  872
630  4348
631  2858
631  2012
631  991
632  4617
632  942
632  2333
632  3953
632  722
632  2355
632  2606
632  4819
632  2105
632  2713
632  2653
633  1531
633  911
634  3708
634  2517
634  4711
635  1736
635  4907
635  4492
635  4013
635  3443
635  3323
635  1630
635  2373
636  1249
636  645
636  1865
636  3146
636  846
639  2131
639  1202
639  3923
641  1543
641  2220
641  2479
641  4817
641  3539
641  916
641  3061
641  3800
641  4655
642  3622
642  2375
642  4330
642  4199
642  2583
642  4891
642  3389
643  4387
643  900
643  1957
643  4398
643  726
643  4259
643  980
643  662
646  3743
648  1457
648  675
648  1789
650  4871
650  4044
650  820
650  3221
650  1144
650  692
650  1439
651  4328
651  1593
652  1018
652  913
653  2209
653  963
653  996
653  4337
653  923
653  3614
654  1055
655  1450
655  3933
655  1558
656  1168
657  3775
658  1106
658  854
659  2274
662  2261
663  3620
663  1191
664  3522
664  908
664  1849
664  1116
664  766
665  2293
666  1016
666  1113
666  1721
667  1639
667  3912
667  1259
667  1135
667  2388
667  2013
667  1759
668  4063
669  4709
669  3151
669  4821
669  1305
669  2779
671  747
672  930
672  2652
672  2282
673  1850
674  1000
674  4995
674  4839
675  831
676  1797
676  1170
676  4443
676  3132
676  1021
678  2914
679  3456
679  1507
679  3812
679  4685
679  3696
679  1081
680  2120
680  3347
680  1140
680  4239
681  1885
682  4929
683  1136
683  3869
684  2345
686  4436
686  758
686  3191
686  2964
686  3706
686  1919
688  1634
688  1627
688  3364
688  2723
690  1172
690  1482
690  1916
690  4302
692  4392
692  3778
693  2010
695  703
696  1921
697  3876
697  906
697  3308
697  3705
697  796
698  1926
699  3432
700  878
700  1831
702  2185
702  1467
702  3571
703  3663
704  1902
706  990
707  785
708  3647
709  2499
709  1085
709  1207
709  4751
709  4829
710  2721
711  1944
711  1050
711  3951
712  1297
712  3075
712  4266
712  1670
714  1092
714  2219
714  1068
714  734
714  4766
715  2114
715  4726
715  4422
715  3307
715  3906
715  2678
715  2329
716  1210
716  2506
718  1986
718  4291
718  2436
718  2634
718  4556
718  2125
718  3181
718  825
718  3097
718  3007
719  3576
719  1515
720  1005
721  3457
721  1863
722  1931
722  3230
725  783
726  3321
726  741
726  3494
727  3040
727  3861
727  4911
728  2507
728  2134
730  1840
730  835
730  4363
730  4127
733  4568
733  949
735  2019
735  3143
735  1807
735  2426
735  4282
735  1338
736  3266
736  4427
736  2247
737  944
737  1196
737  1103
737  1456
737  978
739  1153
739  2371
739  3472
739  2489
739  3198
740  1962
740  3727
740  1530
740  2141
740  927
742  4811
746  4324
747  3898
748  3763
748  2158
748  2995
748  2442
750  4785
752  2705
752  3101
753  3699
753  4718
754  3624
755  3651
756  4701
757  1564
758  948
760  1861
760  2397
761  1994
761  3685
761  4638
762  1094
764  3339
766  793
766  2008
766  2393
768  2015
769  4931
769  3918
769  3071
770  1580
770  2161
771  1889
771  2323
771  2338
773  2913
773  3049
773  1226
773  3602
773  3286
773  2361
773  4057
773  3388
774  2216
774  2745
774  2007
774  2255
777  1251
778  1435
779  2384
779  3948
779  4641
781  2245
781  3371
781  2862
781  1232
781  4026
781  4571
781  4319
786  1637
787  3088
787  897
788  1835
788  1006
791  2464
791  3738
792  4349
795  1392
796  4361
796  1965
796  1934
796  4347
796  4989
797  2989
797  917
797  4182
797  4111
798  2755
798  998
798  2534
798  863
800  4544
800  4500
801  1158
801  843
801  1105
801  2163
801  958
801  4538
801  979
803  2853
804  3242
804  3419
805  3299
805  1676
805  2292
805  1432
805  1629
805  4543
807  3960
807  1682
807  4211
807  4024
807  1051
808  2514
809  4043
809  4191
812  3119
813  1216
813  2816
813  2978
813  1468
813  3537
813  3701
813  1878
813  2711
813  2682
815  4450
815  2531
815  4585
815  3187
815  2677
815  2903
815  3354
819  3714
819  3396
819  1605
819  4774
819  1032
819  2927
819  4859
822  1302
822  1366
822  3527
823  1344
823  2370
823  2278
824  1538
824  4234
826  4001
827  3730
828  4551
829  2193
829  4035
829  2503
833  2184
833  2749
835  3747
835  1146
838  1904
838  4908
838  1675
838  2567
839  841
840  2608
840  2084
840  3381
842  1264
844  4161
846  3837
847  880
849  3968
849  3109
851  3435
851  3665
851  2738
851  2423
851  1720
851  3577
851  4763
853  2378
853  1395
854  3941
856  929
856  3461
856  1958
856  939
856  1805
856  2542
856  1715
856  4795
857  2940
858  1042
861  1617
861  4461
861  2119
864  3922
865  2609
866  3709
866  951
867  2753
867  4964
867  4414
868  1888
868  2200
869  1060
869  3558
869  4936
869  2476
869  4558
869  976
869  3185
869  4088
870  1810
874  3296
874  994
874  2380
874  1343
880  3098
883  1320
884  4256
884  1154
884  4040
884  4720
884  1941
884  2294
884  3262
885  3521
885  2406
885  3149
885  4343
885  4444
890  1529
890  1399
891  3122
891  1236
894  3385
894  3794
894  3179
896  1583
896  2799
897  3349
897  4405
899  2760
905  1347
906  1839
907  1479
907  1096
907  1655
907  4590
907  3344
907  4919
907  4120
907  4893
911  2447
914  4292
914  3102
915  1037
915  2390
915  4687
916  3458
916  4983
918  3957
918  4007
920  1950
920  2431
921  3548
921  2917
921  1494
926  1057
926  2081
926  3188
926  4657
928  2718
929  938
929  4530
931  3026
934  1017
934  3995
934  4881
935  1451
935  1900
935  2541
936  4744
936  4345
936  964
936  4932
937  3045
938  1781
941  2348
941  1030
941  1814
947  3617
950  4816
950  4603
953  1769
953  2991
954  2342
955  1712
955  3236
955  3022
955  2143
956  2369
956  2069
956  4014
956  1799
958  966
958  3782
958  4589
958  1903
958  4853
959  1256
959  3125
959  2270
959  3765
960  3152
960  1137
962  1371
964  2212
966  1253
966  3110
967  4433
967  4082
967  1485
968  1876
968  1362
968  4580
969  3264
969  1570
969  1288
969  2603
969  4482
969  4921
970  2392
972  1078
973  984
973  4823
974  2625
974  4484
974  1445
974  1126
974  4625
974  2661
975  1513
975  1917
975  3382
976  2073
976  3451
977  3112
978  1213
979  2573
979  2277
979  2817
980  1749
981  1978
981  4188
981  3570
982  2490
985  3378
986  4294
986  2443
986  3117
986  2191
986  1648
986  2515
986  1012
986  1109
986  4980
986  1179
986  1724
987  4596
988  3237
988  1565
988  2448
988  4434
988  3581
988  1125
992  1205
994  2024
994  1430
995  1348
995  4204
995  2483
995  1180
995  1181
996  2930
996  2535
996  4548
996  3541
1000  3014
1000  2367
1001  2057
1001  1095
1003  2377
1004  1369
1006  1632
1006  3360
1006  1294
1006  4241
1006  2229
1006  3680
1006  3422
1007  1856
1007  1935
1007  3159
1007  3166
1007  1887
1010  4902
1011  2410
1012  2368
1012  4805
1013  2228
1013  3509
1015  3324
1016  1577
1017  2716
1018  1729
1018  4852
1021  1811
1021  4915
1022  1330
1023  4566
1024  3107
1024  4614
1024  3240
1024  2827
1024  2771
1024  1268
1024  2267
1024  4987
1024  2058
1024  2142
1025  1120
1025  2002
1026  2647
1027  2777
1027  1620
1028  2938
1030  1780
1033  4189
1034  1536
1034  3474
1034  3399
1035  1478
1037  2265
1037  1342
1037  4737
1038  1601
1038  1701
1038  1130
1038  3691
1038  2454
1038  2462
1039  2644
1043  2578
1043  2807
1045  1819
1045  3804
1046  4602
1049  2784
1051  4429
1051  3511
1053  1776
1053  1860
1058  2381
1059  3642
1059  2308
1059  1942
1059  2366
1060  4605
1064  1462
1068  2737
1068  4604
1068  1663
1069  2208
1069  3393
1069  2674
1069  3401
1073  2812
1073  2174
1074  2491
1077  1337
1077  2819
1077  1301
1078  4260
1078  4022
1079  1683
1081  2706
1082  3176
1082  1326
1084  1459
1087  1480
1087  3480
1088  1576
1088  2658
1088  3328
1089  1139
1089  4068
1089  1773
1091  1981
1091  3239
1092  2414
1093  1098
1098  1761
1098  2418
1098  4814
1100  3866
1100  1795
1100  3739
1100  4202
1101  2600
1101  2204
1101  4334
1105  1546
1106  1174
1107  2172
1107  1421
1107  3197
1108  3904
1108  3524
1110  3643
1110  2502
1113  3081
1114  1465
1114  4677
1116  3320
1116  3531
1116  2347
1116  3496
1119  2999
1120  2880
1121  3232
1123  1820
1124  1289
1124  3074
1124  3934
1127  1353
1127  2035
1127  3692
1127  4227
1130  1525
1131  2919
1131  1644
1131  2955
1134  2733
1136  1148
1136  4029
1137  1436
1137  4788
1139  2372
1139  1685
1141  1291
1141  4910
1141  1787
1141  4508
1141  3303
1143  2899
1144  4968
1144  1486
1144  2070
1144  2746
1144  2154
1145  4740
1147  2328
1147  3520
1148  4358
1151  3437
1151  4221
1153  2793
1153  2318
1155  2756
1155  3013
1158  4270
1158  4487
1159  1786
1160  2049
1160  1606
1163  2178
1168  3732
1169  4490
1171  3174
1177  1287
1181  4803
1182  1185
1182  1198
1183  1261
1185  4581
1186  3051
1186  1587
1186  4948
1186  2198
1186  1692
1189  4512
1189  1806
1189  4918
1191  2246
1199  1224
1200  3658
1200  2196
1200  3750
1203  2324
1203  3087
1206  2754
1206  2620
1206  4497
1209  4152
1209  2957
1212  1758
1214  3916
1214  2662
1215  3721
1215  1412
1219  2056
1219  1610
1219  1711
1219  2343
1220  2264
1220  3855
1223  2363
1224  2135
1227  4379
1227  4523
1227  1446
1227  1323
1228  4401
1229  2563
1229  2941
1231  3600
1231  3031
1233  1537
1233  1293
1234  2796
1235  3290
1235  1743
1236  1746
1240  1851
1242  3925
1244  3915
1246  2067
1247  3811
1248  4426
1248  3454
1248  3394
1248  4086
1249  2005
1250  4990
1253  2949
1257  1428
1258  3682
1264  2403
1264  2707
1265  3060
1265  1518
1267  2889
1268  2947
1269  2263
1270  3128
1270  2908
1270  3599
1272  4053
1275  2124
1275  4495
1276  1524
1277  2306
1278  4903
1279  2243
1280  2136
1280  2315
1280  1847
1280  4835
1281  1707
1281  1413
1281  1382
1283  1420
1284  1361
1285  1733
1286  2312
1291  1355
1291  1572
1291  2559
1293  1881
1294  4388
1294  2405
1294  2698
1294  2923
1294  3917
1294  4634
1294  2171
1295  4244
1295  3311
1297  4667
1298  3704
1298  3502
1299  1332
1299  2137
1300  2064
1302  4390
1310  3777
1312  4357
1313  1496
1313  3439
1313  4789
1313  2885
1315  1985
1315  4562
1316  3595
1316  2180
1317  3979
1318  2811
1318  1511
1319  4732
1320  2931
1320  3797
1320  2087
1324  4961
1324  1915
1324  3715
1324  2671
1325  4624
1325  1460
1325  2645
1325  3470
1327  1757
1328  4892
1328  4437
1328  1534
1328  1589
1330  3914
1330  3725
1330  1616
1330  4408
1330  2043
1331  2258
1333  1901
1335  2251
1335  2044
1335  2463
1337  2272
1337  4519
1340  3744
1347  3126
1349  1688
1349  1463
1350  3304
1351  4051
1352  1886
1355  3593
1355  3755
1356  4527
1359  4690
1360  1943
1360  2823
1361  3292
1366  1779
1366  1652
1367  4713
1368  3259
1368  3358
1368  1607
1369  3327
1372  3891
1372  2211
1373  2610
1376  2086
1378  4729
1379  4664
1379  1385
1379  1801
1380  3588
1381  1410
1382  2319
1382  1812
1382  4693
1382  3535
1383  2951
1385  1388
1391  4403
1392  1777
1392  2326
1392  2782
1392  2841
1393  3826
1396  2741
1401  2588
1403  3988
1405  4864
1405  4326
1405  1954
1405  1891
1405  4198
1405  4550
1405  2349
1405  4721
1405  3586
1405  2979
1405  4340
1405  4532
1405  3227
1406  3769
1407  3740
1408  3427
1409  2031
1409  4087
1412  2107
1412  3844
1412  4102
1416  3660
1421  4459
1426  3978
1428  2872
1428  1767
1429  3713
1429  2637
1429  2966
1430  2090
1430  3134
1433  3582
1434  4228
1435  2100
1435  3607
1436  1640
1436  1874
1439  3288
1442  3578
1442  2214
1443  1678
1444  1972
1445  4065
1448  2976
1448  4768
1449  3226
1450  4513
1450  4183
1451  1667
1452  1869
1453  2909
1454  3233
1455  3718
1456  2440
1456  1930
1459  3711
1460  2843
1462  2636
1463  2187
1463  2252
1464  3314
1465  2207
1467  1899
1468  1700
1468  1948
1469  2201
1469  2394
1469  4055
1471  4832
1471  3633
1472  1504
1473  4909
1474  3252
1475  2953
1475  3170
1475  2093
1475  3720
1477  3816
1478  1802
1478  2562
1483  2826
1483  3591
1485  3872
1485  2241
1485  4017
1485  3162
1485  2238
1485  2079
1486  4506
1488  3100
1488  3450
1489  3333
1490  4016
1490  4106
1490  4588
1498  2260
1499  3532
1500  2003
1505  3808
1505  1571
1506  3369
1510  2096
1511  4397
1514  4790
1515  4402
1515  2580
1515  4815
1523  1677
1523  2566
1525  2612
1525  4618
1526  4969
1529  1804
1529  3462
1537  4873
1538  4002
1538  4164
1539  2683
1544  3653
1544  3965
1545  2429
1545  1654
1545  4895
1548  4159
1552  1557
1552  1983
1555  3504
1555  4201
1555  3123
1555  3598
1559  4455
1567  2357
1569  2992
1571  1714
1571  2467
1577  4539
1577  3892
1582  4054
1587  4723
1587  2052
1587  3557
1587  3847
1588  3199
1591  3315
1591  2118
1596  3280
1596  3549
1596  3478
1597  1855
1599  2022
1599  2998
1599  4229
1599  4078
1604  4160
1606  3338
1606  4727
1608  3133
1611  2576
1611  4703
1617  1697
1619  4417
1619  2234
1619  2179
1619  2838
1624  4642
1624  2574
1624  3783
1625  3774
1627  4846
1629  4371
1631  2550
1632  3459
1632  2109
1633  2632
1637  2539
1639  4113
1641  3501
1645  2071
1646  4449
1646  1963
1646  2910
1650  2948
1651  2048
1651  1913
1652  3267
1655  1862
1656  4273
1660  4952
1660  3130
1660  3555
1664  3619
1664  4460
1664  1838
1667  2504
1670  3184
1671  3636
1672  4697
1672  3499
1672  4663
1673  3352
1673  3544
1674  3515
1676  4866
1676  3942
1678  3673
1680  4926
1681  2549
1686  2232
1686  2408
1686  3177
1693  1704
1693  1739
1696  4313
1696  4514
1696  2167
1697  3265
1699  3964
1699  4564
1700  2882
1702  3963
1705  3512
1723  4844
1723  2286
1726  2416
1726  3907
1727  3729
1727  3002
1730  2621
1732  2190
1735  4954
1735  1907
1735  4978
1735  2061
1737  2148
1740  2181
1741  4849
1742  3928
1742  4170
1742  2855
1743  4777
1745  4325
1746  2017
1746  2803
1751  4557
1751  4927
1755  1864
1755  2177
1759  2907
1759  1829
1760  4232
1760  3882
1764  3080
1764  4254
1765  1938
1768  4452
1770  2701
1770  4477
1772  4837
1774  3182
1780  4225
1780  4743
1782  3154
1783  2532
1785  3830
1785  4862
1787  2000
1787  3395
1787  2101
1787  4575
1791  1912
1795  3670
1801  2051
1801  4503
1804  2033
1804  3279
1806  2577
1811  3862
1814  4734
1816  2401
1816  3843
1816  1830
1816  3370
1816  3183
1816  3318
1818  2522
1822  2157
1823  4466
1825  2099
1826  4682
1828  2552
1828  3998
1831  2650
1838  4362
1838  4759
1840  4947
1840  3028
1841  2845
1844  2327
1845  2568
1845  4780
1845  4359
1848  3409
1848  2365
1850  3038
1852  4209
1855  1952
1855  3877
1856  4651
1856  2453
1856  1910
1856  2519
1856  1883
1856  2527
1861  4126
1867  2667
1870  4456
1874  2860
1875  2616
1875  1898
1875  3635
1875  4917
1879  2176
1879  3587
1879  4998
1881  2037
1881  3758
1881  2495
1882  2168
1883  1927
1886  4570
1892  2085
1892  4166
1893  3483
1893  3141
1895  3228
1896  3033
1896  2474
1898  3027
1900  4627
1900  3949
1915  3695
1916  4028
1916  3519
1918  2411
1918  3006
1920  2088
1920  2417
1920  3216
1922  3762
1927  2582
1930  4149
1930  3662
1930  3503
1931  3613
1938  3821
1939  2029
1941  3203
1945  3082
1945  4725
1951  2235
1969  2904
1971  2572
1980  2520
1980  4062
1982  2672
1982  4905
1986  3702
1988  2929
1988  3684
1988  2493
1989  3194
1989  4851
1991  2528
1991  4545
1991  3723
1991  4462
1991  2833
1991  4124
1993  4688
1994  4882
1996  4144
1999  2080
2002  4875
2003  3167
2006  3993
2006  2717
2007  3120
2014  2597
2018  2116
2018  4052
2019  2935
2020  3827
2020  4375
2033  2356
2037  2832
2042  3487
2046  4101
2047  4741
2050  4939
2050  3566
2051  3136
2059  3913
2059  2227
2059  2230
2059  2973
2060  3250
2061  3234
2061  4706
2062  3530
2063  3057
2064  2624
2068  3901
2068  4439
2074  3180
2077  2586
2078  3688
2078  2709
2078  3391
2080  4824
2080  3786
2080  3215
2081  2961
2084  2787
2087  4163
2089  3105
2091  2473
2093  3671
2093  2875
2093  4623
2094  4540
2096  2546
2097  3742
2098  2223
2099  3016
2103  3936
2103  2866
2109  2808
2109  3666
2109  3580
2111  3944
2111  2851
2111  4507
2113  3540
2115  4962
2115  2748
2117  4217
2123  3297
2123  2492
2127  4056
2127  2916
2132  2944
2132  3463
2132  4631
2133  3178
2133  2579
2133  3748
2135  3425
2135  4963
2135  4933
2135  3644
2135  4445
2138  2690
2138  3079
2145  3076
2145  3757
2147  2750
2147  2175
2148  2475
2149  3818
2153  3803
2153  2422
2153  3118
2154  4089
2154  4006
2160  4488
2160  2543
2164  2346
2166  3163
2166  2763
2166  2962
2166  4504
2166  2523
2166  4382
2167  2982
2169  4899
2173  3931
2175  4761
2175  4898
2182  2878
2188  2735
2189  3246
2191  2864
2191  3127
2192  4912
2192  2313
2193  3741
2196  3971
2200  3285
2203  2810
2204  2510
2204  4141
2212  3930
2214  2684
2216  2960
2216  4037
2221  3625
2221  3950
2222  2237
2232  3839
2235  2774
2240  2317
2242  3880
2244  4418
2245  3475
2245  3293
2248  3195
2249  4194
2253  3908
2257  3546
2259  4731
2259  4516
2260  3668
2260  2445
2265  3164
2265  4430
2266  2505
2271  4848
2272  3256
2272  4385
2273  4993
2274  4689
2280  2352
2281  4668
2281  4415
2285  3153
2286  4218
2288  4920
2288  3857
2289  2618
2290  3476
2290  3287
2294  3434
2296  3479
2298  3573
2301  3630
2301  3497
2302  3773
2303  3238
2306  3563
2307  3970
2307  3686
2312  4699
2313  3652
2316  2969
2318  3263
2318  3505
2325  3481
2325  4479
2330  3784
2330  4000
2332  4712
2333  2383
2334  3115
2336  2635
2339  4472
2339  4091
2344  2702
2345  3157
2346  2728
2346  3873
2349  2781
2353  3834
2353  3413
2355  2660
2363  4290
2363  4425
2363  4012
2363  4467
2363  3899
2367  2450
2375  2762
2384  4896
2386  4561
2386  3019
2392  2657
2392  4755
2392  4567
2394  3610
2395  2898
2398  2466
2398  4171
2398  3848
2398  4747
2398  2925
2400  3608
2404  4883
2404  2844
2404  3281
2405  2856
2414  4628
2414  3637
2418  4510
2422  3551
2425  2984
2425  2437
2425  2742
2429  2831
2436  4549
2437  4502
2438  4176
2442  4653
2446  2769
2446  4355
2448  4494
2448  3455
2453  3421
2456  2821
2457  3276
2458  3533
2459  3710
2461  2726
2463  2481
2467  3510
2470  2480
2470  3760
2470  4314
2475  2599
2479  2668
2479  4004
2479  3623
2480  3572
2485  4147
2486  2639
2492  3283
2497  3500
2501  4945
2503  4591
2505  4208
2505  3094
2506  3064
2508  4184
2509  3639
2514  3270
2519  3298
2519  3597
2520  4354
2520  4213
2521  4448
2521  2956
2524  4289
2524  3621
2530  3864
2542  2798
2545  4168
2547  4296
2547  3719
2548  4350
2550  3649
2550  2789
2550  4264
2550  4365
2550  4541
2551  2987
2557  2725
2562  4672
2564  3832
2565  3161
2566  3669
2566  4966
2567  4574
2573  2870
2581  4843
2581  4828
2583  2691
2588  3412
2588  3903
2589  4140
2591  2932
2594  3638
2606  2614
2609  4528
2609  3924
2612  2825
2620  3871
2621  3667
2623  4673
2623  3878
2628  4486
2628  2905
2635  3974
2643  2724
2643  3039
2651  2924
2651  2794
2651  4595
2651  3148
2653  4525
2655  4796
2659  4222
2663  4383
2670  2828
2670  3471
2688  3853
2691  4139
2691  3319
2692  2770
2693  4619
2694  4122
2698  4749
2698  3374
2698  3766
2700  2764
2700  4613
2707  3867
2708  4700
2713  4960
2715  3656
2716  3386
2717  2868
2720  3089
2721  3001
2722  3103
2727  3258
2734  3863
2735  4991
2745  4826
2748  2946
2755  3350
2760  3193
2761  2934
2762  3952
2762  4280
2765  3489
2765  4242
2765  3700
2766  2952
2774  3596
2777  3789
2785  3011
2786  2942
2797  4130
2803  4399
2804  2849
2809  4748
2810  2891
2810  3791
2813  4011
2825  3055
2829  4352
2829  3015
2833  3140
2835  3196
2845  3836
2845  4329
2847  3712
2847  4900
2850  3828
2851  4678
2858  4353
2858  3468
2865  3590
2871  3254
2872  3771
2875  4714
2877  4901
2879  3801
2879  4180
2881  4432
2884  4156
2884  3383
2887  4369
2888  4447
2895  4559
2902  3274
2908  3611
2908  2933
2909  4411
2923  4177
2929  3431
2931  3244
2937  3268
2946  4216
2949  3209
2951  4787
2956  3201
2959  3985
2972  3260
2976  4877
2976  4143
2977  4196
2981  3398
2981  3703
2986  4258
2986  4719
2987  4376
2988  3121
2993  3424
2993  4850
3006  3977
3016  3150
3030  3842
3031  4946
3036  3799
3039  3346
3040  3733
3044  3326
3045  3243
3045  4889
3046  4791
3047  4406
3047  3983
3053  3165
3054  3833
3054  3423
3057  4453
3057  3806
3059  4373
3063  4783
3064  4626
3078  3604
3079  3306
3082  3452
3087  4190
3088  3846
3095  4023
3101  3488
3101  3342
3102  3168
3102  3365
3102  3114
3102  3415
3102  3469
3102  3927
3102  3224
3109  4175
3110  4943
3115  3955
3126  3340
3144  4167
3146  4475
3148  4906
3153  3972
3155  4622
3155  3645
3160  4121
3164  3249
3166  3257
3172  3761
3175  3384
3175  4704
3178  4304
3188  4395
3193  4979
3195  4563
3197  4555
3198  4802
3201  3565
3212  3517
3213  3430
3220  3781
3221  3560
3223  4858
3241  3583
3243  4339
3244  3975
3247  3253
3252  4650
3259  3883
3259  4630
3261  4265
3263  4569
3271  3465
3271  3379
3280  4197
3283  4409
3283  4441
3290  4520
3292  4080
3295  4226
3295  4298
3304  4374
3305  4295
3308  4573
3319  3482
3319  4468
3321  3585
3327  3735
3335  4654
3343  3440
3343  4649
3345  3989
3347  4470
3350  3426
3364  3543
3371  3664
3372  4798
3380  3508
3384  3984
3387  4042
3389  4231
3399  3679
3399  3823
3404  3460
3405  3648
3408  3961
3420  4738
3424  4841
3441  3850
3442  4874
3443  3486
3451  4955
3451  3606
3465  4278
3467  4992
3467  4465
3471  4801
3483  4454
3492  4276
3502  3768
3502  4976
3504  4263
3508  3945
3508  3999
3520  3840
3520  3770
3520  3870
3524  4098
3526  3552
3526  4612
3527  3815
3529  4608
3529  4708
3536  4438
3540  4096
3546  3616
3549  4132
3552  4825
3556  4977
3557  4483
3565  3632
3566  4320
3566  4305
3586  4775
3588  3787
3604  4370
3610  4410
3617  4251
3618  4048
3620  4493
3645  4572
3691  4702
3714  4940
3732  4587
3756  4756
3761  4286
3764  4665
3788  4248
3796  3887
3798  4185
3803  4327
3821  4857
3821  4951
3836  4335
3860  4928
3871  4384
3872  4865
3873  4476
3873  4230
3874  4736
3878  4994
3879  4049
3889  4515
3893  4322
3895  4489
3903  4283
3918  4867
3926  4356
3929  4158
3930  4754
3947  4935
3950  4842
3971  4131
3971  3987
3976  3992
3978  4059
3978  4485
3983  4153
3996  4125
4011  4027
4031  4880
4036  4705
4050  4524
4066  4105
4066  4593
4086  4214
4091  4950
4095  4162
4100  4601
4105  4136
4109  4200
4125  4424
4135  4154
4141  4834
4142  4695
4146  4856
4157  4271
4158  4578
4161  4536
4170  4949
4180  4300
4180  4724
4184  4250
4219  4284
4220  4999
4227  4255
4258  4860
4263  4739
4277  4599
4278  4710
4285  4419
4287  4620
4290  4394
4298  4773
4301  4988
4308  4707
4336  4953
4357  4469
4372  4669
4394  4934
4397  4647
4411  4840
4411  4925
4438  4505
4471  4973
4474  4782
4493  4616
4510  4522
4519  4913
4569  4982
4570  4610
4610  4661
4657  4715
4700  4975
4774  4807
4792  4922
4807  4833
4913  4942
