0  1
0  2
0  1539
0  5
0  648
0  523
0  13
0  654
0  109
0  1937
0  403
0  22
0  4759
0  837
0  734
0  294
0  171
0  4397
0  50
0  4021
0  2742
0  2872
0  60
0  1344
0  4546
0  1093
0  79
0  211
0  3982
0  726
0  343
0  2396
0  898
0  355
0  749
0  752
0  4086
0  253
0  639
1  3
1  4101
1  6
1  7
1  3593
1  3083
1  18
1  2069
1  23
1  25
1  3615
1  44
1  3377
1  47
1  3120
1  49
1  2057
1  57
1  3643
1  1087
1  585
1  75
1  80
1  1105
1  1620
1  4182
1  601
1  1633
1  3173
1  105
1  110
1  116
1  1654
1  2168
1  121
1  638
1  2178
1  132
1  134
1  137
1  279
1  147
1  148
1  2585
1  1690
1  1180
1  157
1  4767
1  162
1  164
1  167
1  3245
1  3765
1  191
1  707
1  199
1  205
1  219
1  226
1  3811
1  977
1  232
1  2797
1  1150
1  4344
1  4862
1  946
1  771
1  264
1  4652
1  1292
1  4882
1  3351
1  4377
1  794
1  2845
1  3364
1  2609
1  777
1  3889
1  3378
1  318
1  651
1  328
1  1354
1  3407
1  1376
1  871
1  882
1  2931
1  884
1  893
1  388
1  395
1  323
1  3476
1  2455
1  420
1  2480
1  2482
1  1464
1  2495
1  456
1  4043
1  4560
1  465
1  1976
1  3031
1  2523
1  3554
1  2532
1  1010
1  2548
2  641
2  773
2  262
2  11
2  14
2  271
2  4697
2  32
2  3247
2  308
2  3894
2  1780
2  1866
2  321
2  3138
2  4167
2  74
2  972
2  398
2  217
2  348
2  605
2  1249
2  2788
2  4072
2  4586
2  1260
2  2032
2  1012
2  1271
2  1402
3  1432
3  4
3  517
3  257
3  8
3  364
3  1034
3  4107
3  3726
3  913
3  146
3  3989
3  408
3  29
3  453
3  1824
3  2416
3  764
3  1194
3  3975
3  2220
3  4015
3  1160
3  4659
3  692
3  2230
3  59
3  445
3  3009
3  4291
3  708
3  438
3  333
3  209
3  3925
3  3030
3  346
3  991
3  4960
3  357
3  4632
3  3997
3  361
3  2028
3  829
3  4848
3  1137
3  368
3  2935
3  505
3  507
3  4860
3  1142
3  1919
4  2242
4  1004
4  788
4  2235
4  535
4  4154
4  187
4  3199
5  9
5  4490
5  3177
5  540
5  1440
5  674
5  4004
5  1351
5  4014
5  4535
5  316
5  1469
5  3391
5  1601
5  1091
5  1479
5  460
5  1117
5  479
5  1121
5  1513
5  2154
5  4334
5  119
5  3321
5  4476
6  98
6  2150
6  391
6  2281
6  10
6  267
6  402
6  914
6  122
6  3130
6  3263
7  2603
7  685
7  4496
7  785
7  19
7  3608
7  92
7  1981
8  4992
8  33
8  34
8  3172
8  421
8  70
8  1953
8  201
8  3307
8  908
8  4622
8  2191
8  2162
8  1667
8  2836
8  1046
8  1433
8  4422
9  390
9  1415
9  3725
9  15
9  16
9  401
9  2349
9  3990
9  2846
9  671
9  673
9  930
9  3235
9  932
9  1542
9  4774
9  808
9  1962
9  45
9  559
9  48
9  3506
9  179
9  696
9  1797
9  429
9  831
9  97
9  3534
9  3412
9  214
9  3159
9  3033
9  2395
9  1244
9  912
9  4196
9  229
9  108
9  3437
9  496
9  1650
9  1015
9  120
9  249
9  4287
9  2581
10  4608
10  1669
10  786
10  531
10  3865
10  26
10  155
10  161
10  3240
10  4778
10  427
10  3886
10  4789
10  442
10  3902
10  451
10  1605
10  583
10  841
10  4557
10  462
10  4432
10  1497
10  101
10  3170
10  869
10  4714
10  765
10  1395
10  2420
10  810
10  127
11  358
11  901
11  135
11  12
11  3086
11  783
11  3091
11  410
11  922
11  163
11  1061
11  42
11  4527
11  1969
11  2231
11  56
11  2233
11  4416
11  194
11  4805
11  3014
11  467
11  988
11  37
11  1118
11  351
11  3429
11  2662
11  3432
11  1270
11  2042
11  2300
12  1921
12  258
12  1925
12  2401
12  4013
12  1771
12  1037
12  2037
12  495
12  1552
12  51
12  659
12  981
12  4534
12  2904
12  475
12  3493
13  1026
13  520
13  1367
13  1038
13  3983
13  17
13  4498
13  1047
13  2713
13  1241
13  1185
13  2082
13  933
13  4136
13  2345
13  46
13  444
13  1991
13  2121
13  202
13  1996
13  760
13  983
13  2905
13  91
13  228
13  4331
13  1262
13  1398
13  3753
13  632
14  1295
15  4896
15  193
15  4631
15  1252
15  166
15  4369
15  4488
15  107
15  173
15  4976
15  104
15  3635
15  631
15  3440
15  58
15  28
15  1532
15  254
17  4228
17  1030
17  3335
17  4624
17  2072
17  21
17  664
17  2460
17  159
17  1189
17  39
17  169
17  1460
17  1845
17  1737
17  330
17  3525
17  2377
17  3402
17  2251
17  1165
17  24
17  1882
17  4958
17  225
17  4962
17  1125
17  4847
17  753
17  2169
18  418
18  36
18  197
18  2118
18  263
18  872
18  875
18  2764
18  866
18  1586
18  20
18  118
18  4708
18  4351
18  4701
18  4870
19  65
19  373
19  4144
19  3016
19  303
19  2608
19  501
19  1238
19  919
19  508
19  735
20  4993
20  1083
20  3529
20  243
20  2005
20  4825
20  4731
20  2813
20  2549
21  266
21  4122
21  3065
22  4226
22  515
22  260
22  1166
22  2450
22  238
22  30
22  31
22  3489
22  40
22  604
22  71
22  1581
22  1198
22  816
22  3379
22  3892
22  95
22  1343
22  448
22  2371
22  1222
22  2503
22  2255
22  85
22  216
22  1243
22  3420
22  3935
22  3690
22  4846
22  3881
22  3449
23  96
23  1066
23  76
23  1560
24  90
24  4082
24  2102
24  4849
25  1056
25  1506
25  35
25  1377
25  136
25  681
25  3211
25  3790
25  112
25  776
25  2691
25  117
25  3649
25  151
25  473
25  123
26  27
26  2259
26  399
27  3233
27  2274
27  1298
27  277
28  1032
28  4615
30  2544
30  2637
30  182
30  1445
31  3106
31  131
31  4263
31  2095
31  2809
31  2076
31  4253
31  637
33  1676
33  3599
33  790
33  154
33  38
33  3112
33  4656
33  4529
33  2740
33  1853
33  64
33  1348
33  4550
33  458
33  3532
33  334
33  4174
33  3927
33  1114
33  3036
33  1765
33  2493
33  758
33  4088
33  892
33  126
34  2496
34  230
34  77
34  2573
34  81
34  150
34  1145
34  4505
34  251
35  4001
35  4290
35  396
35  1170
35  629
35  1210
35  2108
36  2624
36  1409
36  4389
36  2529
36  555
36  1965
36  302
36  1871
36  3474
36  597
36  55
36  634
36  347
38  3845
38  4747
38  3342
38  784
38  661
38  1694
38  2214
38  3623
38  680
38  43
38  175
38  73
38  3519
38  320
38  1607
38  2505
38  2262
38  2141
38  2152
38  1258
38  1135
38  3696
38  376
38  1273
38  1147
39  128
39  1664
39  3074
39  1285
39  519
39  2571
39  145
39  2068
39  411
39  3356
39  2081
39  3494
39  4011
39  814
39  3384
39  572
39  2621
39  190
39  63
39  4034
39  68
39  1618
39  1124
39  222
39  352
39  1634
39  2660
39  4134
39  1770
39  231
39  4206
39  497
39  754
39  62
39  3064
40  481
40  3035
40  997
40  774
40  1143
40  296
40  41
40  3274
40  2999
40  4140
40  1677
40  1294
40  2128
40  4155
40  2086
40  1584
40  1080
40  2747
40  1917
40  606
41  928
41  4584
41  534
41  3278
41  72
41  82
41  246
41  1399
41  923
41  2718
42  867
42  2412
42  241
42  83
42  4728
42  3290
42  1949
42  3839
43  939
43  3302
43  2409
43  1995
43  221
43  212
43  1181
44  4194
44  2148
44  69
44  4326
44  4008
44  4361
44  1067
44  4908
44  4786
44  172
44  1428
44  3897
44  2520
44  4420
44  2908
44  2372
44  3941
45  384
45  4995
45  2192
45  2073
45  284
45  3874
45  1451
45  1068
45  1522
45  54
45  954
45  450
45  3524
45  1356
45  4813
45  718
45  2129
45  728
45  743
45  3309
45  114
45  3711
45  380
45  509
45  299
45  3967
46  4869
46  274
46  430
46  242
46  84
46  1389
46  1048
47  305
47  502
47  4049
48  1408
48  643
48  1042
48  3478
48  3480
48  1820
48  4895
48  3104
48  1192
48  1835
48  1968
48  52
48  53
48  3132
48  3134
48  1730
48  3267
48  329
48  203
48  1107
48  2516
48  2389
48  93
48  2400
48  2146
48  99
48  625
48  372
48  1782
49  4357
49  1153
49  139
49  4366
49  143
49  2204
49  937
49  306
49  1459
49  2744
49  956
49  447
49  198
49  968
49  586
49  1358
49  89
49  3727
49  1762
49  103
49  360
49  3176
49  1779
50  115
50  838
51  2633
51  261
51  3871
52  2912
52  545
52  2019
52  2987
52  684
52  781
52  1390
52  4306
52  2382
52  504
52  1561
52  1279
52  61
52  1311
53  1184
53  3426
53  2659
53  645
53  168
53  558
53  111
53  2323
54  3681
54  4611
54  200
54  1501
54  2589
54  3518
55  1386
55  557
55  1519
55  4307
55  100
55  4349
55  94
55  767
56  3960
56  3097
56  170
56  4933
57  67
57  259
57  2308
57  3910
57  801
57  106
57  4067
57  527
57  563
57  2965
57  86
57  3322
57  1788
57  3197
57  4319
58  425
58  206
58  124
58  371
58  2583
58  4380
58  1565
59  576
59  1760
59  1186
59  3398
59  1191
59  3208
59  1319
59  466
59  142
59  2287
59  4208
59  529
59  4754
59  4501
59  1622
59  656
59  319
59  189
59  799
60  633
60  3202
60  4040
61  768
61  4066
61  3843
61  356
61  950
61  712
61  4779
61  4462
61  207
61  272
61  2353
61  4707
61  3734
61  3607
61  4580
61  4619
61  1167
61  2292
61  183
61  766
62  359
63  2339
63  549
63  2407
63  393
63  4396
63  4205
63  910
63  4967
63  2966
63  888
63  188
64  2656
64  4039
64  268
64  560
64  795
65  2306
65  389
65  1031
65  4104
65  2697
65  138
65  4109
65  88
65  280
65  3908
65  292
65  1701
65  422
65  470
65  4649
65  298
65  1894
65  952
65  443
65  906
65  3135
65  4802
65  66
65  3792
65  3537
65  468
65  2517
65  854
65  87
65  2136
65  1625
65  2018
65  3131
65  4581
65  870
65  3565
65  3822
65  3951
65  3312
65  4721
65  2579
65  4220
65  1534
65  3669
66  1099
66  1317
66  1495
66  2666
66  3595
66  2670
66  3055
66  227
66  500
66  4375
66  4404
66  250
66  1755
66  4965
67  2884
67  2565
67  102
67  4904
67  649
67  2679
67  876
67  1197
67  349
67  3049
67  3668
67  1621
67  406
67  3991
67  1176
67  3101
68  992
68  4603
68  4405
69  160
69  640
69  2276
69  3178
69  2796
69  78
69  144
69  140
69  1236
69  4046
69  3616
69  184
70  512
70  617
70  1682
70  4469
70  3546
71  2402
71  677
71  1462
71  464
71  4760
71  1627
71  220
71  3773
72  3622
72  2698
72  3755
72  4428
72  1870
72  180
72  4184
72  1851
72  2941
74  3714
75  4803
75  428
75  3078
75  820
76  2818
76  195
76  1540
76  1583
76  3319
76  3646
77  288
77  2200
77  2827
77  2367
78  2305
78  375
78  2799
78  1526
78  759
79  699
79  1549
81  1564
81  3540
83  378
84  2195
84  1852
85  385
85  803
85  1063
85  3017
85  4810
85  1597
85  1104
85  113
85  2611
85  693
85  1175
85  234
86  2432
86  2703
86  3638
86  4495
88  4197
88  3241
88  3818
88  287
88  1397
88  4249
88  827
88  1628
88  1477
89  4602
89  1438
90  1509
90  295
90  840
90  365
90  239
90  3984
90  1928
90  3922
90  2515
90  2996
90  2360
91  3712
91  1798
91  616
91  491
91  2316
91  1069
91  440
91  3382
91  568
91  3224
91  955
91  415
92  2338
92  1157
92  2991
92  1748
92  920
92  3279
92  1948
92  2174
93  4746
93  1643
93  1452
93  4304
93  593
93  510
94  3754
94  2222
94  2193
94  4051
94  2587
95  706
95  2275
95  4903
95  2092
95  1437
95  273
95  860
95  3389
96  618
96  3403
96  1228
96  4048
96  1873
96  3800
96  4636
97  1248
98  3916
99  4185
99  452
99  446
100  471
100  1931
100  1548
100  181
100  1336
101  1891
101  763
101  3116
101  782
101  3985
101  1908
101  856
101  1306
101  2171
101  2842
101  3167
103  2556
104  857
105  269
105  1687
106  960
106  353
106  739
106  2312
106  3689
106  2223
106  1044
109  2436
109  317
109  1138
109  3415
109  3545
109  2172
109  3581
109  3710
110  3842
110  3043
110  2781
110  174
110  463
110  1844
110  3803
110  125
110  2783
111  2446
111  2710
112  2066
112  3366
113  4994
113  3594
113  1199
113  2417
113  281
114  3552
114  4578
114  612
114  2508
114  1486
114  1101
114  2808
114  530
114  340
114  1781
114  4952
114  569
114  3343
114  2012
114  3629
115  544
115  1313
115  1282
115  4456
115  275
115  301
115  3821
115  400
115  2483
115  185
115  1496
115  1337
115  3034
115  1309
115  1342
116  3218
116  327
116  4845
116  3442
116  1075
116  276
116  4983
116  4601
116  1019
118  289
118  1382
118  3495
118  1193
118  1383
118  4077
118  1847
118  762
118  3932
118  1758
119  2896
119  1595
119  3836
119  2246
120  4354
120  1092
120  2438
120  822
120  3044
121  129
121  386
121  580
121  709
121  487
121  2658
121  141
121  610
121  1860
121  3023
121  2748
122  133
122  2790
122  4923
122  4508
122  2814
122  2917
123  1232
124  3194
124  3331
124  342
124  581
124  1735
124  1000
124  379
124  1387
124  461
124  2947
124  1712
124  2099
124  852
124  4982
124  4246
124  1179
124  4892
124  4125
124  158
124  2533
125  4577
125  738
125  2500
125  3912
125  2673
125  3698
125  1141
125  567
125  565
126  3867
127  4944
127  1911
128  416
128  4452
128  2695
128  590
128  1810
129  2145
129  130
129  3361
129  1227
129  578
129  3085
130  4800
131  176
131  1155
131  548
131  3685
131  2811
131  3560
131  1993
131  715
131  1266
131  911
131  1456
131  2674
131  4915
131  3510
131  3383
131  3771
131  861
131  4830
131  4421
132  1088
132  1074
132  1404
132  3590
133  577
133  315
133  196
133  1254
133  488
133  297
133  2314
133  4012
133  3724
133  1904
133  756
133  1302
133  152
133  2476
133  3006
135  2722
135  807
135  584
135  624
135  1480
135  1649
135  282
135  3515
135  2975
136  4850
136  4133
136  455
137  2824
137  374
137  1814
137  761
138  1872
138  223
139  2211
139  4237
139  4270
139  3213
139  4821
139  2810
139  1148
139  4413
139  3693
140  646
140  1223
140  3980
140  4938
140  3372
140  2477
140  975
140  4741
140  1201
140  2739
140  1862
140  4332
140  1815
140  2232
140  858
140  3482
140  2837
141  705
141  588
141  2774
141  3751
143  2798
144  4131
144  3144
144  265
144  336
144  3890
146  518
146  778
146  4242
146  153
146  4250
146  4384
146  1443
146  3625
146  2886
146  332
146  1357
146  4687
146  338
146  3413
146  1498
146  2267
146  480
146  4324
146  383
146  2043
146  4735
147  4352
147  1796
147  4742
147  1935
147  536
147  792
147  412
147  1316
147  1052
147  2474
147  2864
147  948
147  953
147  3904
147  4932
147  1094
147  1234
147  313
147  484
147  3547
147  3550
147  1631
147  3684
147  2919
147  1005
147  850
147  3729
147  889
147  635
148  1732
148  1670
148  1777
148  1672
148  3280
148  4209
148  149
148  312
148  4612
148  3070
148  895
149  4081
149  156
149  177
150  1385
151  2080
151  1668
151  165
151  3687
151  494
151  655
151  4083
151  1718
151  441
151  1753
151  1245
151  1375
152  528
152  290
154  2497
154  437
154  2634
154  843
154  2124
154  3631
154  4177
154  4885
154  984
154  4666
154  1883
154  3514
154  186
154  213
155  394
155  2510
156  2980
158  2820
158  1446
158  1158
158  208
158  574
158  573
158  286
159  1251
159  1800
159  1905
159  1652
159  1205
159  3675
160  304
160  904
160  4553
160  2026
160  815
160  3632
160  3704
160  3026
160  1340
160  2388
160  1173
160  1686
160  4919
160  4440
160  1598
160  3452
160  2206
161  3949
161  1518
162  2144
162  2757
162  620
162  178
162  1593
162  218
162  476
162  4926
164  224
164  1090
164  3011
164  1697
164  700
164  2631
164  3650
164  974
164  469
164  4444
165  1027
165  1476
165  2437
165  2630
165  2151
165  4296
165  233
165  215
165  237
165  3763
165  532
165  3209
165  2468
165  4831
166  255
167  3081
168  3460
168  3013
168  1263
168  3260
168  2430
168  1439
171  2273
171  2681
172  561
172  653
172  4777
173  2512
174  521
174  750
174  4758
174  2330
174  3492
174  550
174  1328
174  566
174  4233
174  1594
174  835
174  3913
174  716
174  3662
174  2643
174  2525
174  350
174  2787
174  4006
174  4839
174  2289
174  890
175  2665
175  3276
175  2126
175  1020
175  4127
176  204
176  2635
176  516
176  703
177  3522
177  1606
177  713
177  1489
177  886
177  1463
178  769
178  1411
178  1281
178  522
178  270
178  1808
178  3100
178  4769
178  1573
178  1833
178  970
178  1983
178  4161
178  710
178  1994
178  987
178  478
178  3749
178  3041
178  3813
178  3561
178  4970
178  3694
178  1651
178  4340
178  2729
179  1569
179  2114
179  4132
179  1558
179  337
179  3824
179  2705
179  436
179  2357
179  3766
179  3993
179  2648
179  4057
179  2874
179  990
179  2425
181  1505
181  354
181  3757
181  405
181  1787
182  800
182  449
182  4551
182  1431
182  966
182  1217
182  1033
182  2922
182  4075
182  2599
182  3671
182  3610
182  3305
182  4061
182  2832
182  2655
183  1793
183  903
183  2825
183  2264
183  4370
183  4383
183  503
183  1062
183  2088
183  1579
183  3500
183  1972
183  192
183  322
183  3143
183  247
183  3406
183  1359
183  2513
183  1876
183  1237
183  2518
183  855
183  600
183  4442
183  3294
183  483
183  1257
183  4076
183  244
183  4854
183  4471
183  1662
185  993
185  902
185  4840
185  4937
185  1070
185  4317
185  4733
185  1182
186  1955
186  3430
186  1646
186  3069
186  4563
186  311
186  1658
187  4029
188  513
188  2563
188  1255
188  2029
188  3981
188  432
188  1394
188  1261
188  4247
188  344
188  3375
188  252
188  1825
189  921
189  690
189  324
189  3653
191  490
191  780
192  1828
192  3047
192  1943
192  1648
192  4690
192  883
192  4661
192  283
192  2365
193  4437
194  4705
194  1623
196  945
196  210
196  907
196  4164
197  3746
197  310
198  541
199  747
199  732
199  245
199  982
200  240
200  2914
200  683
200  3972
200  1381
200  326
200  2920
200  1097
200  4843
200  1516
200  367
200  1008
200  1009
200  1331
200  1077
200  1468
200  2364
200  1791
200  4991
201  457
201  2923
201  2895
201  2933
201  472
201  474
201  1691
201  2110
202  1478
202  670
204  1555
204  278
204  4142
205  2561
205  2795
205  434
205  4881
205  498
205  2998
205  2397
206  688
206  553
207  845
208  4956
210  539
212  2615
214  704
214  3584
214  2499
214  2439
214  4698
216  2003
216  2268
217  4875
219  3191
219  4403
219  3553
220  900
220  4782
220  2575
220  2225
220  4596
220  2198
220  4692
221  594
222  1673
222  4791
222  4265
222  4248
222  1338
222  3676
222  285
224  256
224  2160
224  1898
224  1807
225  2336
225  331
225  2481
225  3475
225  3999
226  650
226  291
226  4292
226  4254
228  676
228  1766
228  235
228  236
228  2479
228  823
228  830
229  3788
229  2888
229  556
229  2989
229  3219
229  787
230  2188
230  669
233  2384
233  4763
233  1350
234  546
234  1978
235  582
235  2343
235  4041
235  1614
235  309
235  924
235  1149
236  2369
236  2202
236  4971
236  2894
237  3216
237  3340
238  2093
238  687
238  4597
238  248
238  1305
241  3705
241  526
241  2325
241  3958
242  3075
242  2706
242  4947
242  2650
242  314
243  1848
243  538
244  431
246  1240
246  3434
246  533
246  1335
247  2064
247  3703
248  3146
248  439
248  3354
248  4807
250  2568
251  4738
251  1159
251  619
251  621
251  2190
251  4792
253  3301
253  1927
253  1741
253  2324
253  3768
253  3226
253  2719
255  4202
255  413
256  424
256  4262
257  2839
257  3938
257  293
257  3847
258  4533
258  1719
260  2760
260  721
260  2598
261  2470
262  1049
262  4620
262  821
262  3781
263  742
263  2279
263  744
263  2284
263  3732
264  4277
265  1795
265  366
266  3928
266  2926
270  493
271  1220
271  1734
271  4745
271  2828
271  717
271  592
271  2642
271  339
271  404
272  1215
272  2269
273  4139
274  387
274  1577
274  1642
274  658
274  4238
274  4590
274  2047
274  1578
274  3326
274  2773
275  1129
275  506
275  918
275  2054
276  1314
276  4901
276  3878
276  1704
276  300
276  2882
276  4463
276  2514
276  697
276  3673
276  3706
276  927
276  1372
276  4863
277  4961
279  3181
279  998
279  3401
280  979
280  492
280  1417
281  4321
282  833
282  809
282  1806
282  4080
282  757
282  1403
284  1960
284  3453
288  454
288  1126
288  1341
288  3501
288  435
288  2645
288  2777
288  2618
288  2010
290  897
290  1957
290  1663
290  307
290  3157
290  1272
290  543
290  1823
291  392
291  1885
292  4664
292  4458
293  832
293  4106
293  2539
293  3695
293  1204
293  1524
293  4975
294  689
294  1563
294  4387
294  1053
295  1003
295  2186
295  967
297  2166
298  1312
298  1920
298  2286
298  1543
299  3488
299  4449
299  2467
299  806
299  842
299  652
299  335
299  2189
299  2738
299  727
299  2137
299  3708
300  3573
301  1242
301  1435
303  2784
303  2433
303  3272
303  370
303  3246
303  3761
303  2802
303  2644
303  3511
303  3162
306  737
306  4532
306  1932
306  1551
307  345
307  4787
307  628
307  1940
308  2337
308  3053
308  1330
308  4756
308  382
309  3906
309  1333
309  2335
310  1546
310  1998
310  1007
310  596
310  3189
310  630
310  4600
310  3092
310  2940
310  1021
311  609
311  3441
312  4065
312  863
312  899
312  3461
312  1510
312  4257
312  2089
312  2506
312  1515
312  2207
312  2641
312  1619
312  662
312  791
312  2939
312  701
312  4259
312  325
313  4604
313  1325
313  3365
315  3969
315  1602
315  711
315  1896
315  2413
315  2769
315  2228
315  2165
315  4959
316  407
316  725
317  1345
317  1529
317  4401
318  1152
318  4680
318  4212
318  1144
318  4318
320  1729
320  4986
320  2531
320  3289
321  363
322  3780
322  3837
323  608
323  499
323  2806
323  3297
324  2592
324  3105
324  1218
324  459
324  4353
324  3435
324  524
324  1362
324  377
324  1177
326  3329
326  1987
326  772
326  1639
326  2986
326  3051
326  812
326  879
326  341
326  3286
326  2756
326  853
326  1471
328  1487
329  2027
330  426
332  1666
334  1416
336  486
336  615
336  1705
336  1804
336  915
336  4089
337  2277
337  3926
337  414
338  587
338  2963
338  4523
340  723
340  2668
340  3898
340  3571
341  4643
341  940
341  957
341  3165
342  1840
342  1890
342  964
342  552
342  2876
342  2958
342  3248
342  4969
342  2552
342  1785
342  4092
342  3645
344  1216
346  362
346  675
346  2429
349  4464
350  3872
350  433
350  397
350  2766
350  3793
350  1076
350  4023
350  1301
351  2329
352  3930
352  611
352  4911
353  2212
353  1324
353  2258
353  1716
353  1113
353  1172
354  4672
354  3050
354  2909
354  819
354  2422
354  2045
354  3487
355  1473
355  741
355  1638
355  935
355  1055
355  4955
355  2652
355  965
356  4872
357  3099
357  3318
357  511
358  4200
358  3446
358  3470
359  1600
359  423
359  2537
359  1457
359  2971
359  1759
361  381
363  2946
363  3564
363  3861
365  1154
365  3268
365  1863
365  1644
365  3154
365  1267
366  2120
366  3261
366  369
367  2628
367  938
367  3409
367  660
367  1396
369  3633
369  2786
370  3585
370  2115
372  2475
372  3148
372  2065
372  1591
372  731
374  1723
374  2692
374  4294
375  417
375  959
375  3265
375  2985
375  2794
375  1419
375  1043
375  3150
375  3063
375  825
375  2522
375  667
375  1470
375  2035
379  4886
380  2858
380  3222
382  3417
382  4435
382  1013
383  1783
384  961
384  3618
384  2451
384  1566
385  3058
386  2184
386  4764
387  1430
389  4007
390  3664
390  4386
390  2403
390  3588
390  839
390  942
390  3728
391  419
391  2340
391  613
391  3399
391  1320
391  1289
391  813
391  2834
391  409
391  665
391  4031
391  4549
393  554
393  1349
393  1374
395  1002
395  3029
395  2265
398  3080
398  4526
399  3614
399  4374
399  4599
401  2134
405  2758
405  4894
405  4279
407  2582
408  672
408  3040
408  1767
408  1161
408  1322
408  2155
408  2355
408  4817
408  3667
408  1109
408  3369
409  1790
410  1024
410  1907
410  3956
410  1085
413  1836
414  636
415  3483
416  1888
416  4047
416  1681
416  2578
416  3678
417  4362
417  2869
417  2727
418  985
418  885
420  2056
420  4579
420  591
421  4665
421  589
421  1502
422  1603
424  3718
424  4203
424  1213
424  1073
424  3933
425  1538
425  2590
425  489
425  4108
425  627
425  4286
425  2014
426  3992
427  1280
427  3060
427  3863
429  603
429  4509
429  3166
429  1659
430  3129
430  547
430  2526
431  1720
431  3505
431  2614
431  4152
431  2008
432  3778
432  3012
433  644
433  724
433  3814
434  941
434  1941
434  1942
435  4842
435  1006
435  4594
435  1178
435  542
436  2040
436  2553
436  2052
436  3759
437  1754
438  570
439  642
439  1284
439  2534
439  551
439  3945
439  3851
439  525
439  4430
439  3923
439  1300
439  3896
439  1892
439  571
439  477
439  1022
440  2929
442  4028
445  848
445  1209
445  1287
445  4737
446  2197
449  805
449  4717
449  1997
449  1971
449  1274
449  575
450  1881
450  3770
450  598
451  2736
451  818
451  834
451  925
453  1576
453  4939
453  1485
454  775
455  3907
455  1930
455  3789
455  1427
455  2775
455  3801
455  1275
455  2847
456  3282
456  969
456  4303
457  4536
458  2478
459  2595
459  2726
459  3271
459  2187
459  4720
459  859
459  1692
460  3200
460  4217
460  1933
461  1346
461  4558
461  537
461  1436
461  2334
464  2835
466  686
467  1163
469  4419
469  3152
469  1684
469  2361
469  3860
470  1307
470  1979
474  1761
474  1794
474  1700
474  1544
474  714
474  2434
474  2900
474  1590
474  2570
474  798
474  2015
475  482
476  1992
476  4873
476  514
476  485
477  2604
477  2916
477  1596
477  1999
478  2147
479  3212
479  894
480  2949
480  2283
480  880
480  2426
480  1467
481  3096
483  2754
483  745
483  1140
483  2462
483  4793
483  826
483  862
486  994
487  3683
489  1276
489  1297
490  4539
491  4650
491  4972
493  1190
493  614
493  1246
493  2023
498  896
498  602
498  951
502  3450
502  1567
503  1764
504  804
504  3796
504  4641
504  2566
505  2626
505  579
505  2982
505  3528
505  2285
505  1039
505  1040
505  3057
505  3445
505  668
506  2060
507  4866
507  1641
507  3787
507  2381
507  623
507  599
508  802
508  2639
508  2342
508  4711
512  720
512  1318
512  1801
512  3376
512  944
512  4626
512  4285
513  4329
513  1045
514  3873
514  1420
514  4755
514  1588
514  2331
515  3015
516  4258
516  3651
516  682
516  846
516  1744
516  1458
516  3258
516  1802
517  2307
517  3774
517  4118
518  1369
518  2851
518  2356
519  736
519  1188
519  2541
519  3447
519  4633
519  3327
521  1837
523  1120
523  4064
523  1959
523  2898
523  4467
523  2707
523  3352
523  1812
523  3578
523  4052
524  1708
525  4752
525  2366
526  2448
526  2995
526  3425
526  4345
527  3568
527  2059
527  4920
528  2928
528  1934
528  1695
529  3232
530  4887
532  1384
533  1264
534  931
534  3156
534  4822
536  4158
537  1855
537  3903
537  4367
538  4905
539  2693
539  3145
539  1388
539  978
539  1293
539  3256
540  1200
540  666
540  3644
541  2112
541  1707
541  1580
541  909
541  1980
542  647
543  949
543  2061
547  1585
547  2890
547  3348
547  868
548  3600
548  2058
549  1352
549  698
550  1095
550  4871
550  4655
550  3471
550  4507
552  1304
552  1400
552  562
555  2185
555  1207
555  4833
557  874
557  2013
558  564
558  4924
559  986
559  2819
559  1554
559  695
560  2927
561  905
561  2130
561  607
563  2254
564  2408
564  2260
564  1750
565  3866
566  2538
566  4583
567  2625
567  3731
567  796
569  722
570  2866
570  4035
571  4740
571  2021
571  748
571  1103
571  1429
571  3543
571  2584
571  4570
572  2856
572  595
572  4087
573  4974
574  2850
574  1829
574  1811
574  1079
574  797
575  1950
576  1041
576  3140
576  1413
578  3850
578  2484
580  1952
580  996
580  1822
580  849
581  4762
582  2001
582  1867
583  2746
584  864
584  2226
584  1363
584  1332
584  2140
586  995
586  877
588  626
588  3221
588  2885
590  1442
590  657
590  1938
590  4819
590  887
590  4346
590  4979
591  1683
591  3444
594  1715
594  1731
594  1975
596  729
596  1098
596  1507
596  622
598  2219
599  2540
599  4852
599  755
601  2096
602  873
602  4753
603  4773
605  3508
605  3253
606  1017
607  2313
607  2156
607  3277
607  3088
607  1078
607  4188
608  3299
608  1745
608  2930
608  1171
608  2487
609  770
609  1859
609  1084
609  1483
609  1102
609  1231
609  4272
609  1278
609  2423
609  1370
609  1499
609  4124
609  1434
609  2238
610  4478
611  4224
611  1127
611  3531
611  3380
611  3262
613  2240
613  1527
613  3066
613  3931
613  1757
614  4042
614  1587
616  751
616  3750
616  2295
618  1688
618  4219
618  1253
618  678
619  3688
619  4768
620  1632
620  1989
620  1071
622  2714
624  3067
624  3964
625  1465
625  2280
625  3422
625  789
626  3716
626  3020
626  4651
626  1233
626  1321
627  746
627  4116
627  865
629  2386
630  1089
632  2562
632  2213
632  2918
632  4727
632  4055
632  3102
633  4026
635  836
637  1058
637  1517
639  2378
639  2859
639  2606
641  2957
642  1106
642  2823
645  1821
646  4176
646  793
646  2182
648  1421
650  1131
650  679
651  3825
652  1698
652  1571
652  2180
652  2889
652  2318
652  2863
652  1203
652  2333
653  1864
654  1988
654  691
654  2772
656  3180
657  3008
657  702
658  4838
658  1521
658  2984
658  2123
658  3918
658  3569
658  3601
658  2712
658  730
658  1531
658  1727
658  2815
659  4278
659  663
660  1268
660  719
661  2309
661  3467
661  844
661  3122
661  916
663  1769
663  2831
663  4978
663  824
663  2394
663  4415
663  4543
664  2091
665  2135
668  936
668  2597
669  1169
673  1784
673  1617
673  1912
674  2654
675  2347
677  694
678  1051
679  3520
679  2298
685  1640
685  2050
685  3285
685  4126
687  891
687  1724
687  4479
691  3111
692  1229
692  2782
692  3175
693  976
694  2921
694  3324
695  733
695  934
695  1225
695  1675
695  1365
695  4815
695  4765
697  958
698  2857
698  1133
698  2415
698  1778
698  2867
698  3829
698  3677
700  740
700  1756
700  4330
700  4156
700  1660
701  1347
701  3464
701  4074
701  2704
701  2036
704  1407
704  4302
704  1679
705  929
705  2218
705  4474
705  1653
707  1842
707  828
707  4658
707  1817
708  1834
709  2785
709  2501
709  1449
709  2125
709  4063
711  3336
711  4710
712  1323
713  1183
714  3680
714  963
714  4809
714  779
714  1100
717  3733
717  3767
719  1123
722  2936
722  1775
724  3798
724  4454
724  1226
724  881
724  3062
724  2075
724  2910
725  943
726  1081
728  1288
728  1450
728  817
728  2070
728  2680
728  1914
730  4355
734  4343
738  2234
741  3627
741  947
743  2600
744  2410
744  3583
744  3469
744  2167
747  1035
747  2943
749  1410
749  3868
749  4457
749  2090
749  1050
749  4218
749  3900
749  1530
750  1065
752  4990
753  1474
755  3948
757  4392
758  1570
760  2216
761  2177
761  1406
761  3255
764  1424
764  3952
764  3311
767  3371
767  1572
768  2097
768  1235
771  1128
771  1733
773  1072
773  2990
775  3019
775  3251
775  1405
775  3126
776  1610
776  2250
776  3223
777  3250
777  1678
778  3046
778  1096
778  3242
778  1964
778  851
778  1557
778  3411
778  3672
778  3795
781  1001
781  4628
784  4128
784  2261
785  2427
787  2489
787  1054
787  2689
790  2051
790  1721
791  3077
794  1060
794  2375
794  917
794  1846
794  1018
795  3523
796  4900
796  3831
797  1379
797  4070
797  2055
798  1122
798  1490
798  3891
798  3124
799  2373
799  2399
800  3308
802  971
803  1722
803  3187
803  1086
804  3574
804  2607
806  2524
806  4100
806  1751
807  4675
809  2473
810  811
810  1028
810  2194
810  3895
811  4898
812  1637
812  4910
812  3473
812  2074
812  1211
812  2170
813  1944
813  3490
815  3971
815  1391
816  4251
817  3392
817  1250
817  3174
817  1286
817  1709
817  2671
817  980
817  3448
818  2138
818  4853
822  1503
823  2139
824  2404
824  2358
824  2765
824  1134
824  847
824  1108
824  2094
824  4662
824  2266
824  4443
824  1110
824  1629
824  4446
825  3884
828  1029
828  4940
828  2320
828  1877
828  3350
829  1303
829  2709
829  973
832  4315
833  2560
833  1453
833  1717
835  4921
835  2159
836  1857
836  1014
836  2406
836  1647
837  3973
838  962
838  1674
839  2623
841  3168
841  1482
841  4426
842  4451
842  4772
842  1830
842  2868
842  3193
843  2033
843  2341
843  989
843  3661
845  3236
846  4566
852  2201
852  1130
853  4017
854  1447
855  4816
855  4691
855  1541
856  1481
856  3686
857  2257
857  4966
857  1455
858  1626
858  1116
860  878
861  3995
862  4409
863  4963
864  1425
864  4266
864  2158
864  2545
864  4949
864  3807
865  2558
866  1174
867  2554
869  1568
869  1665
869  1973
871  1725
871  2669
872  4948
873  3592
873  1869
873  1082
873  2101
873  3481
873  4730
875  2542
878  4379
878  2750
879  1918
880  1528
880  1500
880  2244
881  2902
882  1136
882  4260
883  3325
885  2472
886  3195
886  926
887  2970
890  1339
890  3838
892  2559
893  1956
893  3225
894  2724
894  4678
896  2873
897  1706
897  3118
897  3155
897  1685
897  1661
898  1327
899  2816
900  2855
904  1187
904  1444
904  2725
904  2751
905  2960
905  2734
907  1984
907  3909
907  2822
907  3164
907  2411
907  2770
907  1364
907  3484
909  4268
910  4009
911  3184
912  1792
912  4033
912  1547
912  1422
912  1139
912  2111
913  1738
913  4151
913  1016
913  2011
913  3612
914  1023
914  1412
914  2031
915  1936
916  1636
916  2844
916  1903
918  2203
919  2865
919  1011
922  3513
922  4677
924  3775
926  2046
927  999
929  2048
929  4097
929  3114
929  4499
929  2041
929  2683
930  1224
930  4605
931  3161
931  2530
931  1119
933  1283
933  1611
938  1168
938  2017
939  2968
946  2209
947  3944
947  1290
952  1132
953  2456
953  2459
953  3310
954  3259
954  4531
955  2536
955  1057
955  3499
955  2153
958  2527
959  1982
959  2942
960  1277
961  2688
961  4877
962  2732
962  4812
963  3737
965  1195
965  1799
966  4190
967  2385
967  1582
968  2000
968  2720
968  4500
970  2243
972  1916
972  4724
973  2087
975  1265
975  4363
975  3238
975  1361
979  1329
979  1219
979  3859
979  1401
980  4044
980  1036
980  2800
980  1874
980  2743
981  3179
981  2181
982  1970
983  3438
986  1913
986  1156
986  3052
986  2959
988  3333
989  4568
989  2157
991  3885
991  1886
991  4999
994  1230
994  4790
995  3427
995  3597
995  1206
995  4429
996  4832
996  2247
998  4616
999  3249
999  1939
999  3652
1001  1064
1001  1536
1001  3436
1001  2925
1002  3556
1002  1655
1003  1112
1003  2759
1004  1296
1004  1196
1004  1901
1004  4336
1004  1843
1005  1025
1005  4868
1005  3719
1005  1613
1005  4417
1005  1115
1007  1608
1007  4884
1007  4327
1009  4395
1010  4408
1010  3094
1011  3394
1011  4723
1011  3735
1012  3526
1019  3395
1020  4204
1020  2149
1022  2044
1022  2807
1023  4835
1024  3257
1025  1269
1025  1909
1025  4957
1025  2085
1027  1966
1027  2675
1027  4173
1027  1742
1028  4038
1028  4638
1029  1146
1030  2826
1030  2100
1030  2062
1031  2657
1033  3901
1033  4679
1036  1208
1036  3697
1036  1414
1036  1454
1041  2716
1042  1696
1042  3121
1044  1059
1044  3431
1044  3823
1044  2067
1044  3605
1044  1630
1045  4811
1045  3887
1047  1749
1049  1371
1050  2577
1051  1448
1051  1545
1051  3229
1052  4113
1054  1111
1056  1355
1057  4493
1058  4214
1060  1831
1062  1378
1063  1713
1063  3804
1064  4427
1064  1841
1065  1746
1066  3819
1067  1612
1070  1214
1072  3346
1073  1553
1073  2509
1073  4382
1073  1689
1083  1826
1083  3334
1083  4269
1083  1202
1083  1368
1086  1599
1086  4623
1087  1472
1087  1259
1089  4561
1089  2444
1090  1533
1091  2829
1093  3038
1094  1164
1094  4828
1094  2205
1095  2327
1098  2848
1098  1523
1098  1212
1098  3359
1100  3022
1101  1353
1101  1559
1104  1656
1104  1947
1106  1380
1106  4589
1106  4102
1107  3027
1108  4201
1108  2315
1108  4492
1108  2418
1108  3125
1113  3454
1117  1508
1120  4722
1121  2282
1122  3920
1122  2435
1122  3003
1122  3119
1123  2956
1125  4441
1126  1151
1126  2636
1126  1615
1127  4433
1127  4461
1128  3076
1128  1334
1128  2934
1130  1574
1131  3451
1131  3231
1133  1616
1133  1162
1136  3648
1136  3691
1137  3264
1137  4548
1137  2821
1138  1504
1138  4225
1138  1494
1138  1774
1139  1461
1140  1786
1141  1900
1141  2428
1141  2678
1144  1239
1145  3657
1145  4157
1145  1702
1145  4477
1146  2569
1146  3345
1149  2464
1149  1887
1154  3287
1155  2199
1156  2210
1156  3095
1158  1488
1158  3962
1162  4576
1162  3950
1162  4646
1162  2749
1165  2753
1165  2471
1165  1740
1165  2236
1165  2913
1166  3619
1167  3827
1168  1315
1170  3186
1170  1699
1170  2911
1172  2486
1172  4511
1174  3642
1175  4394
1175  3549
1178  2104
1179  2098
1181  1418
1181  1511
1182  3025
1183  1392
1183  4644
1183  3328
1184  4162
1184  2951
1184  4459
1184  4365
1184  2938
1185  2466
1185  3283
1185  1990
1185  2469
1186  2024
1187  4771
1188  1958
1189  1736
1189  2109
1190  3169
1190  1604
1190  1366
1190  4743
1191  1768
1191  2596
1191  1491
1195  2627
1195  1221
1195  3533
1195  2414
1195  4783
1195  2672
1195  1475
1195  1951
1195  2685
1200  1514
1202  4712
1203  1537
1203  1247
1203  2303
1204  1832
1206  2676
1206  4436
1206  3542
1206  2580
1207  2440
1207  3700
1209  1308
1209  2237
1209  1813
1210  2485
1212  1875
1214  2805
1216  3512
1218  3421
1219  3491
1221  1310
1222  1360
1225  3151
1230  2737
1230  1535
1230  3701
1230  4585
1231  3656
1231  4313
1232  2937
1234  2248
1234  1562
1234  4223
1235  1393
1235  2208
1235  2173
1235  2326
1241  1256
1241  1466
1241  3722
1241  2967
1242  4211
1245  1299
1245  1743
1247  1441
1248  3196
1249  2755
1252  4195
1253  1426
1253  2638
1254  3808
1256  1803
1256  3039
1263  1899
1263  3363
1264  1868
1264  3316
1264  2924
1264  1879
1265  2564
1266  1763
1269  2812
1269  3068
1270  1291
1271  1645
1271  2550
1272  4906
1274  2647
1276  4400
1276  1492
1276  2461
1279  3864
1279  3323
1279  4709
1280  1850
1280  1484
1280  2687
1286  3163
1287  3185
1288  1946
1292  3943
1295  4364
1295  3405
1296  1924
1296  4062
1296  3463
1298  2071
1300  1884
1301  2776
1301  2161
1302  3628
1304  4314
1306  1945
1307  2979
1308  4003
1309  2039
1309  1326
1309  2735
1312  3188
1312  1893
1313  3142
1314  3465
1315  2591
1318  2442
1320  2025
1323  3604
1323  1373
1323  3670
1323  4647
1324  2078
1325  1772
1327  2297
1330  4739
1330  3103
1332  4347
1332  3503
1333  1726
1334  2224
1334  3136
1334  3654
1340  2143
1341  4640
1341  3110
1341  2502
1341  3558
1341  3596
1341  1805
1341  3637
1341  2009
1341  2843
1341  3709
1343  2424
1343  4648
1343  3979
1343  3479
1344  1525
1347  4180
1348  2293
1350  1986
1350  2700
1351  4726
1353  3536
1353  4146
1355  3809
1355  3762
1355  4005
1355  4525
1356  4388
1356  1926
1356  4399
1356  2899
1356  3580
1358  2263
1361  4829
1361  3205
1363  2380
1367  3739
1368  1589
1369  1657
1372  4785
1372  2301
1373  1423
1373  1703
1374  3784
1374  2964
1374  1838
1376  1776
1376  3602
1381  4227
1382  4073
1385  3777
1386  2948
1386  3368
1386  2346
1386  4587
1386  2519
1386  3293
1386  2878
1389  3911
1391  3456
1391  2983
1392  2288
1392  3385
1392  2142
1392  2511
1398  1954
1406  4283
1407  2791
1410  2871
1411  1512
1413  3073
1413  3835
1413  2696
1413  3936
1413  3147
1413  1878
1413  4187
1414  1865
1417  2278
1417  1839
1417  1493
1417  2359
1417  3772
1418  4794
1421  4520
1422  1575
1425  1520
1425  2546
1425  4942
1425  1849
1426  4171
1431  3636
1432  2107
1435  4267
1435  3844
1436  2368
1436  2779
1436  3957
1438  4030
1448  2447
1451  3641
1451  4079
1455  1967
1456  3497
1456  3002
1457  3056
1458  2370
1458  2391
1462  2950
1463  2443
1464  1818
1468  2745
1468  3963
1470  4635
1471  2116
1474  4997
1475  3214
1476  4667
1477  4192
1477  3306
1477  4669
1481  4689
1481  2221
1483  1728
1484  3924
1490  3018
1491  1556
1492  2348
1495  2521
1495  3123
1496  4288
1496  1915
1496  2613
1496  1747
1497  4796
1497  4222
1505  2849
1506  2164
1509  1809
1509  2620
1511  1961
1511  1635
1511  1710
1513  2465
1513  3059
1513  2038
1513  2445
1516  2256
1517  4130
1518  2762
1518  4098
1520  4280
1521  2793
1521  2006
1521  4521
1521  4537
1521  2490
1526  2020
1526  4702
1527  3609
1529  4356
1529  2311
1530  4695
1532  1550
1534  4054
1538  4572
1540  2576
1540  2801
1542  2113
1542  1609
1542  2701
1542  3987
1542  1624
1542  1819
1542  3133
1543  3660
1543  4213
1545  2103
1545  2535
1545  3079
1551  2079
1554  2969
1556  2789
1556  3606
1564  1592
1566  4851
1566  2893
1566  3087
1568  2299
1568  3206
1570  2002
1570  1693
1571  4480
1573  2049
1573  2310
1575  2721
1575  2694
1575  4522
1575  3794
1575  4053
1575  2271
1577  3976
1577  4834
1577  2106
1577  4358
1578  2321
1583  3498
1583  2405
1583  4653
1584  1895
1587  1910
1587  2711
1588  4243
1589  3743
1592  3849
1592  2291
1592  2852
1592  3153
1593  3192
1594  3875
1594  1789
1595  2034
1595  4311
1597  2492
1599  3160
1600  2253
1604  2664
1609  3946
1609  1854
1609  4814
1610  2249
1611  4112
1611  2004
1612  4091
1619  4445
1620  3215
1621  4160
1624  3291
1624  1671
1627  2163
1628  2229
1629  1906
1629  2390
1632  4438
1632  3655
1632  2891
1632  4879
1632  3089
1632  2870
1633  2328
1634  1680
1636  3093
1637  4398
1640  1880
1641  3458
1641  2196
1643  3815
1645  2452
1651  4663
1654  4085
1654  3953
1656  2457
1658  1752
1659  1714
1659  2588
1662  4799
1663  3171
1663  3959
1664  1816
1670  2993
1670  3893
1672  3054
1676  1858
1676  1711
1679  3292
1681  1739
1683  2528
1683  1974
1683  2183
1684  3840
1684  4486
1687  4000
1687  3915
1687  2605
1688  1897
1688  4593
1689  2897
1691  1977
1695  4556
1698  1827
1701  2215
1701  2593
1718  3538
1720  2962
1724  2877
1730  4889
1730  2419
1730  3190
1735  1985
1735  2892
1736  4385
1738  4929
1739  4503
1741  3158
1742  2022
1742  2030
1744  2994
1744  3419
1744  1773
1745  2119
1748  4573
1748  4950
1749  1856
1750  2944
1752  3509
1757  2105
1757  3852
1757  3598
1757  2997
1758  1922
1761  2792
1764  4883
1765  4512
1765  2290
1765  3390
1765  3647
1771  2449
1772  3108
1773  3370
1773  2547
1773  2932
1773  4434
1774  3640
1777  4368
1777  1889
1777  2767
1778  2717
1778  2954
1778  4823
1779  3611
1784  2272
1784  3408
1784  4489
1786  2880
1786  2883
1786  4844
1786  1923
1786  2398
1789  2952
1792  1929
1792  2387
1793  3207
1794  4300
1794  1902
1794  2686
1795  2376
1795  4281
1797  2344
1797  3970
1797  3869
1799  2016
1802  2127
1803  2953
1803  3313
1805  3862
1811  2906
1820  2491
1820  3806
1825  4826
1825  4699
1826  3853
1826  4198
1831  2881
1833  2763
1834  2083
1839  1861
1844  4425
1845  3098
1846  2133
1847  4069
1852  2319
1854  3139
1854  2179
1854  2853
1855  4147
1855  2227
1855  4105
1859  2594
1861  3764
1862  4138
1865  4582
1866  3617
1869  2304
1870  2245
1870  4694
1875  3455
1876  2350
1881  4376
1881  2861
1888  2053
1889  2296
1889  4598
1895  3834
1896  3682
1896  4322
1903  3955
1909  2974
1911  2741
1914  4954
1917  3128
1919  2252
1919  2702
1922  3738
1922  3028
1923  3521
1924  4390
1926  2007
1931  3742
1932  4788
1933  2363
1933  2077
1935  4027
1938  3934
1941  2351
1941  4295
1942  2494
1943  1963
1947  2317
1948  2239
1949  4175
1951  4119
1953  2131
1954  3666
1956  2294
1958  2780
1962  2840
1962  3624
1965  2684
1965  2901
1969  2601
1969  4719
1972  2555
1972  3315
1974  2217
1975  3570
1975  4981
1986  3841
1986  3965
1986  2543
1993  4137
1993  3107
1994  2653
1994  2302
1995  2132
1996  3748
1998  3634
1998  4930
2008  2393
2012  2122
2014  4276
2017  4120
2017  3243
2017  3756
2017  2458
2022  3579
2022  2084
2025  2715
2025  2557
2025  4571
2026  4761
2026  4674
2026  4770
2026  3879
2028  4470
2031  3082
2031  2063
2032  2640
2034  2977
2034  3010
2036  4861
2037  3338
2046  2241
2047  2431
2049  2887
2052  3182
2053  4925
2058  2690
2058  4606
2061  3254
2062  3996
2071  4506
2072  4232
2083  4424
2083  2117
2084  2632
2084  3502
2090  4514
2092  2362
2097  4273
2097  4060
2097  3198
2099  4179
2102  3752
2102  3947
2104  2175
2108  2270
2109  2176
2109  2454
2109  3439
2113  4494
2114  4946
2117  3347
2125  3217
2125  2778
2125  4110
2146  2392
2152  2992
2155  2907
2155  4820
2157  4025
2159  4032
2161  2379
2164  2667
2166  4241
2171  4450
2174  3548
2181  2752
2182  2498
2182  4078
2183  4373
2183  3758
2193  4216
2194  4660
2196  2383
2197  2612
2197  2771
2197  4372
2198  3337
2208  3974
2210  2488
2210  4275
2212  4423
2216  3388
2216  3613
2221  3269
2222  2629
2224  2677
2226  3856
2226  3820
2226  4168
2228  2661
2229  4806
2230  3237
2235  4282
2235  2421
2235  4775
2237  3942
2246  2617
2246  4941
2249  3362
2253  3826
2253  4973
2257  2374
2258  3468
2260  4984
2260  4676
2262  4729
2262  2875
2262  2507
2264  4841
2264  4090
2265  4261
2266  2504
2266  3284
2267  4391
2271  3007
2271  2463
2273  4704
2279  3303
2282  2322
2290  2731
2290  4093
2290  2803
2290  4207
2291  3357
2294  2728
2295  3462
2296  4068
2297  4541
2297  2862
2302  3744
2302  4562
2304  3567
2308  3786
2312  4750
2313  3572
2316  2730
2316  3459
2319  3244
2321  4240
2321  2833
2321  2619
2321  3005
2322  4245
2322  4935
2324  2915
2324  3854
2326  2768
2326  4036
2326  2551
2328  2332
2331  4169
2331  4215
2332  3776
2333  2682
2334  3929
2335  2860
2337  2352
2340  3288
2342  4996
2345  2354
2345  4878
2345  2663
2346  2976
2346  2723
2346  3846
2346  4339
2346  3530
2350  3400
2350  4968
2355  4801
2358  4538
2365  4117
2369  2441
2371  3393
2372  3760
2376  4320
2376  2453
2377  4360
2377  3507
2377  2804
2378  4037
2378  4927
2380  2972
2383  4980
2386  3001
2386  3227
2392  2841
2392  3817
2392  4199
2394  3905
2394  3418
2394  3115
2394  3563
2399  3416
2400  2945
2405  3557
2405  3045
2409  3210
2414  3304
2420  3577
2424  4020
2428  3639
2429  3127
2430  3715
2431  3702
2433  4121
2433  2651
2434  4297
2434  2646
2435  3037
2438  2973
2446  4936
2446  3381
2450  4350
2454  3298
2455  2572
2457  2602
2457  3674
2459  3791
2460  3428
2469  4693
2470  2610
2472  4917
2476  3423
2481  3024
2481  4359
2490  3679
2493  3252
2494  3799
2495  4552
2495  4744
2495  3603
2505  4229
2505  2567
2509  4183
2518  4544
2519  4634
2526  2622
2530  4515
2533  3466
2537  4135
2539  4736
2545  3004
2545  4524
2549  3485
2550  2978
2554  3117
2559  4528
2560  3330
2560  3344
2560  2616
2560  4312
2560  3966
2560  4703
2563  2817
2563  2586
2564  3587
2567  3341
2568  4123
2568  2574
2569  3699
2570  3477
2574  3472
2574  4418
2576  3183
2577  3204
2581  4555
2587  3663
2587  4519
2588  2649
2592  4071
2595  3779
2599  3720
2599  3888
2604  4481
2607  4827
2607  4022
2608  4485
2611  3353
2612  4575
2613  2961
2613  3443
2615  3397
2615  3741
2620  4716
2627  3961
2629  3061
2629  3141
2636  3228
2642  3626
2656  2903
2657  3665
2665  3816
2665  4718
2667  3658
2667  3692
2667  3109
2668  3539
2668  4918
2676  3937
2679  3516
2683  2699
2683  4700
2684  3275
2692  2708
2692  4342
2695  3424
2696  3032
2696  3314
2698  3300
2699  4998
2709  2854
2711  2761
2711  3266
2718  2838
2721  4414
2722  3367
2727  3620
2730  2733
2730  4439
2742  4964
2751  4985
2757  3830
2760  3919
2769  4431
2772  3084
2774  2830
2783  3360
2789  3954
2791  4931
2794  4748
2805  4502
2807  4186
2807  4230
2811  4617
2813  4880
2813  3387
2813  3239
2813  4455
2814  3021
2815  3355
2815  3270
2820  3339
2826  4856
2827  3586
2827  3203
2833  4016
2835  4888
2840  4166
2846  3723
2847  3320
2850  3870
2850  4670
2853  4922
2853  3582
2853  2879
2854  4472
2854  4103
2854  4637
2859  4943
2860  3296
2861  2955
2861  4595
2864  4989
2867  3527
2870  4627
2872  4255
2880  3273
2880  3939
2881  4713
2889  4410
2889  4876
2897  4564
2897  3541
2897  3113
2903  2981
2907  3713
2907  3295
2914  4141
2915  3332
2915  4325
2915  3486
2915  4348
2916  4236
2918  3317
2919  3281
2920  4559
2922  4337
2929  3042
2931  4902
2931  4153
2935  4305
2944  3000
2944  4460
2949  3048
2949  3810
2949  3882
2949  4111
2963  2988
2965  4706
2966  4163
2968  4393
2968  4545
2969  3090
2969  4607
2970  3149
2972  4916
2976  4095
2978  3802
2978  4797
2981  4491
2988  4795
2990  3832
2994  4018
2996  3940
3000  4654
3004  4301
3011  3071
3024  4019
3026  3730
3027  4645
3029  4513
3030  3234
3031  3921
3038  3072
3044  4574
3046  3721
3046  3828
3047  4913
3047  4475
3050  3576
3059  3230
3060  4630
3062  4857
3066  4945
3073  3137
3077  3386
3077  3575
3081  3410
3081  3566
3082  4914
3085  3373
3094  3504
3094  3201
3095  4170
3099  4465
3103  4099
3104  3349
3107  3559
3113  4284
3126  3591
3130  3783
3132  3220
3134  3496
3140  3717
3158  3630
3160  3978
3164  4928
3169  3977
3170  4402
3172  3736
3173  3740
3185  3986
3191  4244
3197  4407
3203  4299
3209  3877
3219  3621
3222  4818
3222  3358
3224  4591
3234  3555
3238  4114
3240  3797
3252  3374
3254  4010
3255  3659
3257  3833
3260  3769
3263  4547
3263  3396
3265  4836
3267  3782
3271  3433
3273  4484
3274  4734
3276  3517
3280  4629
3281  4084
3291  4482
3298  4569
3298  4751
3300  4189
3303  4050
3306  4874
3307  3457
3307  4685
3323  4338
3330  3414
3349  4298
3353  3535
3359  3544
3364  3589
3366  3404
3376  3562
3376  4172
3376  3858
3376  4310
3380  4625
3410  4293
3410  4808
3410  3917
3410  4274
3410  3551
3412  3994
3412  3998
3418  4867
3421  4096
3421  3707
3429  3805
3433  4149
3437  4642
3453  3857
3456  4289
3471  4671
3483  4145
3502  4530
3503  4148
3504  4024
3510  3855
3511  4234
3511  4565
3530  4890
3545  3848
3566  3899
3589  3876
3590  4609
3591  4639
3596  4264
3599  4468
3599  4837
3599  4094
3601  4953
3601  4858
3619  4776
3619  3914
3620  4045
3624  4613
3626  4483
3641  4411
3646  4143
3661  3745
3666  4618
3675  4951
3676  3785
3686  3747
3693  4497
3693  4210
3702  4002
3705  4335
3709  4504
3713  4473
3726  4891
3737  3988
3737  4059
3738  4308
3751  4333
3759  4780
3759  3812
3761  4165
3771  4784
3778  4516
3781  4058
3794  3883
3797  3880
3799  4683
3814  4657
3822  4688
3835  4934
3850  4621
3853  4715
3866  4150
3869  4221
3882  4466
3887  4178
3888  4668
3907  3968
3907  4341
3912  4056
3912  4129
3937  4804
3940  4682
3944  4567
3946  4231
3952  4824
3955  4115
3969  4309
3978  4256
3978  4696
3978  4487
3990  4381
3990  4893
3991  4239
4016  4542
4031  4859
4031  4766
4051  4614
4058  4191
4073  4781
4080  4181
4104  4193
4109  4235
4112  4159
4115  4725
4117  4316
4140  4328
4151  4378
4151  4406
4156  4371
4192  4977
4196  4592
4212  4252
4227  4447
4229  4518
4235  4271
4261  4412
4264  4673
4266  4323
4270  4517
4277  4681
4286  4448
4290  4510
4290  4686
4311  4864
4311  4907
4320  4988
4350  4554
4380  4610
4392  4453
4400  4757
4423  4749
4469  4588
4471  4540
4535  4732
4582  4899
4590  4865
4627  4855
4643  4684
4770  4909
4777  4798
4783  4987
4809  4912
4884  4897
