0  3329
0  2
0  3971
0  2180
0  4999
0  1800
0  3346
0  4098
0  655
0  18
0  533
0  4246
0  153
0  26
0  1307
0  28
0  3226
0  30
0  799
0  3361
0  1265
0  3752
0  426
0  299
0  4637
0  2568
0  883
0  1858
0  2372
0  2374
0  3489
0  844
0  3028
0  85
0  2646
0  1368
0  93
0  1889
0  1892
0  1640
0  1129
0  236
0  4717
0  1649
0  1779
0  2932
0  3834
0  254
1  4097
1  2
1  3
1  4
1  5
1  6
1  3976
1  265
1  2060
1  653
1  1935
1  3856
1  19
1  1685
1  278
1  1175
1  408
1  3868
1  797
1  2080
1  1826
1  347
1  1956
1  2182
1  38
1  4903
1  1192
1  4012
1  301
1  1710
1  4272
1  2367
1  3901
1  1011
1  4020
1  4830
1  55
1  312
1  57
1  58
1  4411
1  444
1  957
1  63
1  1601
1  194
1  835
1  1787
1  2307
1  844
1  2338
1  78
1  3661
1  336
1  1235
1  4686
1  377
1  88
1  730
1  987
1  255
1  218
1  3040
1  1635
1  230
1  3302
1  3155
1  4284
1  235
1  493
1  2011
1  174
1  496
1  3697
1  1138
1  1523
1  4725
1  114
1  120
1  505
1  4232
1  4731
1  3094
1  1919
2  1538
2  3
2  5
2  6
2  513
2  8
2  11
2  1036
2  1549
2  14
2  15
2  16
2  17
2  22
2  535
2  3610
2  2587
2  28
2  1541
2  4128
2  547
2  3108
2  37
2  1581
2  48
2  51
2  4668
2  1600
2  65
2  578
2  3651
2  71
2  2121
2  2636
2  81
2  83
2  84
2  4622
2  87
2  1115
2  92
2  609
2  2150
2  444
2  107
2  2158
2  1138
2  628
2  118
2  1072
2  127
2  619
2  134
2  1671
2  1673
2  1674
2  1303
2  146
2  147
2  660
2  110
2  3734
2  151
2  666
2  1691
2  157
2  3952
2  1187
2  1705
2  1195
2  686
2  687
2  969
2  2239
2  2240
2  707
2  3782
2  1224
2  204
2  720
2  721
2  212
2  730
2  2269
2  736
2  225
2  2274
2  806
2  4326
2  1745
2  4328
2  234
2  2796
2  1491
2  2802
2  2803
2  1274
2  4866
2  773
2  2310
2  3335
2  300
2  268
2  4271
2  270
2  2822
2  1667
2  3351
2  1816
2  3866
2  303
2  3290
2  289
2  292
2  1318
2  2344
2  4231
2  1836
2  2863
2  304
2  368
2  309
2  1338
2  315
2  1852
2  317
2  318
2  4928
2  1345
2  834
2  1349
2  3497
2  4432
2  2388
2  857
2  348
2  2909
2  864
2  400
2  4902
2  361
2  2410
2  364
2  1170
2  3950
2  1904
2  2195
2  1908
2  2708
2  3962
2  2794
2  4480
2  3153
2  4483
2  3972
2  2950
2  2362
2  1420
2  1421
2  3984
2  1937
2  3988
2  411
2  414
2  929
2  933
2  1770
2  427
2  940
2  434
2  439
2  1979
2  2492
2  4031
2  2503
2  968
2  3148
2  4599
2  976
2  4561
2  978
2  2003
2  3099
2  3541
2  3030
2  1529
2  475
2  1501
2  421
2  996
2  1510
2  3559
2  2027
2  494
2  1520
2  595
2  4084
2  2985
2  4180
2  506
2  1020
3  4
3  7
3  1544
3  9
3  11
3  12
3  526
3  25
3  3615
3  40
3  43
3  63
3  1600
3  4166
3  74
3  79
3  2644
3  3158
3  96
3  109
3  116
3  3192
3  121
3  4226
3  131
3  133
3  4744
3  3181
3  151
3  2200
3  3243
3  3245
3  175
3  1200
3  3768
3  4796
3  1725
3  1214
3  192
3  3270
3  2765
3  209
3  2770
3  724
3  3293
3  3806
3  4319
3  232
3  4330
3  2797
3  4334
3  3829
3  4362
3  1292
3  1155
3  3365
3  3895
3  313
3  322
3  838
3  3399
3  3912
3  842
3  311
3  3405
3  3943
3  874
3  365
3  382
3  1417
3  2711
3  936
3  3504
3  3511
3  2491
3  4541
3  1471
3  3010
3  965
3  2503
3  2040
3  2518
3  4057
3  482
3  3045
3  3561
3  1014
3  1528
4  4736
4  98
4  3717
4  41
4  2092
4  77
4  2606
4  2669
4  2736
4  4739
4  181
4  1545
4  1304
4  4185
5  1537
5  8
5  9
5  12
5  13
5  1550
5  15
5  17
5  19
5  21
5  27
5  31
5  1060
5  37
5  44
5  3117
5  50
5  53
5  57
5  64
5  3140
5  1094
5  2119
5  72
5  1097
5  75
5  76
5  593
5  3672
5  357
5  97
5  610
5  99
5  613
5  529
5  1135
5  2067
5  631
5  4948
5  1402
5  2176
5  3714
5  1157
5  2241
5  136
5  137
5  652
5  658
5  4245
5  1179
5  1181
5  672
5  584
5  2217
5  3249
5  3767
5  3265
5  714
5  1399
5  719
5  208
5  213
5  873
5  222
5  737
5  892
5  3823
5  242
5  244
5  245
5  262
5  1068
5  1291
5  1294
5  1326
5  1305
5  4890
5  2846
5  807
5  299
5  814
5  3381
5  2362
5  318
5  2613
5  4929
5  2379
5  846
5  3924
5  1885
5  3423
5  4965
5  360
5  361
5  877
5  3959
5  4472
5  2938
5  1404
5  2604
5  4479
5  1921
5  833
5  904
5  905
5  2447
5  920
5  3484
5  3490
5  4003
5  420
5  2469
5  423
5  321
5  431
5  3505
5  951
5  2292
5  1469
5  962
5  1484
5  3025
5  3540
5  3918
5  479
5  480
5  993
5  2557
5  1010
5  1012
5  169
5  1193
5  3581
5  511
6  644
6  1414
6  7
6  1672
6  4745
6  10
6  3607
6  1548
6  13
6  2190
6  401
6  659
6  20
6  22
6  1943
6  152
6  2074
6  157
6  3494
6  519
6  2222
6  1201
6  1203
6  2868
6  4151
6  571
6  2878
6  1397
6  765
6  2117
6  2291
6  3148
6  3404
6  4482
6  141
6  1623
6  3930
6  2907
6  485
6  352
6  2789
6  1007
6  3551
6  3603
6  4213
6  375
6  3960
6  3193
6  125
7  108
7  3978
7  4111
7  4368
7  1041
7  531
7  1557
7  1881
7  926
7  287
7  3488
7  2721
7  548
7  518
7  4776
7  811
7  428
7  559
7  50
7  819
7  694
7  695
7  4036
7  2871
7  1869
7  1487
7  4944
7  4950
7  471
7  3929
7  2140
7  3425
7  1764
7  4329
7  2028
7  4589
7  4721
7  3186
7  500
7  1015
7  4885
8  3592
8  10
8  749
8  2192
8  797
8  30
8  1057
8  3106
8  1316
8  1330
8  286
8  54
8  825
8  1034
8  3646
8  71
8  4168
8  1621
8  1890
8  358
8  362
8  2285
8  1780
9  512
9  257
9  388
9  2305
9  2825
9  2574
9  3087
9  4624
9  145
9  4370
9  431
9  540
9  925
9  768
9  389
9  289
9  4260
9  549
9  295
9  1449
9  2858
9  171
9  3244
9  2989
9  44
9  4017
9  436
9  1461
9  568
9  1593
9  698
9  223
9  3397
9  710
9  72
9  1355
9  4684
9  4429
9  1605
9  248
9  237
9  340
9  215
9  1925
9  2396
9  3642
9  1247
9  1120
9  97
9  502
9  167
9  18
9  1902
9  2416
9  628
9  3830
9  2729
9  760
9  2431
10  3910
10  4361
10  1581
10  2062
10  463
10  177
10  276
10  1242
10  29
10  1503
11  2049
11  1031
11  1545
11  14
11  528
11  1041
11  4115
11  20
11  23
11  24
11  27
11  32
11  944
11  35
11  38
11  42
11  2093
11  47
11  3638
11  59
11  69
11  4169
11  1616
11  594
11  3086
11  1627
11  92
11  96
11  1636
11  614
11  2065
11  105
11  106
11  103
11  2670
11  4719
11  1649
11  627
11  119
11  3193
11  1146
11  124
11  1150
11  128
11  2177
11  3715
11  645
11  134
11  1163
11  1678
11  145
11  623
11  3745
11  680
11  181
11  183
11  3626
11  4813
11  1239
11  220
11  236
11  3310
11  4335
11  752
11  243
11  2292
11  2301
11  768
11  2823
11  2837
11  1583
11  3356
11  2333
11  1311
11  3363
11  2354
11  824
11  1864
11  333
11  337
11  2898
11  342
11  3131
11  657
11  363
11  2924
11  367
11  3954
11  377
11  1410
11  915
11  1940
11  2459
11  4510
11  1441
11  1452
11  3502
11  4528
11  955
11  460
11  989
11  479
11  484
11  3565
11  3060
11  2043
12  2562
12  658
12  660
12  661
12  1824
12  4003
12  3497
12  4783
12  48
12  56
12  68
12  4299
12  79
12  850
12  4692
12  854
12  2777
12  1117
12  1888
12  1640
12  745
12  3450
12  2175
13  1152
13  4353
13  4487
13  266
13  781
13  1019
13  16
13  2449
13  2322
13  275
13  1300
13  149
13  1433
13  26
13  31
13  33
13  1316
13  1189
13  1574
13  2089
13  3498
13  3500
13  301
13  178
13  309
13  185
13  1055
13  4796
13  1215
13  1602
13  4675
13  1095
13  3784
13  4173
13  1165
13  1108
13  90
13  1695
13  2525
13  3493
13  2785
13  3984
13  229
13  732
13  4774
13  4967
13  876
13  4590
13  369
13  2674
13  4265
13  1973
13  4090
13  123
13  382
14  68
14  1153
14  1796
14  391
14  1800
14  1289
14  4365
14  654
14  655
14  3990
14  2967
14  1433
14  1818
14  1439
14  417
14  1443
14  1572
14  2726
14  210
14  425
14  170
14  43
14  4396
14  173
14  46
14  1071
14  688
14  4232
14  82
14  567
14  23
14  3770
14  955
14  317
14  62
14  4799
14  4161
14  196
14  1014
14  1352
14  4023
14  76
14  1614
14  184
14  1490
14  3027
14  696
14  1244
14  4538
14  94
14  3238
14  227
14  3429
14  3302
14  487
14  746
14  1511
14  2669
14  573
14  241
14  2407
14  884
14  4670
14  3190
14  1470
14  2040
14  249
14  1002
14  1918
14  3583
15  1664
15  3339
15  1932
15  3088
15  21
15  662
15  2715
15  4511
15  2736
15  1059
15  3120
15  4919
15  440
15  3770
15  4029
15  4160
15  100
15  712
15  201
15  334
15  3538
15  84
15  868
15  1630
15  99
15  3940
15  103
15  233
15  4853
15  380
16  899
16  772
16  142
16  2063
16  2691
16  24
16  25
16  155
16  1054
16  672
16  3873
16  1830
16  682
16  174
16  47
16  49
16  51
16  53
16  3382
16  443
16  956
16  2976
16  834
16  2249
16  206
16  269
16  723
16  213
16  992
16  483
16  1636
16  1894
16  1127
16  360
16  4971
16  751
16  3188
16  1398
16  1407
16  124
16  42
16  4478
16  3839
17  1540
17  3846
17  770
17  3223
17  154
17  2203
17  1531
17  133
17  3105
17  290
17  163
17  294
17  433
17  2988
17  4781
17  945
17  4914
17  180
17  4406
17  1588
17  1985
17  66
17  3658
17  587
17  716
17  305
17  4174
17  1421
17  4049
17  1234
17  4308
17  981
17  4695
17  2255
17  94
17  3173
17  2659
17  4453
17  1126
17  2793
17  491
17  2412
17  2941
17  2160
17  1266
17  2931
17  757
17  1654
17  887
17  1016
17  114
17  3195
17  4978
17  4856
18  32
18  35
18  3304
18  3817
18  4749
18  681
18  2192
18  2321
18  643
18  117
18  3673
18  1818
18  4060
18  4698
19  2818
19  867
19  2345
19  143
19  4696
19  2335
20  898
20  1411
20  2053
20  2444
20  3216
20  2850
20  39
20  424
20  1325
20  1326
20  306
20  3515
20  245
20  67
20  4170
20  3807
20  2278
20  1127
20  1132
20  2419
20  629
20  1912
20  889
20  508
21  3232
21  3584
21  4451
21  4262
21  3498
21  4299
21  159
21  878
21  510
21  3537
21  1427
21  1876
21  1685
21  4951
21  345
21  794
21  1327
21  158
21  4005
22  3473
22  2834
22  161
22  3234
22  169
22  2219
22  3884
22  45
22  381
22  571
22  1601
22  3394
22  2243
22  4292
22  2757
22  586
22  590
22  2639
22  4433
22  2903
22  4539
22  2665
22  3311
22  1141
22  4477
23  1664
23  1666
23  774
23  264
23  3340
23  614
23  216
23  530
23  2068
23  559
23  4380
23  539
23  2346
23  4779
23  4655
23  1416
23  564
23  2485
23  4278
23  56
23  3519
23  2368
23  449
23  2498
23  3012
23  1480
23  73
23  3149
23  2767
23  1489
23  2774
23  3160
23  2907
23  2780
23  4704
23  482
23  968
23  2150
23  488
23  492
23  1133
23  110
23  1524
23  504
24  640
24  1547
24  387
24  2820
24  2053
24  4102
24  135
24  172
24  778
24  937
24  1169
24  3090
24  3907
24  3092
24  1942
24  3095
24  793
24  1308
24  29
24  2847
24  160
24  34
24  1827
24  1188
24  2341
24  40
24  41
24  1159
24  556
24  813
24  3378
24  4660
24  310
24  55
24  2360
24  189
24  959
24  192
24  4289
24  194
24  1987
24  1989
24  967
24  4425
24  2122
24  3147
24  2594
24  335
24  1232
24  721
24  3798
24  203
24  1496
24  2852
24  1372
24  4573
24  350
24  4048
24  2403
24  2535
24  1128
24  105
24  4842
24  2542
24  2543
24  4392
24  2930
24  2420
24  629
24  3128
24  3729
24  4970
24  3071
25  2184
25  2570
25  3342
25  148
25  4505
25  538
25  1436
25  3230
25  1183
25  1443
25  2725
25  936
25  45
25  176
25  435
25  2718
25  1078
25  3136
25  66
25  3395
25  1270
25  1483
25  978
25  675
25  93
25  101
25  4839
25  489
25  112
25  4342
25  633
25  380
26  34
26  1475
26  4516
26  1641
26  296
26  2665
26  1450
26  717
26  82
26  1171
26  4598
26  777
26  794
26  795
26  3100
27  747
27  3076
27  3900
27  1928
27  3977
27  2058
27  3725
27  1039
27  146
27  195
27  276
27  278
27  1303
27  3352
27  2585
27  542
27  671
27  33
27  2082
27  3235
27  370
27  3757
27  4654
27  2991
27  1587
27  496
27  918
27  183
27  3231
27  1029
27  61
27  757
27  2626
27  1603
27  182
27  3398
27  1825
27  599
27  695
27  4150
27  340
27  3159
27  2778
27  2651
27  224
27  3681
27  611
27  1508
27  1894
27  60
27  1130
27  3819
27  2288
27  1008
27  3698
27  1939
27  3445
27  916
27  1663
27  125
27  107
28  1167
28  531
28  277
28  924
28  2081
28  675
28  2085
28  39
28  942
28  52
28  2618
28  2749
28  1728
28  1862
28  2251
28  1100
28  1619
28  91
28  1375
28  738
28  499
29  130
29  262
29  1801
29  2315
29  909
29  787
29  406
29  158
29  2591
29  417
29  36
29  297
29  1096
29  2105
29  159
29  61
29  2114
29  1347
29  326
29  2247
29  1864
29  1484
29  3407
29  2768
29  3665
29  467
29  4950
29  87
29  91
29  3039
29  480
29  1505
29  2791
29  4711
29  492
29  2545
29  4339
29  2166
29  1146
30  419
30  4196
30  965
30  486
30  4403
30  339
30  2539
30  2252
30  1901
30  1830
30  1941
30  2330
30  187
30  2019
31  3716
31  2438
31  3464
31  2441
31  4881
31  1556
31  175
31  156
31  160
31  941
31  3887
31  1970
31  1076
31  58
31  708
31  197
31  326
31  86
31  2533
31  109
31  752
31  248
32  1184
32  4065
32  2467
32  3110
32  1384
32  528
32  2194
32  950
32  221
32  2334
32  2527
33  166
33  1457
33  412
33  2030
33  3601
33  3638
33  472
33  60
33  2911
34  4992
34  390
34  3080
34  3721
34  650
34  274
34  285
34  2719
34  416
34  36
34  1703
34  808
34  2988
34  558
34  1202
34  2611
34  565
34  1976
34  186
34  927
34  448
34  1223
34  1992
34  1946
34  1144
34  676
34  602
34  3676
34  122
34  4322
34  2275
34  1263
34  115
34  3062
34  1399
34  888
34  4218
34  255
35  1122
35  182
35  684
35  246
36  3907
36  3300
36  2534
36  102
36  1064
36  2420
36  921
36  756
36  4444
37  769
37  519
37  1162
37  1675
37  141
37  1240
37  2706
37  2845
37  556
37  4553
37  77
37  3797
37  1624
37  3680
37  742
37  3047
37  617
37  2023
37  369
37  4211
37  1143
37  1276
37  4989
37  1151
38  3947
38  1319
38  165
38  65
38  95
38  1390
38  239
38  49
38  754
38  564
38  2641
38  1817
38  3128
38  2297
38  1498
38  1967
38  2204
38  3262
38  2149
39  320
39  642
39  1006
39  272
39  2478
39  3351
39  4121
39  1183
39  1429
39  2091
39  300
39  942
39  816
39  2483
39  2740
39  2484
39  3643
39  2832
39  1216
39  709
39  198
39  1223
39  712
39  73
39  80
39  212
39  1878
39  3037
39  352
39  1249
39  226
39  2787
39  2277
39  2281
39  4971
39  238
39  353
39  624
39  481
39  2170
39  3711
40  162
40  2537
40  4011
40  81
40  3385
40  378
40  414
41  1283
41  3337
41  1938
41  2453
41  2454
41  90
41  4256
41  1965
41  3465
41  2753
41  1995
41  1861
41  3656
41  75
41  462
41  3540
41  85
41  474
41  476
41  2143
41  3169
41  4709
41  102
41  3986
41  3567
41  1905
41  506
41  1403
41  4092
41  597
42  4226
42  763
42  4420
42  616
42  1068
42  618
42  2732
42  591
42  2129
42  4431
42  403
42  52
42  217
42  1754
42  3003
42  2330
42  2686
42  2687
43  3336
43  394
43  3979
43  2064
43  4498
43  2963
43  3865
43  964
43  2202
43  1180
43  161
43  46
43  2864
43  1201
43  832
43  3138
43  4804
43  2629
43  199
43  849
43  1110
43  4067
43  4072
43  746
43  3435
43  108
43  1520
43  3062
44  385
44  1668
44  135
44  1934
44  4114
44  150
44  282
44  111
44  3996
44  4378
44  1954
44  4653
44  1218
44  3909
44  1222
44  711
44  2255
44  592
44  1756
44  4588
44  751
44  1780
44  126
45  4321
45  1444
45  2471
45  551
45  4040
45  2764
45  4423
45  2892
45  1589
45  2936
45  4818
45  2195
45  3861
45  2134
45  3704
45  702
45  2078
45  885
46  1091
46  647
46  1059
46  2812
46  4350
47  1031
47  1104
47  4751
47  2704
47  324
47  1437
47  1955
47  164
47  2598
47  3879
47  3756
47  3249
47  310
47  67
47  3024
47  582
47  4169
47  78
47  80
47  341
47  1625
47  733
47  2402
47  104
47  617
47  1645
47  1523
47  3061
47  3964
48  523
48  4753
48  2966
48  1176
48  1441
48  166
48  168
48  1327
48  434
48  952
48  3129
48  1982
48  193
48  3273
48  74
48  331
48  3660
48  975
48  1912
48  1618
48  1114
48  3549
48  750
48  2032
48  625
48  2546
48  2808
48  1273
48  637
49  1665
49  1924
49  389
49  3585
49  64
49  2668
49  4490
49  273
49  1170
49  280
49  1563
49  1182
49  294
49  813
49  3508
49  437
49  3382
49  4151
49  699
49  62
49  3904
49  836
49  70
49  2002
49  83
49  3543
49  609
49  354
49  3306
49  2796
49  1139
49  1982
49  2167
49  4857
49  509
49  127
50  2729
50  2351
50  3440
50  3349
50  3772
51  1411
51  307
51  1947
51  113
51  3219
51  4088
51  3195
51  287
52  2880
52  4836
52  3367
52  4744
52  199
52  1772
52  1277
52  1458
52  984
52  505
52  3293
52  894
53  1280
53  2433
53  3842
53  515
53  3724
53  2197
53  536
53  409
53  3997
53  1822
53  3461
53  1058
53  2608
53  689
53  2590
53  54
53  1848
53  573
53  69
53  2123
53  2515
53  3672
53  1243
53  2913
53  189
53  3584
54  995
54  2378
54  2321
54  4284
54  3741
54  501
55  611
55  422
55  759
55  153
55  347
56  3876
56  3372
56  144
56  3133
57  1696
57  3778
57  59
57  100
57  4325
57  604
57  264
57  1033
57  490
57  517
57  2062
57  2450
57  2579
57  1430
57  2390
57  2495
57  1029
58  2624
58  739
58  517
58  1961
58  1231
58  626
58  915
58  469
58  2582
58  3288
58  1273
58  86
59  897
59  322
59  139
59  1607
59  1098
59  3247
59  184
59  1515
59  3203
59  308
59  3286
59  2712
59  4985
59  4379
59  1898
59  3579
60  518
60  4520
60  3167
60  2603
60  126
60  3951
60  912
60  4497
60  2738
60  2069
60  1334
60  2522
60  477
60  2430
60  3391
61  1668
61  454
61  2375
61  200
61  3698
61  532
61  2102
61  951
61  3611
61  1471
62  1408
62  4485
62  143
62  1880
62  913
62  1045
62  2205
62  1566
62  928
62  4002
62  2723
62  4135
62  562
62  691
62  442
62  2632
62  842
62  3019
62  270
62  3928
62  2905
62  986
62  1679
62  2915
62  1510
62  1383
62  856
62  1791
62  1662
62  4949
63  456
63  121
63  1286
63  401
63  1160
63  267
63  2271
63  872
63  240
63  689
63  370
63  3601
63  1302
63  2071
63  1625
63  442
63  1777
63  4575
64  70
64  3211
64  2702
64  912
64  436
64  789
64  2790
64  1919
65  3073
65  131
65  452
65  4214
65  359
65  1192
65  1610
65  2663
65  527
65  3544
65  562
65  2356
65  4726
65  4568
65  3130
65  1199
66  3104
66  913
66  2915
66  132
66  3013
66  311
66  233
66  1639
66  3597
66  976
66  2001
66  1212
66  3863
66  3804
66  4313
66  3451
66  3708
66  2279
67  2267
67  4202
67  1775
67  117
67  4279
67  3284
67  4958
67  95
68  422
69  3808
69  291
69  293
69  2054
69  1191
69  520
69  3401
69  3370
69  2735
69  2320
69  1137
69  1187
69  1238
69  218
69  699
69  101
69  4083
70  514
70  3331
70  397
70  1678
70  399
70  2832
70  273
70  3715
70  4374
70  4759
70  280
70  4898
70  1062
70  1064
70  3119
70  3511
70  826
70  188
70  3936
70  3778
70  4163
70  4935
70  202
70  459
70  205
70  2382
70  461
70  2644
70  1877
70  88
70  89
70  4572
70  4831
70  344
70  4197
70  1250
70  1509
70  3944
70  1386
70  4824
70  4718
70  495
70  741
70  2165
70  247
70  120
70  4714
70  638
71  1760
71  837
71  455
71  2028
71  2338
71  1358
71  4751
71  2419
71  1428
71  1013
71  122
71  895
71  1733
72  306
72  3415
72  4914
73  1024
73  193
73  579
73  196
73  552
73  668
73  2731
73  242
73  2319
73  504
73  466
73  3320
73  346
73  4667
73  2428
73  253
73  1790
74  225
74  1986
74  4325
74  838
74  840
74  113
74  995
74  3413
74  918
74  3289
74  3939
74  4837
75  512
75  1323
75  4868
75  1162
75  2571
75  3096
75  537
75  2716
75  545
75  987
75  2980
75  1835
75  2607
75  186
75  190
75  320
75  1352
75  3916
75  335
75  4433
75  219
75  354
75  1123
75  1764
75  869
75  3945
75  4843
75  239
75  3185
75  2168
75  1149
75  4991
76  1088
76  260
76  263
76  2570
76  403
76  1048
76  1840
76  163
76  2086
76  424
76  903
76  816
76  561
76  1459
76  1728
76  577
76  580
76  3154
76  1747
76  3803
76  1121
76  228
76  613
76  4454
76  871
76  2451
77  801
77  1027
77  871
77  553
77  2730
77  4871
77  908
77  3053
77  2542
77  1359
77  176
77  4114
77  3107
77  3956
77  2544
77  2680
77  2650
77  222
77  709
78  3840
78  3111
78  1109
78  4638
79  448
79  4165
79  1576
79  4476
80  776
80  4620
80  3085
80  1476
80  2074
80  1435
80  2588
80  1827
80  292
80  1578
80  3117
80  3208
80  4660
80  697
80  314
80  572
80  1731
80  4676
80  525
80  1488
80  4305
80  355
80  724
80  2745
80  1722
80  1633
80  227
80  3430
80  371
80  3063
80  1875
80  3197
81  1259
81  260
81  261
81  648
81  137
81  266
81  396
81  2754
81  4494
81  1428
81  2709
81  89
81  541
81  4401
81  173
81  1053
81  1457
81  823
81  3521
81  4034
81  841
81  330
81  4043
81  847
81  1494
81  4057
81  3421
81  1320
81  485
81  4966
81  3179
81  3692
81  3848
81  2161
81  1906
81  4473
81  4602
81  893
81  345
81  4607
82  259
82  167
82  391
82  3762
82  1586
82  723
82  503
83  356
83  2185
83  1582
83  241
83  2766
84  960
84  1283
84  932
84  805
84  3272
84  170
84  598
84  4514
84  2830
84  4173
84  2128
84  3889
84  2531
84  1438
84  3830
84  1615
84  111
84  4194
84  991
85  1582
85  1552
85  1659
85  2686
86  896
86  2051
86  1797
86  3720
86  138
86  1164
86  2965
86  112
86  1189
86  1195
86  2349
86  3253
86  1208
86  2107
86  1292
86  843
86  98
86  1615
86  211
86  2383
86  2268
86  4815
86  2016
86  3298
86  356
86  1107
86  4848
86  2162
86  115
86  4087
86  762
86  4477
87  896
87  1920
87  4613
87  1160
87  4364
87  525
87  4112
87  3222
87  791
87  2590
87  546
87  168
87  939
87  432
87  3379
87  693
87  116
87  1852
87  325
87  332
87  1998
87  4179
87  1748
87  725
87  2396
87  478
87  4320
87  3624
87  372
87  119
88  931
88  2282
88  338
88  1430
89  3841
89  2377
89  140
89  1200
89  2837
90  291
90  1221
90  1255
90  3210
90  206
90  657
90  2386
90  1684
90  1390
90  2745
90  155
90  1596
90  3310
91  256
91  1856
91  387
91  1065
91  1194
91  235
91  179
91  1259
91  2043
92  651
92  677
92  2186
92  428
92  802
92  1808
92  2947
92  4404
92  123
92  1026
93  1381
93  631
94  1131
94  3461
94  307
94  149
94  2842
94  1312
94  2594
94  4911
94  1841
94  2739
94  565
94  3134
94  4289
94  706
94  714
94  2002
94  4054
94  1247
94  2273
94  232
94  363
94  3194
94  2812
94  2685
94  2453
95  2693
95  104
95  1610
95  1629
96  106
96  4926
96  731
97  334
97  4428
97  1694
98  1792
98  3475
98  1049
98  284
98  541
98  1953
98  165
98  3112
98  938
98  3755
98  2221
98  2226
98  568
98  316
98  4797
98  190
98  191
98  2756
98  1745
98  2397
98  209
98  1652
98  1534
99  259
99  1032
99  1802
99  2059
99  1299
99  3229
99  418
99  164
99  4923
99  446
99  576
99  2633
99  208
99  726
99  365
99  2212
99  606
99  4964
99  2922
99  2541
99  238
99  2423
100  3392
100  3141
100  4294
100  2414
100  499
100  281
100  2617
100  1788
101  806
101  1768
101  267
101  972
101  2065
101  758
102  3283
102  956
103  832
103  2978
103  3044
103  359
103  497
103  118
103  475
104  1793
104  1251
104  1702
104  3655
104  1129
104  3116
104  205
104  1230
104  4469
104  376
104  2331
104  766
104  1535
105  4737
105  132
105  4357
105  2058
105  1677
105  2456
105  787
105  2718
105  1314
105  1446
105  423
105  1704
105  4522
105  433
105  180
105  798
105  1846
105  2872
105  4794
105  2954
105  4543
105  2244
105  3015
105  971
105  207
105  2189
105  2519
105  729
105  1111
105  1103
105  1758
105  1887
105  1001
105  3182
105  510
105  4854
105  3323
105  4862
106  769
106  2466
106  612
106  3489
107  2048
107  2437
107  1551
108  3683
108  1781
108  3066
108  2427
108  765
109  3969
109  3650
109  2982
109  456
109  3469
109  3918
109  3920
109  4195
109  1369
109  1689
110  312
110  762
111  3440
111  1604
111  4053
111  1450
111  204
111  1004
111  560
111  2099
111  1363
111  3829
111  3177
111  4760
111  4922
111  2399
111  4093
111  3765
112  1984
112  2280
112  4138
112  3787
112  637
112  3248
112  4529
112  627
112  341
112  2908
112  682
113  384
113  129
113  323
113  961
113  3168
113  1895
113  1356
113  3406
113  1592
113  3587
113  2104
113  4542
114  4834
115  4131
115  1541
115  486
115  776
115  3656
115  3152
115  4593
115  247
115  2683
115  254
116  2561
116  1672
116  649
116  3469
116  1422
116  2198
116  407
116  1690
116  286
116  934
116  2482
116  2101
116  1720
116  3011
116  2120
116  458
116  3804
116  4829
116  234
116  368
116  2553
116  251
116  2922
116  2559
117  4147
117  353
117  2850
117  4165
117  1670
117  673
117  275
117  1706
117  2955
117  1485
117  1539
117  563
117  1043
117  279
117  3079
117  2394
117  4827
117  4467
117  4259
118  1539
118  328
118  4754
118  1658
118  2237
119  3176
119  2439
119  904
119  1929
119  4791
119  2030
119  3279
119  1416
119  2003
119  3284
119  3113
119  4919
119  4216
119  3961
119  3855
119  1370
119  4254
120  410
120  2653
120  4677
121  304
121  2626
121  2758
121  138
121  139
121  3598
121  592
121  177
121  2004
121  2426
121  298
121  156
121  1242
122  2048
122  513
122  130
122  388
122  1285
122  1651
122  265
122  522
122  1295
122  3732
122  2071
122  4760
122  1438
122  198
122  2982
122  3505
122  2227
122  949
122  1723
122  1468
122  191
122  3780
122  453
122  2630
122  4679
122  457
122  2250
122  332
122  4557
122  1871
122  853
122  3166
122  735
122  224
122  1637
122  1638
122  237
122  2798
122  2163
122  4927
122  2684
122  2174
123  1696
123  2312
123  3594
123  555
123  815
123  147
123  3989
123  1463
123  474
123  2012
124  2464
124  1090
124  4263
124  2323
124  554
124  2955
124  3139
124  2575
124  1749
124  4275
124  277
124  1462
124  983
124  2520
124  3161
124  4451
124  1149
124  3295
125  128
125  3200
125  2051
125  646
125  1420
125  271
125  4753
125  1045
125  1816
125  3506
125  2741
125  705
125  3020
125  1101
125  2514
125  2816
125  2530
125  3812
125  870
125  1269
125  1272
126  129
126  2499
126  548
126  1126
126  393
126  906
126  1879
126  3599
126  823
126  1459
126  2548
126  1909
126  2262
126  1463
126  1432
126  4729
126  2135
126  1021
126  3433
127  283
127  4356
127  2533
127  2569
127  650
127  4107
127  2510
127  3620
127  4276
127  3118
127  152
127  2020
127  891
127  2364
127  3357
127  2846
128  875
128  373
128  3526
128  1607
128  872
128  3017
128  469
128  1656
128  3480
128  3794
128  2467
128  1461
128  3000
128  2681
128  2191
128  2654
128  1981
128  2360
128  2239
129  1923
129  516
129  136
129  649
129  1803
129  4755
129  148
129  150
129  919
129  4507
129  415
129  1393
129  1863
129  2746
129  703
129  577
129  4547
129  3910
129  327
129  330
129  3788
129  720
129  3286
129  4567
129  1634
129  1172
129  379
129  892
129  3838
130  2176
130  773
130  1862
130  4491
130  498
130  917
130  2264
130  1562
130  606
131  1568
131  473
131  223
131  1351
131  2472
131  2825
131  2156
131  974
131  3728
131  1681
131  2194
131  2580
131  3861
131  4087
131  2905
131  4026
131  1147
131  2581
132  1638
132  3496
132  215
132  1743
132  1746
132  4873
133  641
133  4450
133  355
133  4774
133  2473
133  1744
133  1301
133  4183
133  986
133  511
133  2906
133  2079
134  2593
134  1542
134  583
134  4968
134  202
134  3074
134  2000
134  947
134  702
134  3479
134  2201
134  2650
134  313
134  1278
135  2147
135  1478
135  3432
135  140
135  2211
135  4861
136  324
136  297
136  495
136  472
136  2100
136  2232
136  2137
136  229
137  964
137  998
137  231
137  4873
137  2602
137  3083
137  2061
137  142
137  3471
137  214
137  792
137  1114
137  3260
137  1695
138  700
139  256
139  4354
139  405
139  922
139  4511
139  1440
139  2216
139  2217
139  1522
139  3759
139  178
139  2154
139  185
139  4156
139  2753
139  706
139  3274
139  3917
139  4178
139  2648
139  2393
139  4443
139  478
139  2399
139  4960
139  4322
139  4836
139  358
139  362
139  1775
139  3314
139  2423
139  253
139  1407
140  4464
140  4466
140  419
141  261
141  935
141  4104
141  586
141  620
141  2381
141  240
141  1009
141  4500
141  2006
141  4407
141  1945
141  1022
141  1087
142  4640
142  1409
142  3974
142  845
142  398
142  4785
142  2037
142  3862
142  1911
142  795
142  4924
142  1085
142  3518
142  4917
143  1632
143  144
143  258
143  2883
143  997
143  4583
143  3816
143  3691
143  1005
143  1647
143  272
143  1717
143  1843
143  4762
143  3227
143  1276
144  2604
144  2826
144  398
144  1296
144  789
144  2966
144  281
144  1306
144  4636
144  285
144  2344
144  1655
144  2476
144  1069
144  1501
144  3633
144  948
144  2106
144  325
144  1095
144  3145
144  3994
144  3831
144  1869
144  1358
144  2642
144  1117
144  1634
144  3565
144  221
144  2550
144  2679
144  252
144  1661
144  383
145  514
145  2826
145  1922
145  661
145  279
145  4507
145  2077
145  3998
145  802
145  2219
145  172
145  558
145  943
145  946
145  3124
145  3639
145  3896
145  1081
145  570
145  2369
145  4802
145  2499
145  1732
145  2631
145  331
145  4621
145  977
145  850
145  595
145  4410
145  2022
145  1639
145  4331
145  2164
145  3196
145  2887
145  2302
145  1466
146  544
146  932
146  342
146  1254
146  552
146  4496
146  4273
146  1366
146  3812
146  187
146  220
146  413
147  1536
147  1729
147  1414
147  162
147  1486
147  909
147  3792
147  3027
148  226
148  1787
148  900
148  550
148  2785
148  3017
148  1290
148  523
148  812
148  2466
148  207
148  537
148  3574
148  4356
148  2523
148  3759
148  2175
149  648
149  1134
149  2069
149  379
149  3758
150  899
150  1460
151  3104
151  740
151  1093
151  201
151  1335
151  1836
151  4880
151  2249
151  1113
151  410
151  4524
151  2526
152  1440
152  770
152  465
152  4052
152  154
153  1025
153  2179
153  1157
153  2801
153  2248
153  269
153  1344
153  3537
153  1971
153  4500
153  4501
153  2937
153  1397
153  1109
154  4000
154  2657
154  197
154  1804
154  599
154  3418
155  1952
155  2509
155  404
155  665
156  3520
156  4419
156  4694
156  1735
156  188
156  3114
156  1260
156  3694
156  2621
156  2256
156  3186
156  949
156  2326
156  4119
156  3000
156  828
156  1142
157  2304
157  1707
157  1298
158  321
158  339
158  542
159  2257
159  203
159  4300
159  1262
159  2289
159  210
159  2487
159  3641
159  4415
160  2690
160  390
160  3335
160  4746
160  395
160  1932
160  3223
160  2714
160  4124
160  2205
160  3742
160  3106
160  3239
160  3890
160  4659
160  1467
160  4422
160  546
160  1105
160  598
160  2264
160  1380
160  3936
160  2276
160  3946
160  3824
160  4468
160  887
160  509
161  2277
161  231
161  1052
161  1488
161  3509
161  219
161  2652
162  1648
162  1795
162  4709
162  1521
162  3883
162  1931
162  493
162  1807
162  3760
162  2225
162  1299
162  692
162  470
162  2617
162  1395
162  1214
163  4260
163  1125
163  988
163  3275
163  1518
163  979
163  3220
163  4750
163  2070
163  764
164  1730
164  1227
164  1233
164  1426
165  4067
165  582
165  2247
165  2397
165  1102
165  2973
165  464
165  4081
165  1590
165  2359
165  1753
165  3535
165  4092
165  4989
165  2302
166  1472
166  1952
166  3739
166  171
166  2272
166  2173
166  303
166  1843
166  693
166  534
166  283
166  1881
166  3386
166  4768
166  2717
166  1631
168  2263
168  839
169  3042
169  1923
169  200
169  298
169  1931
169  1677
169  3139
169  4402
169  4227
169  3412
169  569
170  1913
171  1015
171  2153
171  314
171  2430
172  934
172  3307
172  2416
172  246
173  3612
173  2357
174  4578
174  1489
174  179
174  662
174  700
174  1213
174  3358
175  2556
175  3039
176  4486
176  4389
176  4518
176  1206
177  1699
177  3441
178  386
178  1768
178  1134
178  336
178  4787
178  501
178  1534
178  639
178  1758
178  1791
179  427
179  2731
180  3076
180  588
180  4912
180  596
181  3426
181  803
181  553
181  1262
181  271
181  2836
182  625
182  228
183  3693
183  407
184  608
184  2918
184  2484
184  366
185  3908
186  920
186  4252
186  3589
187  500
187  3194
187  2287
188  673
188  3970
188  2107
188  3521
188  1449
188  1645
188  463
188  308
188  597
188  1046
188  792
188  820
188  2619
188  1628
188  1597
188  861
189  1814
189  4506
189  2076
189  1951
189  2340
189  1066
189  430
189  1199
189  4916
189  713
189  3147
189  4943
189  211
189  2265
189  1403
189  4203
189  1133
189  371
189  250
189  1275
190  1107
190  195
191  3296
191  357
191  4588
191  3308
191  674
191  2350
191  2493
191  4594
191  4436
191  3029
191  1893
191  786
191  959
191  1525
192  1282
192  902
192  392
192  1769
192  3659
192  432
192  4599
192  2971
193  2963
193  2996
193  4188
194  740
194  2821
194  2792
194  458
194  4075
194  4268
194  2130
194  3255
194  669
194  4959
195  1504
195  641
195  3189
195  3702
195  1926
195  4897
195  1868
195  3115
195  4652
195  4269
195  1614
195  2900
195  1077
195  1270
195  4567
195  1563
195  1532
195  893
195  214
196  1730
196  1383
196  2896
196  1108
196  4027
197  288
197  3653
197  4622
197  3412
197  508
198  678
198  1616
198  2583
198  572
198  4570
198  703
199  3041
199  329
199  4074
199  2415
199  818
199  1204
199  2549
199  3097
199  1812
199  3029
199  1981
200  3744
200  939
200  708
200  4646
200  2890
200  1451
200  868
200  2778
200  316
200  3167
201  2821
201  4520
201  466
201  3205
202  632
202  217
202  3810
203  293
204  2689
204  1156
204  1710
204  282
204  288
204  4257
204  4649
204  2733
204  3118
204  4918
204  2743
204  441
204  2358
204  4806
204  1229
204  2253
204  3033
204  2528
204  1507
204  999
204  618
204  3175
204  1648
204  754
204  249
204  1917
205  3552
205  2373
205  2471
205  2772
205  1145
205  446
206  290
206  396
206  302
206  858
206  1070
206  4663
206  1306
206  981
207  4930
207  4750
207  1415
208  544
208  1184
208  1060
208  2474
208  3979
208  302
208  3157
208  409
208  1400
208  1017
208  3450
208  3402
208  4765
208  1726
209  779
209  3283
209  983
209  1497
210  481
210  1250
210  2084
210  870
210  487
210  3400
210  521
210  3361
210  3446
210  761
210  2041
210  2874
211  3755
211  4246
211  1035
211  2675
211  1244
211  607
212  1667
212  642
212  274
212  1558
212  1819
212  671
212  4387
212  420
212  809
212  1075
212  4795
212  927
212  1740
212  3532
212  733
212  2014
212  4200
212  3602
212  1909
212  374
212  759
212  3706
213  418
213  4934
213  3347
213  1354
213  4940
213  974
213  3539
213  2734
213  2137
213  1371
213  252
214  323
214  1479
214  488
214  3790
214  3855
214  2130
214  372
214  2134
214  216
214  443
214  1980
214  4734
214  415
215  2625
215  4162
215  2790
215  1606
215  328
215  3722
215  3917
215  3086
215  3087
215  2643
215  4499
215  404
215  905
215  1021
215  329
216  515
216  3718
216  1576
216  3913
216  2636
216  3309
216  2608
216  3507
216  244
216  4628
216  635
216  1918
216  1567
217  1611
217  1445
217  1769
217  4042
217  4875
217  4181
217  543
218  4358
218  1115
218  3686
218  1319
218  4651
218  3916
218  783
218  1683
218  1492
218  601
218  1464
218  4409
218  591
218  1950
219  3527
219  2407
219  2664
219  1193
219  4333
219  251
219  1725
219  1022
220  4449
220  3629
220  3189
220  534
221  2304
221  1287
221  3211
221  3884
221  2001
221  2516
221  3895
221  1786
221  575
221  351
222  704
222  545
222  258
222  747
222  1412
222  581
222  555
222  619
222  3058
222  931
222  2948
222  607
223  623
223  425
223  2968
223  383
224  416
224  257
224  551
224  2448
224  1112
224  250
224  1466
225  2851
225  2630
225  2283
225  750
225  2479
225  1168
225  435
225  659
225  438
225  4439
225  540
226  1729
226  452
226  230
226  4615
226  2567
226  681
226  684
226  1380
226  3966
226  319
227  2666
228  4833
228  2690
228  3144
228  1257
228  1423
228  343
228  440
228  1595
228  319
229  1700
229  718
229  3897
229  2236
230  430
230  263
231  4454
231  2849
231  3464
231  1042
231  337
231  1874
231  243
231  1493
231  1975
231  3573
232  3911
232  585
232  1034
232  3662
232  400
232  2290
232  821
232  1782
232  698
232  4127
232  4094
232  4223
233  1571
233  1163
233  1265
233  2691
233  2959
233  574
235  1382
235  4993
235  1010
235  686
235  4530
235  1012
235  1465
235  1721
235  1210
235  1851
236  3136
236  1692
236  3666
236  1785
236  636
237  1504
237  961
237  3267
237  4263
237  1704
237  2829
237  2289
237  946
237  2547
237  1332
237  980
237  916
237  2268
238  576
238  2273
238  1350
238  2505
238  3946
238  4747
238  367
238  848
238  4626
238  3737
238  2671
238  574
238  2207
239  4192
239  2117
239  1354
239  2862
239  3791
239  622
239  1845
239  1689
239  1855
239  4741
241  536
241  268
241  349
242  4576
242  4642
242  1315
242  455
242  3819
242  2572
242  2575
242  784
242  2187
242  2936
242  3516
242  830
242  1343
243  561
243  2172
243  2710
245  1630
246  2114
246  2726
246  364
246  3475
246  411
246  4093
246  1822
246  2303
247  1633
247  4046
247  1579
247  366
247  4398
247  3065
247  3225
248  327
249  489
250  4920
250  3426
250  566
251  1605
251  1070
251  284
251  4190
252  2528
252  1444
252  503
252  1808
252  670
252  2774
252  3287
252  3108
252  2558
254  1381
254  3369
254  3501
254  1135
254  1588
254  1941
255  1686
255  584
255  873
255  4098
255  4381
255  2101
255  3254
255  859
255  4445
255  4847
256  4309
256  879
257  4565
257  1230
257  4656
258  2339
258  4741
258  2598
258  1799
258  2664
258  1656
258  1546
258  875
258  1996
258  3150
258  785
258  2806
258  445
258  2296
258  3545
258  374
258  3591
258  1374
258  2853
259  3389
259  2813
259  1150
259  831
260  694
260  3174
260  3305
260  3911
260  941
260  2094
260  3581
260  1169
260  1202
260  438
260  375
260  3898
260  2234
261  459
261  453
261  587
261  465
261  2123
261  2044
262  3561
262  1205
262  3353
262  1598
263  780
263  461
263  2349
263  1075
263  3373
263  1929
263  3343
264  2660
264  1669
264  1159
264  1008
264  305
264  3508
264  3204
265  848
265  497
265  4441
265  862
266  782
266  2293
266  4292
266  4934
266  743
266  2830
266  2895
266  4145
266  2645
266  315
266  735
266  2325
267  1284
267  1256
267  394
267  405
268  705
268  2385
268  1736
268  1805
268  464
268  2056
268  2324
268  1718
269  4896
269  449
269  1384
269  460
269  3914
269  1963
269  1612
269  338
269  1714
269  947
269  2964
269  2933
269  2008
269  4537
270  4514
270  902
270  778
270  624
271  2791
271  4144
271  4625
271  4382
272  1305
272  4154
272  3438
273  2218
273  3314
273  3862
273  826
274  2840
274  4136
275  1596
275  3292
275  4349
276  3077
276  3754
276  296
276  3857
276  3123
276  4298
276  1406
277  3524
277  4457
277  2027
277  940
277  2167
277  3007
278  1261
278  4694
278  1371
278  604
279  612
279  2504
279  1065
279  907
279  589
279  910
279  3446
279  3481
279  3643
279  3452
280  2434
280  1099
281  4000
281  457
281  441
281  1659
281  860
282  992
282  520
282  3373
282  3218
282  2395
282  412
283  1098
283  652
283  726
283  1275
284  1795
284  804
284  454
284  4840
284  777
284  906
284  4460
284  2159
284  4981
284  2910
285  2561
285  1701
285  785
285  1962
285  3531
285  4749
285  2286
285  2381
285  2609
285  1245
285  1341
285  349
285  1751
285  3738
285  879
285  828
285  669
285  4730
286  999
286  2697
286  4138
286  3339
287  1542
287  1671
287  3051
287  2418
287  1342
287  1047
287  638
287  3775
288  2914
288  1734
288  3324
288  2509
288  2926
288  4083
288  350
288  763
288  3388
288  4414
289  4336
289  880
289  1959
289  2700
289  2456
289  1072
289  2616
289  2610
289  3828
289  3736
290  3458
290  4035
290  1221
290  1030
290  1871
290  593
290  1339
290  1311
291  348
291  295
292  4193
292  1387
293  1495
293  3942
293  2673
293  1046
293  343
294  384
294  3067
295  664
295  1246
296  3590
296  333
296  719
296  2833
296  530
296  3541
296  470
296  860
296  381
296  1119
297  1293
297  687
297  1653
297  2776
297  1754
298  2177
298  4835
298  2692
298  3089
298  2738
299  742
299  2154
299  4531
299  570
299  2108
300  1446
300  4648
300  1674
300  2987
300  2769
300  4155
300  3402
301  2560
301  2403
301  2347
301  4461
301  786
301  1587
301  1019
302  2401
302  1037
303  4581
303  615
303  2322
303  1454
303  4082
303  2391
304  1916
304  2052
304  2329
305  2956
305  676
305  900
306  1425
306  543
307  1056
307  4480
307  1707
307  2573
307  1392
307  3669
307  4640
307  3832
307  2554
308  972
308  4525
308  2478
308  2835
308  1847
308  3708
308  2878
309  547
309  3236
309  1286
309  1464
309  4793
310  994
310  526
310  3568
310  1013
310  1469
310  3934
311  755
312  3709
312  2353
313  1225
313  494
313  1136
313  2516
313  4142
313  4732
314  833
314  1121
314  1261
314  1598
315  2596
315  1926
315  2024
315  4009
315  907
315  2146
315  590
315  3919
315  4916
315  406
315  632
315  2698
315  1023
316  1369
316  756
316  1118
317  4592
317  3821
317  3991
318  1088
318  2081
318  2502
318  1346
318  4178
318  4604
318  605
318  4517
319  771
319  2823
319  780
319  386
319  451
319  3928
319  1593
319  1658
319  3231
320  1249
320  3724
320  1936
320  849
320  1492
320  1749
320  950
320  4535
320  3143
320  2010
321  451
321  484
321  3180
321  516
322  1735
322  2802
322  4176
322  2097
322  4338
322  4625
322  1880
323  4100
323  4105
323  1038
323  408
323  539
323  2592
323  2139
323  429
323  4791
323  701
323  3383
323  3278
323  3023
323  1106
323  2169
323  1113
323  3419
323  2524
323  2405
323  3572
323  1401
323  4351
324  1792
324  2366
324  3665
325  3872
325  2757
325  1802
325  4237
325  2257
325  2808
325  764
326  344
326  4080
327  4678
327  2088
327  1289
327  426
327  397
327  621
327  4464
327  4205
327  2418
327  3405
327  1624
327  346
327  4509
327  476
327  351
328  1824
328  1089
328  1256
328  1514
328  2413
328  1682
328  2719
329  2916
329  1033
329  4213
329  4184
329  603
330  4416
330  891
331  4932
332  4841
332  1661
332  3022
335  911
335  2367
337  2370
337  774
337  1254
337  1770
337  2091
337  4099
337  1813
337  3030
337  4155
337  2949
338  2744
338  2725
338  4207
339  1760
339  1892
339  4359
339  1228
339  685
339  982
340  483
340  2919
340  3690
340  2029
340  1972
340  973
340  656
340  2129
340  2260
340  3957
340  2422
340  1405
340  468
340  1231
340  2140
340  2410
341  600
341  1686
341  1361
342  4137
342  4239
342  1491
342  413
342  4703
343  393
343  3685
343  1964
345  3587
345  1361
345  1111
345  3384
345  4026
347  1248
347  4748
347  4056
347  2041
348  990
348  3614
349  3617
349  579
349  2488
349  728
349  1266
349  3630
349  399
349  1424
349  4818
349  1251
349  4056
349  697
349  378
349  883
350  2435
350  775
350  4554
350  3312
350  1394
350  1077
350  3735
350  3803
350  1212
351  3408
352  646
352  392
352  3729
352  851
352  830
353  651
353  550
353  3595
353  1903
353  4240
353  2097
353  1810
353  2275
353  1301
353  3671
353  4312
353  2873
353  3162
353  4143
353  2161
353  4783
353  4895
354  4548
354  2359
355  3719
355  2698
355  3431
355  4652
355  690
355  4403
355  4343
355  1663
355  447
356  1153
356  1473
356  4072
356  3593
356  1900
356  3502
356  2512
356  402
356  4460
358  1897
359  1533
359  429
360  3721
360  1786
360  1573
361  2758
361  3271
361  3628
361  1271
363  4902
363  2854
363  1577
363  2576
363  4891
364  2119
364  529
364  1907
364  4501
364  376
364  953
365  1697
365  882
365  3530
366  865
366  4324
366  549
366  2822
366  4743
366  1960
366  1899
366  3404
366  4690
366  2326
366  4508
366  1373
366  3102
366  575
367  2369
367  2795
367  4937
367  447
367  524
367  2061
367  1838
367  2667
367  852
367  4661
367  2806
367  2519
367  696
367  3483
367  437
368  2204
368  4642
368  1885
369  2784
369  3009
369  3940
369  3942
369  967
369  744
369  1834
369  395
369  654
369  4397
369  881
369  402
369  4512
369  373
369  4196
369  3442
369  1597
369  767
370  2656
370  718
370  1207
370  473
371  3674
371  679
372  4279
372  4015
372  1713
372  3740
372  3294
373  1152
373  908
373  755
373  566
373  2784
374  1313
374  711
374  1419
374  3833
376  3472
376  2597
376  970
376  1517
376  3664
376  2162
376  855
376  2666
377  4680
377  626
377  2358
377  3801
377  1914
377  3101
377  3903
378  2913
378  807
378  4713
379  1027
379  4412
379  3709
380  385
380  4930
380  1571
380  1703
380  827
380  2762
380  2443
380  3276
380  4269
380  3922
380  567
380  847
380  1263
381  2055
381  2635
381  1554
381  4019
382  1413
382  3947
382  4110
382  2253
382  3761
382  851
382  1211
382  4303
383  3649
383  1174
383  1644
383  1646
383  630
383  2072
383  825
384  1264
384  491
386  1257
386  4491
386  3941
387  1194
387  3650
388  2472
388  1066
390  3545
390  821
390  2917
391  3874
391  3403
391  2020
391  2694
391  1322
391  1867
391  1453
391  3893
391  3606
391  1084
391  2122
392  667
392  3908
392  1669
392  521
392  1295
392  3739
393  450
393  4918
393  3374
393  814
393  2678
393  3224
394  2018
394  3720
394  554
394  4304
394  2098
394  1396
395  1796
395  3848
396  3305
396  1676
396  462
396  1903
396  1106
396  3892
396  663
396  1016
396  1342
397  2844
397  2646
398  3625
398  3933
398  4345
399  2875
400  1697
400  557
400  2960
400  1105
400  1426
400  2199
400  3387
400  1148
400  3965
401  4801
401  2756
401  1564
401  1676
401  3795
401  1621
401  630
401  4700
401  477
402  4609
402  4770
402  1418
402  4430
402  2169
402  639
403  2752
403  772
403  2278
403  4757
403  3034
405  3360
405  2497
405  2146
405  2411
405  2884
405  1798
405  2087
405  1737
405  4418
405  557
405  1933
405  1304
405  4203
405  2196
405  2238
405  729
405  2055
405  827
405  2944
406  4004
406  4188
406  4913
407  610
407  507
407  4324
407  3397
407  2348
407  4586
407  4204
407  4079
407  1139
407  4310
407  2843
408  3010
408  677
408  1415
408  1185
408  1357
408  1777
408  1970
408  1396
409  3424
409  1839
409  4089
409  3707
410  666
410  502
411  3236
411  421
411  2406
411  1011
411  982
411  1053
412  3786
412  2126
412  471
413  810
413  878
415  3747
415  1057
415  490
415  716
415  1101
415  3982
415  1007
415  560
415  2199
415  1627
416  3417
416  1531
416  3514
417  3577
417  4699
419  1001
419  4017
419  1564
419  1853
420  1857
420  1826
420  2777
421  4700
421  3350
422  4616
422  2538
424  3442
424  1268
425  4931
425  467
425  679
425  4264
425  2025
425  2059
425  812
425  4621
425  3982
425  2855
425  498
425  1315
425  4244
425  439
425  3992
425  1178
425  3898
425  670
425  533
426  4536
426  2887
427  2220
428  3781
428  3110
428  636
428  2610
428  2512
428  3282
428  734
429  2824
429  1809
429  4627
429  3967
430  2431
431  1401
431  2428
431  2813
432  3205
432  1023
432  3209
432  535
432  3121
432  4594
432  2133
432  1080
432  2021
432  1949
432  1733
433  3676
433  1069
433  798
435  4323
435  4996
435  1927
435  1513
435  685
435  2717
435  1712
435  3730
435  4947
435  1748
435  2520
435  1124
435  4752
435  954
435  3937
437  3232
437  993
437  1128
437  1518
437  4117
438  2018
438  4455
438  715
438  820
438  924
438  445
439  865
439  1188
439  2950
439  1448
439  3170
439  2224
439  2184
439  1372
439  605
440  4705
440  578
440  1255
440  3507
440  468
440  1205
440  1821
440  857
440  2716
440  3741
440  3701
441  450
441  3748
441  2694
441  2023
441  3048
441  3152
441  3510
441  507
441  861
442  3611
442  4367
443  1857
443  1190
443  2625
443  3028
443  3668
444  1536
444  4064
444  743
444  2377
444  938
444  2891
444  1708
444  4557
444  1458
444  2132
444  3257
444  2587
444  3164
444  1759
445  668
446  4857
446  4459
446  3871
447  688
447  2160
447  722
448  2424
448  903
449  4734
450  4071
451  674
451  1062
451  2343
451  2285
452  1859
452  4069
452  1456
452  953
452  1776
454  1870
455  1424
455  1073
455  948
455  3512
456  3873
456  4337
456  1431
457  739
457  4149
458  801
458  2179
458  527
458  3409
458  1362
458  4277
458  3675
459  4068
459  3274
459  1291
459  3888
459  3894
459  1241
460  580
460  3687
460  1577
460  970
460  753
460  690
460  4661
460  3434
460  2910
461  1345
461  2853
461  782
461  4047
461  4624
461  2482
461  985
461  4697
461  2970
461  1118
462  1337
463  2409
463  663
464  2851
465  4329
465  4869
466  4846
466  2897
467  1312
467  2534
467  3503
467  4021
467  3036
467  3934
468  2934
469  4505
470  1828
470  3914
470  1968
470  4776
470  3048
470  1175
470  4536
470  1252
472  581
475  2054
475  3078
475  1801
475  589
476  2720
476  4227
476  1092
476  3435
476  4465
476  2709
476  1713
476  1915
477  1365
477  3084
477  817
478  929
478  1766
479  4007
479  1131
479  3441
479  1939
479  1893
479  3557
480  3957
481  3146
482  2274
482  4870
482  744
482  621
482  1298
482  1493
482  4568
482  1082
482  1499
483  3973
483  4553
483  811
483  3992
483  914
483  3987
483  4308
483  4150
483  761
483  2136
483  1530
483  4380
483  1272
483  1086
483  2751
484  2763
484  2724
484  4933
484  2927
484  3316
484  4538
484  1532
485  1142
485  1174
485  829
486  4673
486  4802
486  881
486  616
486  683
486  2096
486  1617
486  3703
487  2800
487  588
487  1525
488  3752
488  1171
488  1144
488  3929
488  602
489  4658
489  2436
490  1773
490  4786
490  1332
490  1429
490  1375
490  2197
491  1209
492  748
492  3534
492  4789
492  760
493  886
494  822
494  2998
495  1793
495  1348
495  1989
495  1258
495  2476
495  656
495  2621
496  897
496  4595
496  4628
496  2844
497  643
497  4683
497  1709
497  829
497  1191
497  2110
497  863
498  4974
498  3158
498  3353
498  1468
498  3390
499  4038
500  4481
500  522
500  2638
500  4346
501  4001
501  930
501  3685
501  1997
501  1102
501  3055
501  596
501  1812
501  2426
501  3151
501  1373
502  1317
503  2728
503  4209
504  4666
504  4962
504  1847
505  979
506  1103
506  3546
506  4445
507  3788
507  1278
508  2508
508  1267
508  1300
508  3064
508  1310
509  1580
509  4108
509  653
509  2193
509  1236
509  3671
509  2680
509  1657
509  538
510  3822
511  994
511  3016
511  1161
511  3885
511  2222
511  1781
511  1944
511  1886
512  620
512  3597
512  532
512  2133
512  569
512  3931
512  3772
513  975
514  608
514  1580
514  3093
515  2960
515  1500
515  788
516  3246
517  692
517  727
518  2442
518  524
518  1039
518  3217
518  882
518  1143
518  2649
518  2174
519  2209
519  4452
519  3539
519  1236
519  3482
519  3068
519  2622
520  3047
520  4876
520  1964
520  2223
520  2007
521  3532
521  2226
521  1850
521  3519
522  3616
522  2511
523  1477
523  3303
523  858
523  4443
523  3546
524  960
524  1947
524  710
524  1387
524  594
524  2640
524  4722
524  3343
525  1516
525  4147
525  2678
525  985
525  2877
526  1506
526  3428
526  4790
526  2409
526  1258
526  1460
526  4245
526  2614
526  3258
527  3588
527  2886
527  1993
527  2293
527  793
527  2270
528  2392
528  3622
529  2744
530  3980
530  877
533  2658
533  1099
533  1333
533  1366
533  1693
533  1790
534  1094
534  680
534  810
534  1067
534  2207
535  1516
535  2500
536  3456
536  3652
536  1288
536  4331
536  1198
536  1362
536  819
536  1076
536  728
536  4580
537  2178
537  2372
537  1353
537  4233
537  4084
539  2120
539  2352
539  1219
539  853
539  2489
539  2879
540  1957
540  1846
540  3900
540  767
542  2437
542  3239
542  2088
542  2954
542  1004
543  2724
543  869
543  1863
543  2090
543  2507
543  2957
543  2992
543  2291
543  1591
543  2266
543  4187
543  1788
544  2183
544  1904
544  1333
544  665
544  4350
545  2817
545  843
546  4129
546  2773
546  824
546  3680
547  3395
547  4006
547  1574
547  3825
547  1140
547  790
547  4375
547  4980
547  1087
549  1026
549  2628
549  4886
549  4376
550  1196
550  2102
551  4676
551  741
551  4811
551  1391
551  3380
551  2335
552  1570
553  859
554  800
554  644
554  585
554  1584
554  3890
554  3156
554  633
555  1472
555  4768
555  1156
555  3912
555  1164
555  563
555  3764
555  758
555  600
555  1241
556  2206
556  1173
557  864
558  1287
558  3854
558  2814
558  799
559  4929
559  2152
559  3794
559  925
559  2206
560  4551
560  1609
560  2901
560  790
560  2171
560  2429
560  1374
561  3783
561  647
561  3789
561  3054
561  1620
561  2517
561  3162
562  3362
562  803
562  2127
562  2588
562  4414
563  4882
563  1285
564  3075
564  837
564  4140
564  3215
564  4018
565  1032
566  1641
566  583
567  1738
567  3410
567  3155
567  4309
567  2486
567  2845
568  1604
568  3787
568  923
568  3036
568  1855
569  2817
569  2307
569  3300
569  1477
569  997
569  937
569  4603
569  2491
569  4773
570  1234
570  2462
570  1436
570  4318
571  3460
571  901
571  615
572  1058
572  1186
572  1357
572  1104
572  3061
572  1239
572  3290
572  2173
573  3109
573  1360
573  4910
573  1494
573  3292
576  2034
576  1763
577  2531
578  1562
578  2514
578  4510
579  2384
579  749
579  2925
580  4485
580  1815
581  952
581  4577
583  1584
583  1445
584  3363
584  1988
584  1865
584  1837
584  3566
584  2383
584  1044
584  4041
584  2132
584  2906
584  4955
584  3100
584  1405
585  3524
585  645
585  1293
585  622
585  1741
585  722
585  3850
586  3328
586  4422
588  1568
588  4758
588  3800
588  1145
588  4666
589  1246
589  1603
589  933
590  634
590  1238
591  3769
591  603
592  4673
592  713
592  1389
592  2510
592  691
592  2809
593  3456
593  4899
593  1047
593  990
595  4462
595  725
595  4120
595  601
596  1376
596  1660
597  2973
597  4798
597  2311
598  1814
598  2799
598  2550
598  1720
598  2100
598  3005
599  2124
599  2042
600  1196
601  1018
602  1217
602  2885
602  1003
602  1646
602  1999
602  2551
602  4664
602  1886
604  1320
604  3506
604  1180
605  2788
605  958
605  1165
605  1005
605  4436
605  4286
605  1782
605  2012
606  1474
606  779
606  3634
606  634
607  2246
608  880
609  2870
609  1351
610  717
611  1956
611  926
613  640
613  4631
613  1037
613  727
613  3280
613  3607
613  2171
614  3968
614  1771
614  996
614  2672
614  3826
614  1427
614  2902
614  1336
615  1712
615  1412
616  635
616  4772
616  966
618  1675
618  1404
618  2559
619  1379
619  1061
619  1222
619  3517
620  1297
620  1000
620  1388
620  2956
620  4849
620  818
620  2803
620  3276
620  667
621  1040
621  3605
621  856
621  4090
621  1020
622  683
622  2477
622  2576
622  1553
622  2867
622  4201
622  2811
623  2827
624  1618
625  4786
626  715
626  2797
626  4014
626  2352
626  2066
626  1017
627  4546
628  2696
628  3578
628  3199
630  901
630  1151
632  2624
632  1622
635  4125
635  2839
636  2501
636  1550
636  2485
636  1206
636  3996
636  1853
637  3622
637  1866
637  4947
637  1983
638  3491
638  1349
638  2131
638  1079
639  1557
639  3801
639  1693
639  3102
640  3072
640  2506
640  1364
640  3006
640  1317
641  3202
641  1608
641  1896
641  2227
641  1268
641  2780
642  1216
642  707
642  2981
642  3341
642  2414
642  4593
642  1209
642  1116
643  4321
643  2876
643  4427
643  973
643  2448
643  3892
643  1432
643  2457
643  3291
643  3548
644  2039
644  2983
645  2764
646  3296
646  1540
646  1448
646  4273
648  3491
648  1480
648  4302
648  2006
648  1085
649  2722
649  2564
649  966
649  4103
649  4024
649  1084
650  3008
650  4033
650  1805
650  2994
650  3737
650  3899
651  1882
651  1711
652  704
652  1561
652  3140
653  1235
654  1391
655  2336
655  2946
655  3976
655  1897
655  1260
655  2387
655  1497
655  1631
656  3459
656  796
656  3014
657  808
657  4952
657  1573
658  2400
658  4077
658  2446
658  1679
658  1141
658  4374
658  919
658  1050
658  731
658  2492
658  3613
659  3847
659  4745
659  971
659  1368
660  2776
660  748
660  3799
661  2600
661  2415
661  3699
661  4727
661  664
661  4634
662  1000
662  4984
663  4482
664  678
664  3590
664  1913
664  2142
664  4677
665  1815
665  4823
665  2615
666  3492
666  4172
666  781
666  1082
667  2977
667  2339
668  4290
668  3326
668  745
669  3247
669  2704
669  1750
669  2363
670  2144
670  1762
670  4848
670  1566
670  895
671  963
671  2502
671  1670
671  4615
671  2667
671  4757
671  1841
671  1140
671  2773
671  2838
671  1367
671  4440
671  788
671  1690
671  4182
671  3485
671  4837
672  3872
672  4554
672  1419
672  1074
672  1439
672  1503
672  3644
672  805
673  2529
673  2242
673  3878
673  1820
673  962
673  4598
674  3075
675  1348
675  840
675  3433
675  1040
675  1176
676  1091
676  4401
676  1226
676  935
676  734
676  3262
679  958
681  736
681  2165
682  3559
682  1329
682  4280
682  3097
682  991
684  800
684  701
684  1884
684  4540
684  4781
684  1423
684  1367
684  1752
684  2236
684  2301
685  1842
686  4291
686  4807
686  4328
686  2634
686  898
686  1454
686  4175
686  4881
686  1177
686  1434
688  1762
688  4904
688  4202
688  2894
688  1973
689  1778
689  884
690  2811
691  2111
691  1340
691  2223
692  1225
692  4492
692  817
692  914
692  1043
692  4470
692  954
692  732
693  1731
693  2034
693  2841
693  2783
694  1482
694  1347
695  4073
695  1337
695  2327
696  1125
696  3657
696  3244
696  2990
696  3576
696  1119
697  2468
697  3400
697  1772
697  4078
697  1233
697  4217
697  3677
698  4419
700  2760
700  753
701  2699
701  3014
701  2635
701  3631
701  3095
702  3953
702  3805
703  3322
704  1217
704  2708
704  4572
705  809
706  737
706  1122
706  1716
706  988
707  3042
707  771
707  836
707  3333
707  977
707  1130
707  1647
707  784
707  1073
707  917
707  1226
707  1785
707  796
707  1890
708  738
708  4937
708  2986
708  2833
708  1267
709  3906
709  3171
709  3973
709  1511
709  4296
709  1514
709  4898
709  3323
709  3032
709  943
709  863
710  3626
710  2548
710  2389
710  2779
711  1155
711  2920
711  1513
711  1360
711  1173
711  3003
711  1279
712  866
712  2828
712  815
713  766
713  3135
714  1124
714  2473
714  1067
714  3613
715  1224
715  1063
716  4900
716  3640
716  1006
716  4504
716  1662
717  3580
718  1051
718  2975
718  4431
719  1888
719  2972
719  831
720  3712
720  3173
720  3137
720  876
720  910
722  1335
723  4847
723  1755
723  4348
723  2079
724  3379
724  4045
725  4945
725  4883
725  2589
727  2577
727  3553
728  1963
728  4016
728  791
728  2521
729  1993
729  1071
729  1137
730  3891
731  3282
731  1687
733  3856
733  1186
733  2819
734  3481
734  4327
735  3321
735  2099
735  1535
736  2017
736  1732
736  3333
736  4882
736  3257
737  2151
737  2856
737  1002
737  1132
737  1837
737  2706
737  1204
737  822
737  1364
737  1215
737  2341
738  1185
738  4963
738  1743
738  4115
738  2676
738  2805
738  4218
738  1309
739  2245
739  1350
739  4012
739  4122
739  855
739  4381
739  4447
740  4647
740  1706
740  2411
740  3810
740  1386
740  3902
741  2281
741  4901
741  1823
742  2810
742  1030
743  3713
743  3154
743  2182
744  3941
744  2451
744  2452
744  1309
744  2143
745  1608
745  3533
745  783
745  4051
746  4812
746  4141
746  4078
746  886
746  1943
746  890
746  3486
746  3103
747  2336
747  3523
747  3240
747  1915
747  4635
747  4605
748  3466
748  1583
749  2775
750  2487
750  4281
751  2747
751  1806
752  2465
752  1172
752  1294
753  3210
753  1297
753  2229
753  854
753  4283
753  2109
754  1858
754  2723
754  1924
754  3142
754  2057
754  874
754  1355
754  1684
754  2299
754  1962
755  1112
755  2438
756  2933
756  2815
758  1741
759  852
760  3681
760  804
760  2923
760  921
761  866
761  4423
761  3490
761  980
761  1528
763  4832
764  3544
765  1182
765  775
767  4580
767  3304
767  2957
767  2258
768  4690
768  4801
769  1644
769  4820
769  2904
769  4633
770  4962
770  3691
770  4222
771  888
771  1673
772  4111
773  1476
773  1575
773  1560
773  2328
773  3514
774  1264
774  2203
774  2221
775  2200
775  945
775  3088
776  2524
776  3375
777  4166
777  4623
777  3604
777  3999
778  4370
778  1284
778  1078
779  4547
779  2390
779  2049
780  2183
781  3168
781  2794
781  2096
781  1592
781  1147
782  1054
783  2721
783  2786
783  4068
783  839
783  1116
783  2586
784  2807
785  4792
785  3556
785  989
786  3364
786  1061
787  2965
788  4733
789  835
789  1092
789  3053
789  957
789  3619
789  3674
789  3260
789  2995
791  3364
791  2495
792  1056
792  846
792  1715
792  2612
792  3161
792  3705
792  1018
792  3551
794  1840
794  3045
794  841
794  2095
794  2224
794  1042
794  2004
796  1340
796  1237
796  2677
798  3458
798  1635
798  2298
798  1470
799  2674
800  4393
800  4131
800  2701
801  2155
801  862
801  4490
801  894
802  3488
802  4742
802  3660
802  4973
803  3596
803  1930
804  1402
804  2989
804  1166
805  1442
805  2947
805  2092
805  4731
806  4235
806  4550
806  3301
807  3332
807  3175
808  2470
808  2952
808  3882
808  2157
808  1565
808  1680
808  2899
808  1590
808  1530
808  3388
808  3773
808  3422
809  1914
809  1499
809  3886
811  1296
811  1044
811  1302
811  1048
812  4864
812  890
813  1158
813  2153
814  2000
814  3126
814  845
815  4385
815  4771
815  3718
815  1036
815  4360
815  1334
815  2271
816  928
816  2944
816  4418
816  2730
816  1482
816  1325
816  2926
816  911
816  1329
816  3444
816  1585
816  2742
816  2523
816  1948
816  2749
817  1876
818  3760
818  1561
818  1282
819  3591
819  3723
819  3125
819  2265
819  2522
819  885
820  2017
820  2371
820  3560
820  2446
820  4739
820  1978
822  3280
822  4826
823  3844
823  1898
823  2895
823  2398
823  2710
824  3083
824  3144
824  4675
824  3455
825  2141
826  4096
828  2953
828  3675
829  1198
829  1761
831  1757
832  4297
832  3311
832  3632
832  1751
833  1024
833  2807
834  1081
834  1874
834  4618
836  1986
836  867
837  1096
837  1479
837  2188
837  889
838  1248
838  1742
838  3123
838  2295
838  4063
839  4398
841  1090
841  2340
841  1483
841  2840
841  3899
841  2782
843  2144
843  4424
843  1377
844  2867
846  3886
849  1331
850  2945
850  2615
851  2689
851  4515
851  1701
851  1867
851  1519
851  3326
852  998
853  1928
853  2481
854  2831
855  3377
855  4691
855  4657
857  3811
857  2859
857  2156
857  2562
857  3246
857  4976
857  3477
857  1050
857  3004
857  922
859  1003
859  1517
859  944
859  1363
859  2490
860  3939
860  2894
860  4025
861  2037
861  4612
862  3949
862  2231
863  1950
864  4769
865  3188
866  3727
866  2104
866  1083
866  4159
867  2465
867  930
867  3432
867  4817
867  2715
867  3420
867  4542
868  3398
870  4803
871  1817
874  4391
874  1832
874  3153
874  1848
875  4002
876  1789
876  2566
876  2063
876  1650
876  2781
877  4921
877  1203
877  3558
878  3550
880  3522
880  1828
880  3301
880  1966
880  1074
880  4133
881  4208
881  1253
881  2589
883  2178
883  4286
883  1437
884  2115
884  1158
885  2073
886  1991
886  4552
886  4383
886  4682
886  2527
888  1930
888  1559
888  2860
888  2737
888  2067
888  1110
888  3767
888  1336
888  963
889  1784
890  1410
890  2389
891  1490
891  1842
891  1035
892  4410
893  2309
893  1136
893  1719
893  1052
894  3200
894  4932
895  3107
896  4224
896  4066
896  1028
896  3742
898  4555
898  1643
898  1620
898  2606
898  3356
898  1887
899  1324
899  3052
899  1839
899  1431
900  3749
900  2889
900  2860
900  3374
900  1365
900  1079
900  3636
901  923
901  2605
902  2881
902  3621
902  2761
902  3344
902  1394
902  3669
902  2007
902  1688
902  3673
902  4668
903  1166
905  969
906  3235
906  1341
907  2545
907  4426
908  2529
908  2659
908  3589
908  3243
908  2677
908  2935
909  4450
909  2005
910  2280
910  3843
911  1025
915  1628
915  1991
916  3931
916  1990
916  2616
916  4442
917  2896
917  2308
917  2089
917  1549
917  1933
917  4400
917  3273
917  4866
917  2655
917  4382
917  3263
918  1385
918  2295
918  4911
919  2152
919  2856
920  4332
920  1455
920  1884
920  2170
921  3009
921  2949
921  2439
921  2347
921  1969
921  3261
922  2445
923  4775
923  4106
923  2380
923  4400
923  2229
923  1660
924  4833
924  1682
926  3586
926  4809
926  3020
926  2228
926  4986
926  3773
928  3137
928  3234
928  2755
928  1829
928  4811
928  1228
928  3313
928  4803
928  3285
928  2038
928  1687
928  1307
928  2940
928  1055
930  3726
931  1220
931  4799
932  4195
933  2215
933  2282
933  4663
933  984
934  4771
934  2181
934  3206
934  4633
935  4894
936  2695
936  3722
936  4974
936  1009
936  3250
936  1692
937  1100
937  3832
938  1154
938  3470
938  1521
938  2262
938  2046
941  1400
941  2317
942  1851
942  4789
943  1028
943  1227
943  4283
943  1308
943  1086
944  3945
945  4022
946  4352
946  1210
946  2866
948  4688
948  1642
948  4956
949  2662
951  3417
951  2829
951  1766
953  1063
955  3228
957  1378
957  1868
958  4720
958  4011
958  1908
959  3533
959  2126
959  2582
959  1759
960  2103
960  4124
960  4879
961  3299
961  3052
961  3948
961  3345
961  2297
962  4933
962  2683
962  1213
962  1637
964  2828
964  1038
964  4399
964  1232
964  3634
964  3763
966  2189
967  4961
967  3043
967  2406
967  3462
968  1197
968  2842
968  1765
969  1958
969  2959
970  2080
971  1882
971  4738
972  2628
972  4330
972  4311
972  1979
974  1120
974  1179
975  2480
975  2109
975  3750
976  2945
976  2859
977  4925
977  1974
978  1314
980  2317
980  2463
981  1330
981  2290
982  1899
982  1190
983  1734
983  3952
983  1844
983  2458
983  2237
984  3072
985  1353
985  4682
985  1389
985  3184
985  1940
985  4886
985  4503
985  1049
986  4641
986  1475
986  3782
986  3661
986  3022
986  1379
986  2707
986  2781
986  1987
988  1168
988  3710
988  3059
989  2108
990  2800
990  2601
992  2489
992  2682
993  3677
994  2970
995  1089
995  3694
995  4101
996  4899
996  4863
997  3449
998  1481
999  2364
999  1148
999  1558
999  4089
999  4988
1000  1154
1000  3365
1000  4519
1000  3854
1000  1552
1000  1595
1002  2696
1002  2771
1002  2185
1003  2353
1003  1606
1004  3881
1004  3344
1004  3793
1004  3605
1004  2649
1005  1392
1005  1776
1005  3015
1006  3817
1006  2835
1006  3864
1006  2201
1006  4444
1007  3554
1007  1789
1007  1220
1007  2663
1007  4716
1007  1757
1007  2997
1007  3997
1008  4864
1008  3111
1008  3145
1008  4211
1008  3124
1008  2555
1008  3132
1009  1854
1011  2284
1011  1269
1013  4225
1013  4858
1013  4037
1016  3328
1016  1161
1016  1331
1016  4502
1016  1655
1016  1755
1016  3965
1017  3098
1018  2298
1018  2331
1018  4426
1019  2458
1019  1322
1019  1310
1020  3967
1021  4144
1021  2882
1021  4549
1023  1873
1023  4133
1024  4481
1024  2599
1025  2586
1025  3522
1025  3785
1026  4132
1027  3267
1027  2254
1027  1328
1027  3459
1027  2011
1028  2504
1028  1051
1028  2875
1029  1474
1029  1253
1029  4969
1029  4846
1029  2770
1029  3923
1029  3060
1029  2136
1029  1599
1029  1502
1029  3525
1030  3476
1030  1237
1030  2983
1032  1377
1032  1524
1032  3926
1033  2032
1033  1473
1035  3436
1036  3623
1037  1378
1037  4363
1038  1715
1040  2085
1040  3783
1040  2348
1040  1080
1040  1560
1040  1093
1042  3368
1042  1418
1042  4043
1042  4236
1042  3951
1042  1245
1045  2087
1046  3520
1046  2313
1046  1771
1046  1356
1046  2412
1046  1756
1047  1948
1047  3765
1047  1097
1048  4390
1048  1611
1048  1167
1048  4267
1049  4095
1051  1218
1051  3564
1052  1578
1052  1519
1053  1500
1054  1344
1054  1178
1054  1546
1055  2600
1055  4728
1055  4790
1056  1594
1059  1529
1059  2866
1059  3018
1060  1123
1060  4998
1060  4521
1060  2254
1060  1809
1060  1778
1060  1177
1063  1763
1063  1681
1063  1321
1063  2572
1063  4526
1063  2705
1063  1810
1063  1699
1063  3348
1063  3641
1063  2932
1063  4314
1063  4798
1064  2212
1065  1083
1065  3119
1065  1522
1065  4371
1065  1875
1066  1612
1066  4428
1066  3471
1066  4212
1067  1207
1067  1279
1068  1819
1068  2532
1068  2327
1069  1486
1069  2640
1069  2318
1069  3320
1070  1602
1070  3684
1071  2082
1071  1643
1071  1506
1071  1181
1071  2461
1072  3187
1072  3853
1075  3790
1076  3142
1076  3016
1076  4234
1076  2836
1076  4766
1077  1413
1077  2441
1077  2793
1077  2429
1079  3384
1079  1803
1079  1197
1080  2208
1080  3367
1081  4728
1081  1849
1082  1553
1083  2541
1083  2705
1083  3689
1083  2296
1083  3355
1085  1447
1085  4170
1085  1594
1085  4059
1087  1723
1087  2231
1088  3368
1088  1313
1089  3648
1090  1425
1093  2658
1093  3338
1093  1388
1093  1496
1094  4128
1094  4237
1095  1280
1095  1737
1095  1495
1095  1398
1095  2775
1097  1393
1098  2475
1098  3399
1099  1211
1100  2496
1100  1281
1100  1544
1100  2861
1100  1998
1100  4168
1100  4658
1100  4788
1100  2584
1101  1831
1102  2765
1104  4157
1104  1727
1105  1959
1105  4013
1105  2557
1105  4317
1107  1872
1108  4417
1108  1435
1109  3352
1109  4778
1110  4764
1110  2999
1111  4587
1111  3935
1114  4617
1115  3528
1115  4394
1115  3535
1116  1548
1116  3478
1116  4039
1117  2855
1117  4209
1117  2259
1117  3637
1117  1688
1117  4059
1118  3390
1119  1779
1120  3172
1120  4327
1120  4044
1120  4055
1120  2814
1122  1586
1123  4135
1123  1456
1123  3185
1123  2494
1124  1346
1126  2075
1126  4724
1126  4109
1127  2614
1127  3078
1131  1832
1131  3026
1131  3860
1131  3222
1132  2660
1132  4262
1132  1288
1132  1901
1132  3184
1132  1589
1132  1526
1132  3632
1132  3576
1132  1406
1134  3411
1135  2871
1136  3824
1136  2986
1137  3808
1137  1889
1137  2852
1137  3666
1137  4121
1137  3354
1137  3067
1138  2405
1138  4134
1138  3568
1138  3955
1138  3609
1139  2404
1139  2987
1139  3603
1139  2457
1139  3294
1140  4936
1142  1977
1142  1938
1143  4619
1143  1619
1143  3005
1143  3454
1143  2303
1145  2433
1145  1794
1145  1883
1145  1957
1145  1804
1145  4723
1145  1716
1145  2537
1145  1240
1145  3035
1145  2653
1146  2351
1146  3906
1146  4591
1147  2386
1148  1969
1149  3266
1149  4805
1149  2918
1150  2033
1150  4229
1153  1219
1153  4877
1153  4463
1154  2263
1155  4249
1156  3329
1156  2799
1157  3901
1157  1916
1157  3805
1157  3359
1158  2506
1158  2283
1158  1527
1158  1274
1159  3730
1160  1252
1163  4354
1164  1281
1164  1859
1164  3334
1164  2886
1164  3637
1164  3543
1165  4871
1167  3962
1167  4990
1168  2505
1168  3219
1168  2232
1168  4314
1168  1907
1170  4938
1170  3695
1170  1811
1170  4281
1171  4559
1174  1324
1174  3327
1176  1229
1177  2218
1177  1533
1177  1455
1178  2714
1178  1318
1178  3850
1179  1537
1179  3463
1179  4210
1179  2294
1180  3663
1181  3487
1182  1243
1182  3689
1183  4315
1185  2436
1185  2685
1185  2831
1186  2455
1187  2639
1191  2916
1192  1922
1192  2357
1192  3574
1193  1651
1193  4654
1193  1343
1194  1920
1194  3484
1195  4681
1196  1442
1197  2112
1198  1974
1201  4274
1202  1527
1203  2969
1205  3307
1205  1271
1205  4007
1206  1290
1206  3447
1206  1208
1206  4894
1207  3192
1207  2909
1207  2771
1208  3827
1209  2309
1209  3846
1209  4493
1209  2422
1210  1434
1210  1507
1211  3991
1212  3387
1212  4332
1212  2270
1215  1726
1215  3401
1216  3096
1217  2553
1218  2115
1218  4230
1219  4913
1220  1570
1220  2595
1220  4583
1220  3815
1220  3171
1220  2676
1220  2493
1220  3143
1220  4733
1222  4148
1223  2656
1224  2432
1224  4964
1225  2890
1226  2754
1229  2425
1229  3981
1229  4854
1231  2518
1232  3529
1233  3679
1235  1784
1235  2735
1235  4639
1236  2064
1236  2036
1236  2555
1236  2334
1237  4716
1237  1767
1238  1408
1238  4448
1238  2923
1238  4723
1239  4610
1239  2014
1241  3768
1241  1719
1242  2121
1242  2580
1242  4629
1242  1277
1243  2260
1243  4958
1244  1609
1244  1714
1245  3233
1245  1547
1245  2747
1247  2050
1247  3814
1247  2342
1247  4104
1247  1866
1247  3566
1247  2879
1250  1323
1250  3131
1253  2208
1255  1944
1255  1556
1255  2985
1256  3074
1256  1709
1256  4018
1256  3164
1257  1339
1258  2888
1258  1683
1259  1451
1259  2902
1259  2111
1260  2233
1262  2929
1262  3258
1262  4366
1263  3496
1263  3571
1263  4949
1263  1559
1264  4931
1264  3375
1264  4533
1264  2967
1264  4957
1265  3077
1265  4980
1265  3065
1265  2398
1266  1395
1267  2888
1267  3081
1267  2066
1267  1878
1267  2391
1267  3864
1268  2019
1268  4228
1268  4197
1268  2128
1268  2267
1268  3101
1269  3011
1269  4005
1269  4938
1269  4850
1269  1467
1269  2876
1271  4645
1271  4295
1271  2929
1271  1746
1271  4152
1271  3771
1271  2463
1272  2530
1272  3252
1272  1774
1273  2990
1274  1321
1274  1359
1274  1385
1274  1917
1276  3492
1276  3980
1276  4461
1277  3265
1277  2470
1277  1551
1278  1825
1278  1691
1278  3201
1279  3439
1281  1702
1281  2673
1282  2792
1282  3427
1283  2497
1283  1698
1283  1409
1283  4270
1283  2578
1284  1844
1284  1626
1284  2261
1285  3064
1285  1626
1286  2768
1288  2157
1289  3688
1289  3019
1289  1453
1289  4215
1289  4860
1290  2376
1291  2299
1292  1829
1292  1512
1292  3279
1292  3187
1292  3743
1293  2755
1293  3748
1293  1820
1295  1849
1296  4439
1297  2138
1297  3133
1297  4853
1298  1665
1298  1925
1298  3206
1298  1799
1298  4113
1298  1338
1298  3163
1299  1935
1300  4204
1301  3878
1301  4671
1302  3896
1302  4680
1302  4875
1303  1953
1303  2564
1304  2688
1304  1990
1304  1906
1304  2010
1305  4050
1305  2238
1305  2903
1306  1977
1307  3995
1307  1382
1309  2214
1310  2116
1310  2623
1311  2106
1311  3438
1312  4562
1312  4939
1313  4729
1314  2083
1314  3495
1314  2035
1314  4126
1316  1328
1317  1642
1318  3555
1318  2308
1318  2857
1318  4548
1319  3731
1319  4653
1319  3207
1320  2093
1322  1960
1322  2892
1323  3922
1323  2447
1324  3956
1324  3964
1325  2884
1325  3813
1325  4424
1325  2288
1325  2163
1325  1942
1325  2948
1326  4754
1328  2180
1328  1591
1329  1798
1331  3919
1332  1711
1333  3649
1333  4908
1333  2707
1333  1623
1333  2138
1334  1910
1335  1575
1336  2427
1336  2005
1338  3719
1339  4035
1339  4764
1339  1370
1340  1984
1340  1794
1340  2319
1340  2039
1340  2234
1343  2577
1344  2246
1346  1994
1346  4827
1346  4900
1347  2135
1348  2025
1348  2188
1348  1966
1348  1554
1349  2521
1350  1487
1350  2379
1350  2461
1352  1579
1352  4611
1352  1417
1352  2057
1353  3424
1353  1452
1353  4629
1353  1462
1353  2269
1353  2047
1354  3570
1354  2939
1355  4746
1356  1927
1356  3178
1356  4495
1356  3594
1357  2016
1358  1376
1358  4099
1358  4710
1358  3369
1358  2375
1359  2158
1360  1965
1361  3419
1361  3716
1361  4351
1362  2235
1362  2371
1362  3127
1363  3392
1363  2370
1363  1447
1363  3944
1363  2323
1363  1946
1363  2045
1363  3743
1364  1538
1364  1680
1364  4556
1365  3816
1365  2090
1365  2316
1365  4048
1367  1622
1368  1740
1368  2591
1370  4997
1370  1478
1370  2031
1370  3132
1370  3933
1371  1742
1372  2914
1373  3264
1373  3648
1373  4839
1373  2440
1373  2861
1373  3567
1373  3002
1373  4085
1378  2125
1378  2641
1378  1783
1378  2585
1378  1599
1379  3588
1379  2384
1379  2424
1379  4670
1380  2332
1380  2075
1380  4156
1381  4383
1382  4647
1382  2984
1382  3658
1382  3847
1382  2481
1382  4981
1384  2009
1385  1797
1386  1565
1386  3710
1388  2076
1389  2052
1389  2637
1389  3021
1389  1905
1389  3542
1389  2620
1390  2788
1391  3857
1391  3418
1391  4852
1392  3905
1392  2722
1392  2086
1392  2118
1392  1498
1392  2751
1393  4772
1393  4113
1393  3057
1393  1813
1394  1485
1395  4105
1396  4967
1396  1613
1396  2094
1396  2834
1397  1502
1398  2248
1398  3552
1399  3082
1400  2113
1400  2565
1400  4998
1400  3623
1400  3627
1400  4468
1400  3002
1400  3868
1400  3717
1401  2305
1401  3692
1401  2997
1401  2031
1402  4365
1402  2565
1402  3749
1404  2552
1404  2540
1404  1613
1405  4614
1405  1767
1409  4840
1409  2193
1409  2697
1411  2050
1411  4069
1411  1515
1411  1744
1411  4473
1411  4957
1412  2365
1412  2325
1413  1569
1413  2996
1413  2783
1414  4777
1414  1765
1417  2035
1418  1698
1418  4867
1418  1422
1418  2877
1419  1509
1420  1833
1420  2571
1420  4275
1420  1722
1421  2661
1423  2501
1423  3494
1423  1543
1423  3084
1424  2306
1424  3172
1424  1555
1424  1653
1424  4566
1425  4421
1426  4453
1426  1718
1427  3470
1428  2603
1428  2261
1431  2432
1431  2147
1431  1543
1431  2155
1433  1465
1433  3315
1433  4372
1434  2210
1434  4241
1434  2741
1434  4858
1435  2549
1436  4415
1437  2525
1439  4274
1439  4859
1439  4546
1440  4430
1440  3893
1440  2526
1440  3925
1441  2113
1441  4645
1442  4737
1442  1831
1442  3130
1442  3515
1442  3165
1443  4146
1443  4940
1446  2953
1447  3696
1448  3408
1448  3220
1448  4236
1449  2881
1450  2373
1452  1850
1454  2469
1454  3213
1454  2445
1454  4975
1454  4926
1455  3814
1455  1811
1455  4954
1455  3582
1456  3472
1456  1945
1456  1526
1457  3013
1458  1569
1460  4032
1460  1860
1460  1835
1460  3090
1460  2551
1460  3579
1461  3416
1461  2849
1462  1717
1462  1753
1463  1629
1464  1481
1464  1747
1464  2574
1465  3330
1466  2560
1468  4698
1469  2026
1469  2083
1470  3113
1470  3575
1471  3245
1472  1632
1472  4337
1473  1555
1474  2318
1475  2141
1476  1971
1477  2962
1477  4348
1477  3495
1478  3990
1480  4905
1480  1572
1482  2056
1482  4484
1484  3627
1484  3564
1484  4814
1484  3571
1484  2579
1485  1505
1485  3654
1485  3713
1485  2605
1485  3190
1485  4762
1486  1657
1486  3468
1487  4761
1488  2818
1488  4306
1489  1512
1489  2084
1491  2072
1491  3058
1492  2917
1492  2312
1492  4972
1492  4814
1492  3091
1492  2421
1493  3835
1493  1997
1494  1508
1494  2230
1495  3268
1497  2450
1497  2620
1498  1985
1498  1567
1501  2627
1501  3693
1504  3437
1504  3921
1504  2300
1504  1854
1505  4713
1505  3714
1505  1652
1507  3975
1509  1872
1510  3557
1511  3146
1511  2225
1511  3255
1511  2748
1513  3595
1514  2623
1515  2870
1517  2021
1517  2149
1518  3270
1518  2543
1519  4650
1519  4499
1521  1617
1521  3393
1521  3975
1523  2345
1525  1860
1525  2642
1525  4692
1526  1845
1531  4560
1531  2013
1531  1833
1532  4874
1532  3615
1533  2782
1534  2356
1535  3888
1535  2190
1535  3478
1536  4578
1538  1739
1538  4515
1538  2647
1539  2939
1539  2350
1540  3457
1540  2513
1540  3114
1540  2507
1540  1585
1543  4384
1544  2980
1544  2215
1544  3930
1544  4189
1545  2727
1546  3604
1546  1807
1547  2401
1547  1896
1547  2477
1547  1823
1548  2164
1548  2245
1549  2233
1549  4323
1550  2593
1550  4355
1550  1980
1550  4396
1550  4307
1551  2112
1551  4608
1551  3163
1551  2300
1552  2363
1552  2015
1553  2977
1553  3556
1554  3394
1554  3396
1555  1806
1556  4241
1556  4982
1558  2500
1558  2213
1558  3094
1559  2880
1559  3056
1559  2490
1559  2395
1561  2009
1561  2762
1562  1774
1563  2110
1567  2595
1567  2038
1567  1783
1572  2139
1574  3349
1575  2440
1577  4456
1578  3037
1581  4656
1583  3833
1583  1949
1583  1975
1584  1891
1584  4892
1586  4307
1587  2720
1587  1902
1588  2848
1588  1750
1590  4315
1593  3315
1593  1900
1593  3487
1595  1654
1596  3457
1596  2787
1596  4293
1596  3732
1596  4022
1596  3891
1596  4316
1596  4148
1598  4513
1598  1705
1598  2250
1598  2235
1600  1988
1600  2151
1600  2387
1600  4693
1600  2329
1600  4219
1601  3618
1601  2513
1602  1700
1602  1961
1602  1708
1602  1721
1607  4808
1609  2287
1609  4207
1610  3538
1610  3069
1610  4158
1611  4108
1612  2320
1613  2568
1615  2912
1615  2105
1615  3925
1616  2898
1616  4058
1618  2355
1618  3241
1619  3391
1620  4609
1620  4456
1620  2124
1620  3734
1622  2272
1622  2337
1623  4266
1626  2346
1626  1951
1628  3905
1628  4388
1628  2279
1628  4701
1631  2563
1631  3756
1631  3558
1632  2767
1632  2931
1632  2425
1632  3727
1633  3723
1633  4125
1634  1995
1634  2927
1636  4320
1636  3138
1636  2532
1636  1958
1636  2251
1636  3619
1636  4889
1636  2979
1637  1968
1639  1761
1640  1724
1640  3318
1641  2216
1641  4041
1641  2739
1642  1650
1646  2865
1646  2868
1647  2637
1648  4924
1652  1666
1653  3141
1655  3256
1657  3563
1658  3963
1660  3050
1660  3578
1660  1738
1660  2911
1661  2202
1662  1972
1666  4266
1666  4363
1667  2942
1669  3299
1671  4845
1671  2943
1672  1873
1672  1999
1673  1724
1674  3527
1674  2380
1674  4077
1674  1752
1678  4062
1679  1821
1680  2872
1681  3867
1682  1727
1682  3645
1682  3501
1684  2449
1684  1911
1684  3513
1685  3350
1685  4435
1685  3547
1686  3921
1686  2634
1686  1694
1688  3425
1688  3791
1689  3807
1691  3631
1692  3008
1692  3983
1695  4259
1695  2047
1696  2999
1698  1976
1698  2070
1699  4470
1699  3241
1700  4632
1700  4217
1701  4129
1701  3986
1701  3860
1702  4282
1703  1736
1703  1739
1703  2692
1704  2958
1707  4258
1708  2022
1709  1978
1709  4587
1710  4986
1711  2306
1714  3268
1714  2759
1715  4247
1715  3447
1715  4408
1715  2015
1716  4921
1717  4562
1718  1934
1718  4255
1719  2699
1719  3598
1720  1983
1721  4010
1721  3774
1724  2294
1726  2168
1726  3596
1727  3324
1727  1967
1730  2073
1732  3240
1732  2314
1732  3122
1732  2258
1732  3050
1733  2196
1733  3789
1734  4136
1734  3811
1735  2746
1736  4800
1736  4669
1738  2240
1738  3160
1739  2241
1739  3430
1739  4139
1739  1910
1740  4891
1745  4544
1745  2943
1747  1861
1751  4112
1751  4162
1752  3664
1752  4033
1754  3051
1756  2342
1758  4427
1760  2191
1761  3378
1763  4834
1763  4110
1763  3313
1763  2166
1764  3620
1764  1773
1765  4816
1765  2036
1766  4458
1768  4523
1769  2795
1771  4674
1771  1865
1771  2480
1771  3609
1772  2631
1773  4298
1773  2975
1774  1891
1774  2563
1776  2727
1777  1955
1778  2434
1779  4036
1779  2638
1779  2998
1780  1921
1780  1838
1780  4560
1781  2468
1786  4571
1789  4779
1789  2622
1791  2098
1791  2671
1792  3766
1793  4369
1793  4984
1794  2908
1794  3421
1799  4075
1799  2286
1800  3978
1800  3341
1801  2682
1801  2187
1803  2284
1806  4045
1807  1879
1809  2912
1809  2145
1809  3109
1809  4742
1809  1834
1809  1937
1809  3701
1809  2974
1810  4828
1810  4393
1811  2611
1814  4368
1814  2365
1815  3428
1818  1856
1818  4993
1818  3875
1818  3800
1818  4699
1819  2928
1819  3562
1819  2333
1822  2393
1822  2475
1823  3880
1823  4788
1823  3853
1824  2893
1826  2455
1827  2925
1827  4254
1828  2536
1828  3024
1828  3254
1829  3988
1829  2763
1829  2772
1831  1870
1832  3208
1832  4822
1832  4878
1833  3995
1833  3437
1834  2008
1836  4032
1836  4592
1836  4278
1837  4907
1837  4808
1837  3453
1840  4132
1840  2374
1840  2728
1840  3434
1841  2148
1841  3121
1841  4691
1841  1877
1841  2454
1842  1992
1845  1936
1845  3204
1845  3277
1846  2993
1846  4595
1846  2328
1846  2045
1848  4154
1849  4171
1851  4782
1852  4288
1852  3201
1852  1895
1852  3182
1852  4047
1852  4347
1854  3115
1855  2488
1855  3251
1855  3271
1856  3764
1857  2142
1858  2209
1858  3525
1859  3915
1863  4434
1863  4369
1864  3563
1864  2984
1864  4819
1864  4214
1864  1883
1868  3170
1869  3001
1869  2578
1870  4610
1871  4689
1871  4977
1872  4116
1873  3297
1876  3555
1877  2552
1878  4712
1878  2443
1878  4519
1879  3575
1880  3169
1880  2827
1881  4600
1881  1954
1881  4863
1883  4343
1883  3518
1883  3735
1883  4088
1883  4761
1883  2042
1883  2078
1884  3082
1884  3797
1884  3663
1885  3198
1885  2919
1887  4064
1887  2569
1887  4475
1887  2655
1889  3499
1890  2024
1890  3509
1890  3079
1896  2536
1896  4794
1896  3845
1900  2400
1900  3004
1900  4391
1901  3712
1902  3836
1903  2921
1904  1996
1904  2013
1905  4838
1906  4564
1913  4856
1913  3355
1914  2242
1914  2198
1914  2385
1918  2210
1918  2116
1920  2609
1923  4581
1923  4785
1924  4608
1924  2460
1927  3331
1928  3562
1930  4748
1930  2029
1931  2979
1931  4318
1931  3849
1933  2841
1933  4817
1934  4893
1935  2044
1935  2969
1936  2899
1940  1994
1940  3654
1941  2657
1941  4876
1942  4489
1942  4070
1943  4192
1944  4584
1945  4479
1948  2026
1948  2220
1948  3021
1948  2670
1948  2068
1948  3662
1949  3795
1949  3166
1950  4186
1952  4715
1952  2703
1953  4604
1953  3746
1953  2607
1954  4061
1954  3479
1956  4508
1958  2145
1961  4042
1961  4563
1962  3209
1963  4238
1965  2095
1968  4158
1968  4141
1969  3044
1969  2046
1970  2276
1973  2343
1973  4735
1974  2459
1974  2077
1976  3091
1977  4534
1977  2958
1977  3448
1977  4605
1977  2462
1978  4198
1979  4506
1981  4372
1981  4693
1982  3554
1984  2060
1986  2567
1987  4904
1987  3443
1987  4339
1990  2033
1990  2243
1991  4421
1991  4574
1992  3950
1993  3686
1993  2648
1993  4463
1993  2460
1997  3617
1997  3214
1998  2874
1999  4194
1999  2737
1999  3179
1999  3217
1999  2354
1999  2259
1999  2452
1999  3221
1999  4118
1999  3380
2000  2376
2000  2873
2001  4228
2002  4434
2002  2355
2002  4983
2004  4942
2006  2368
2008  2810
2008  4019
2009  2131
2009  3134
2011  2581
2012  2417
2012  4701
2014  3073
2014  4999
2014  2760
2014  3376
2014  2515
2015  2952
2015  4736
2016  4634
2017  2413
2018  3389
2019  4571
2019  3542
2019  4975
2023  3298
2023  4139
2023  2935
2024  2961
2024  4961
2025  2125
2027  2435
2027  2479
2028  3321
2028  4815
2029  4256
2029  2819
2029  3655
2029  4051
2029  4404
2033  2672
2034  4344
2034  2494
2035  2324
2035  2311
2038  3345
2038  2602
2038  4123
2039  2103
2039  4345
2039  4023
2041  3264
2041  3889
2041  3869
2042  4282
2042  4551
2043  3969
2045  2378
2045  2332
2046  2228
2046  2244
2047  3411
2048  4994
2048  3207
2050  3407
2052  2675
2052  4364
2052  2535
2053  2508
2053  4710
2055  3993
2055  2930
2056  4449
2057  4177
2057  4995
2058  2148
2059  4643
2059  3174
2060  3747
2060  2901
2061  3105
2062  4159
2064  4831
2065  3325
2067  2703
2068  4182
2071  2252
2071  2444
2071  3316
2071  2517
2071  2940
2072  4352
2072  3054
2073  4679
2075  3585
2075  3098
2076  2779
2078  2496
2078  3880
2078  2314
2078  3436
2080  4402
2080  2734
2082  3600
2082  2934
2083  2382
2086  4238
2087  2159
2088  2809
2089  3269
2090  2316
2090  2511
2091  3733
2091  3606
2092  3915
2092  4860
2092  3599
2095  2993
2097  2127
2098  4024
2099  2554
2099  3642
2101  2573
2104  4800
2104  4388
2104  3592
2104  2230
2105  3416
2107  3865
2108  4163
2108  3844
2108  4358
2108  2118
2108  4076
2108  3089
2108  2713
2108  3135
2110  3706
2112  3493
2112  3358
2115  3317
2117  2172
2117  2869
2118  3049
2120  4014
2122  2442
2123  3025
2123  2938
2123  2214
2127  3704
2127  3985
2128  4271
2129  3287
2130  3040
2130  4171
2130  2961
2130  4978
2130  4472
2130  3066
2132  4244
2133  3937
2134  2891
2134  2668
2134  3085
2134  4569
2135  3636
2135  3972
2135  4743
2136  4340
2137  4963
2137  3486
2139  2392
2139  3080
2139  4630
2142  2498
2143  3199
2144  4212
2145  4291
2146  2858
2147  2464
2147  3843
2147  4646
2147  4747
2147  4942
2147  2804
2147  3103
2150  4718
2151  3263
2151  3614
2151  3903
2152  3499
2152  4054
2153  2394
2153  3932
2153  2181
2155  4704
2155  2337
2155  3573
2155  3449
2158  4773
2158  2920
2158  2700
2158  3414
2158  3068
2159  3504
2159  2361
2161  2408
2161  2186
2161  2256
2161  3582
2162  3877
2164  2804
2164  4849
2168  3422
2169  3780
2169  4310
2170  2211
2170  3485
2171  3285
2176  3983
2177  2651
2181  3970
2182  2213
2182  2662
2183  4569
2184  4031
2187  3031
2188  4763
2192  4230
2194  3165
2194  4189
2195  3248
2195  3960
2200  2733
2201  4619
2201  3870
2202  2693
2203  2928
2207  4498
2207  3203
2208  3063
2208  4822
2208  4855
2209  2883
2210  3577
2210  2869
2212  2601
2214  3842
2214  3366
2214  4255
2215  3233
2215  2599
2215  3657
2215  2315
2215  4145
2215  3191
2215  2266
2218  4257
2218  3317
2218  3415
2218  3837
2219  2584
2219  3500
2219  4534
2228  2474
2229  2681
2231  4910
2231  2847
2233  3212
2233  4225
2236  2558
2237  3646
2238  4417
2238  3684
2238  2769
2238  3635
2238  4251
2240  2645
2240  2661
2240  3583
2244  3750
2246  2417
2246  3151
2251  3120
2251  3612
2253  4432
2253  3602
2253  2619
2253  3932
2256  4296
2256  4457
2257  3046
2257  2702
2257  3023
2257  4243
2261  3482
2262  4326
2264  2366
2265  2647
2269  2864
2269  2402
2270  3802
2273  2313
2273  2854
2274  3569
2275  4832
2275  3218
2276  4644
2276  2310
2276  4297
2276  4061
2278  3176
2279  4945
2279  4843
2285  3647
2287  3322
2287  2711
2287  4377
2288  4493
2289  2388
2290  4708
2290  2544
2290  3831
2290  2618
2291  3784
2293  2361
2293  2981
2293  4738
2295  3238
2296  2540
2296  4030
2297  3427
2297  4071
2297  2964
2297  3548
2297  3071
2298  2597
2299  3336
2299  2971
2301  4086
2304  3763
2304  4780
2304  4686
2305  4249
2305  3035
2307  4366
2308  3875
2310  4561
2312  2643
2315  3275
2315  2583
2317  3278
2317  3959
2318  2408
2318  2627
2318  2863
2321  4530
2325  3413
2326  2592
2326  3259
2326  3758
2327  4995
2327  2404
2327  4558
2329  2596
2329  4302
2330  3753
2333  4258
2333  3259
2334  3796
2335  3393
2337  4091
2339  4517
2340  2942
2341  4965
2342  3127
2344  4935
2346  3031
2346  2687
2347  4149
2350  3214
2351  2824
2351  3178
2351  3699
2351  3001
2353  3560
2353  3858
2353  4503
2355  3159
2356  4073
2361  4409
2361  2556
2361  3463
2365  3007
2366  3227
2368  4058
2368  3826
2368  3838
2369  3849
2370  3414
2371  2857
2371  4140
2372  2538
2372  3383
2374  3569
2376  4816
2377  2962
2377  2421
2377  2750
2377  4767
2381  4234
2381  4813
2381  4474
2381  4671
2382  3386
2382  3530
2386  4579
2387  3177
2387  3547
2387  4062
2396  2995
2396  3870
2396  3289
2397  3156
2398  4681
2399  3038
2400  4585
2401  2992
2401  2539
2401  4455
2402  3754
2402  4181
2406  3993
2406  3621
2408  3043
2410  4027
2410  4906
2412  4544
2412  3196
2412  3785
2414  3225
2414  2629
2414  3198
2415  4966
2416  4522
2419  3700
2419  3055
2420  4805
2421  4627
2421  3012
2422  3534
2423  2652
2424  4475
2425  2633
2425  2882
2425  3149
2426  3796
2428  4552
2428  3902
2430  4025
2433  4021
2434  4616
2434  2951
2437  4288
2437  4687
2437  4976
2437  3510
2439  4191
2440  3958
2441  2761
2442  4362
2443  4635
2444  4533
2444  3877
2445  4123
2445  4187
2451  2486
2451  2695
2452  3281
2453  2483
2453  3453
2454  4979
2454  2750
2455  3536
2455  4732
2455  2838
2457  3977
2457  3357
2457  3887
2458  4177
2458  2547
2460  3630
2461  4545
2462  4267
2465  3181
2466  4909
2467  4180
2469  4683
2470  2546
2475  4494
2476  2978
2477  2701
2479  4386
2479  4074
2479  4531
2479  2613
2479  3711
2481  4649
2483  3682
2488  4411
2488  3325
2491  4395
2491  4909
2491  4270
2491  4977
2493  2885
2493  4787
2493  4413
2493  4575
2494  3032
2494  3230
2495  4437
2496  3769
2497  4301
2498  2632
2498  4597
2499  3633
2500  2732
2501  4601
2502  2712
2502  4076
2502  4447
2503  4429
2504  3452
2504  4486
2505  3309
2507  2848
2507  3757
2507  4502
2509  2612
2509  2766
2511  4222
2511  3725
2513  4669
2513  3751
2514  3781
2514  4063
2515  3512
2515  4347
2517  4638
2519  3744
2519  3348
2520  3197
2521  4719
2522  3297
2523  2946
2524  3460
2525  4892
2528  3157
2529  2816
2530  2798
2531  2865
2531  4015
2534  2566
2534  4134
2535  3483
2538  4991
2541  4890
2542  3882
2543  2752
2543  2786
2544  4375
2545  3859
2547  3308
2547  2839
2548  3777
2548  4001
2550  2974
2550  4830
2552  4651
2553  4412
2554  3070
2555  4050
2556  4287
2557  2968
2557  2889
2559  2743
2560  4841
2561  2759
2562  4044
2571  3376
2571  4233
2571  4685
2572  3531
2572  3948
2572  4469
2574  4730
2576  4809
2577  3059
2577  2815
2580  4341
2582  2941
2583  3253
2583  3645
2587  4240
2587  3337
2590  3938
2598  3474
2599  3874
2600  4037
2600  4294
2603  4476
2603  4516
2604  3528
2604  3467
2604  3213
2604  2897
2604  4082
2604  4373
2604  4471
2604  4946
2605  3346
2607  2801
2608  4820
2609  3580
2611  3269
2612  4915
2613  3266
2615  2688
2615  3909
2616  4630
2618  4845
2619  3126
2621  2654
2623  4174
2625  3738
2626  4648
2626  4397
2627  3342
2628  3683
2630  3600
2630  3955
2631  3226
2631  2900
2631  4674
2632  3116
2632  2740
2632  2713
2632  2748
2633  3237
2633  3687
2633  3667
2633  4797
2634  4117
2636  4392
2638  4726
2639  2904
2639  3034
2640  3212
2640  2684
2645  4107
2654  3618
2655  3682
2655  2789
2655  4589
2656  3549
2657  2937
2657  2972
2661  2679
2664  3517
2667  3150
2668  2862
2673  4336
2673  3473
2675  3332
2675  3372
2675  3985
2675  4564
2675  4118
2677  2893
2677  3825
2680  4106
2680  3046
2681  3070
2689  4200
2690  4922
2690  3093
2694  3751
2695  2805
2696  3396
2697  3228
2697  3572
2697  4559
2698  3250
2699  4689
2699  4442
2699  3894
2703  4927
2705  3056
2706  4437
2708  2976
2708  3122
2708  4626
2709  3371
2709  4478
2709  4697
2712  3291
2714  4394
2714  4535
2718  3370
2718  3974
2718  4662
2719  4637
2720  3306
2720  4850
2721  4290
2721  2820
2723  4143
2724  3851
2727  2742
2727  4127
2732  4775
2734  2991
2735  3667
2740  3935
2743  3261
2745  4770
2748  3467
2750  4416
2752  4565
2752  3462
2753  4617
2758  2994
2764  4016
2764  3466
2764  4582
2765  3448
2767  4953
2769  3183
2771  4879
2772  3026
2772  3766
2774  4020
2776  3733
2776  3318
2780  3570
2781  3377
2782  3726
2787  4446
2790  3216
2790  4897
2795  4206
2795  3191
2796  3913
2797  4224
2797  3670
2797  4766
2798  4528
2798  4223
2800  4040
2804  3049
2805  3281
2805  4441
2807  2843
2808  3553
2809  4357
2809  3018
2809  4157
2809  3690
2810  4612
2814  3180
2814  3319
2815  4186
2815  4659
2815  4119
2818  4065
2818  3746
2819  3468
2820  4206
2823  3033
2823  3252
2823  3989
2824  3092
2827  3454
2830  3129
2831  4707
2833  3786
2833  4872
2833  4242
2833  3251
2834  4152
2834  3971
2836  4782
2837  3779
2844  4925
2845  4008
2848  3277
2849  3536
2852  4030
2853  4219
2854  4053
2854  3371
2854  3841
2857  3242
2858  3319
2859  3700
2860  3288
2860  3451
2861  4756
2863  3057
2864  4706
2866  3038
2866  4959
2873  2951
2874  4205
2875  4010
2875  4810
2880  4556
2883  3858
2883  3295
2885  3006
2892  3312
2892  4778
2893  4304
2894  4216
2895  2921
2904  4385
2904  3455
2906  4953
2907  3099
2908  4102
2909  4888
2911  3659
2912  3731
2912  3837
2916  4248
2916  3885
2917  2924
2934  3477
2936  4387
2937  4821
2938  3779
2939  4377
2940  4344
2940  4277
2941  4920
2943  3338
2943  3409
2949  4990
2950  3776
2954  4028
2954  4276
2955  4941
2957  4301
2958  3359
2960  3221
2961  3635
2961  4543
2963  4199
2964  3476
2966  4346
2966  4819
2973  4287
2975  3668
2977  4243
2978  3503
2991  4221
2993  3474
2999  3081
2999  4293
3002  4735
3004  3403
3005  4721
3005  4492
3006  3385
3006  4049
3010  3041
3010  4161
3011  4130
3013  4527
3015  4495
3019  3406
3025  4316
3028  4603
3034  3429
3034  3125
3035  4928
3035  3740
3036  3608
3036  4650
3036  3904
3041  3702
3043  3112
3043  4705
3045  3703
3048  4261
3050  3678
3052  3799
3055  3069
3056  3444
3058  3202
3061  4946
3061  4446
3061  4399
3065  3852
3071  3526
3072  3670
3073  3347
3077  3183
3083  4607
3084  3224
3085  3840
3086  3954
3088  4907
3089  3736
3089  4570
3090  4725
3093  3360
3093  4951
3094  3480
3094  4777
3095  4250
3095  4878
3100  3334
3101  3256
3106  4618
3106  3774
3107  4080
3107  4590
3111  4484
3112  3513
3113  3593
3120  4335
3124  3792
3124  4665
3125  4792
3125  4153
3131  3963
3132  4408
3135  3445
3136  4523
3136  3852
3138  4360
3138  4413
3139  4541
3139  4097
3140  3215
3140  3879
3141  4826
3144  4193
3144  3362
3144  4386
3144  4784
3145  3354
3146  3809
3147  4597
3153  4378
3156  4340
3159  3330
3163  3793
3167  3745
3167  3229
3171  3820
3172  4838
3174  3652
3174  4591
3175  4979
3176  3798
3178  4740
3180  4970
3180  4662
3180  3815
3181  4420
3184  4006
3185  4137
3186  3640
3187  3381
3191  3869
3192  3994
3195  4577
3198  4038
3200  3410
3201  3923
3205  4198
3207  3876
3209  4175
3214  3242
3218  3303
3220  4094
3235  3366
3236  3237
3238  3608
3239  3927
3240  3272
3251  4164
3251  4870
3253  4614
3254  4687
3255  4602
3257  3949
3258  4540
3261  4678
3263  3610
3263  3866
3265  3753
3273  4191
3274  3806
3276  3340
3278  3586
3278  4371
3278  4901
3279  4545
3284  4532
3284  3827
3286  3628
3296  4711
3298  3696
3298  4994
3298  3999
3299  4448
3299  4201
3300  4060
3304  4235
3306  3653
3310  4239
3314  4579
3319  3762
3319  4487
3324  3327
3325  4459
3325  3639
3326  3420
3327  4086
3338  3625
3339  4915
3342  4034
3346  4576
3350  4631
3355  3822
3357  4261
3359  4167
3363  3439
3368  3624
3368  4008
3376  3523
3380  3647
3381  3883
3383  3987
3383  4887
3386  3813
3386  3644
3386  4167
3389  4462
3389  3423
3390  3688
3390  3465
3391  4664
3391  4526
3400  3821
3401  3777
3403  4865
3404  4208
3407  3871
3408  4987
3408  4869
3412  4253
3417  4229
3419  3834
3419  4997
3422  3443
3422  4905
3425  4641
3427  3836
3427  4013
3428  4596
3429  3431
3438  4009
3439  3881
3445  3529
3445  4973
3449  3728
3450  3938
3463  4474
3463  3839
3468  3695
3468  4153
3468  4103
3469  4992
3469  4250
3478  4810
3478  3629
3479  3616
3481  3835
3481  3818
3481  4884
3481  4763
3481  3516
3482  3920
3482  4795
3483  3897
3483  4509
3486  3550
3491  4251
3495  3851
3496  4164
3498  3679
3501  4585
3504  4172
3504  4518
3506  4550
3517  3651
3521  3820
3521  3705
3522  4242
3522  4184
3522  3958
3523  4912
3523  4220
3524  4039
3526  4066
3533  4247
3539  4917
3540  4334
3549  4280
3550  3678
3552  3863
3558  3924
3562  3953
3566  4101
3566  3927
3585  3776
3585  4465
3588  4582
3594  4941
3600  4264
3600  3828
3600  4004
3601  4467
3604  4379
3606  4248
3608  4855
3611  4712
3612  3771
3619  4883
3622  4095
3629  4872
3630  4353
3630  3845
3633  4861
3643  4537
3643  4954
3643  3859
3645  4405
3654  3867
3654  4395
3658  4081
3661  4823
3662  3968
3672  4438
3675  3697
3677  4512
3677  4438
3677  4265
3679  4373
3684  4390
3685  4529
3687  3775
3691  3707
3691  4724
3692  4091
3702  4844
3702  3966
3703  4497
3708  4707
3708  3943
3708  4028
3708  4702
3711  3802
3711  4029
3712  3761
3715  3823
3717  4584
3717  4085
3719  4702
3721  4527
3722  4722
3725  4179
3726  4471
3727  4985
3728  3961
3740  3981
3741  4122
3743  4285
3747  3998
3752  4405
3754  3926
3759  4807
3765  3809
3766  4812
3767  4755
3769  4525
3772  4896
3773  4982
3781  4688
3781  4715
3783  4895
3784  4142
3785  4070
3798  4956
3798  4406
3800  4708
3811  4190
3812  3818
3822  4079
3826  4146
3836  4600
3836  4908
3836  4877
3852  4613
3852  4767
3873  4306
3880  4199
3881  4319
3883  4126
3886  4740
3886  4317
3886  4367
3888  4824
3894  4968
3901  4684
3901  4865
3903  4313
3904  4769
3905  4835
3909  4055
3915  4052
3919  4303
3923  4210
3927  4601
3931  4046
3932  4988
3933  4435
3934  4215
3941  4793
3942  4955
3947  4851
3951  4176
3951  4513
3953  4253
3955  4672
3960  4586
3961  4611
3962  4300
3963  4116
3963  4221
3963  4606
3967  4703
3972  4504
3977  4714
3977  4596
3979  4889
3984  4496
4011  4285
4017  4109
4027  4606
4030  4667
4032  4851
4034  4338
4036  4272
4038  4376
4039  4295
4040  4695
4042  4643
4042  4341
4048  4130
4052  4825
4072  4657
4073  4231
4078  4936
4081  4312
4081  4185
4081  4466
4089  4806
4090  4355
4091  4268
4091  4489
4093  4096
4093  4100
4101  4488
4102  4636
4103  4440
4106  4756
4117  4120
4120  4160
4120  4828
4129  4842
4130  4672
4130  4893
4133  4183
4141  4765
4145  4987
4145  4458
4146  4389
4154  4252
4155  4706
4157  4623
4159  4349
4164  4685
4165  4359
4181  4220
4186  4644
4186  4862
4189  4488
4192  4952
4197  4407
4209  4780
4227  4972
4230  4333
4233  4521
4242  4983
4251  4384
4253  4566
4255  4342
4261  4939
4263  4887
4265  4305
4270  4425
4274  4311
4285  4483
4292  4549
4313  4825
4327  4720
4330  4717
4332  4821
4333  4361
4339  4906
4344  4524
4346  4452
4347  4573
4349  4944
4381  4532
4381  4829
4395  4620
4403  4752
4408  4539
4408  4885
4411  4784
4416  4665
4432  4655
4451  4558
4453  4563
4460  4632
4460  4884
4464  4696
4471  4574
4472  4903
4473  4727
4484  4639
4504  4555
4516  4759
4529  4804
4551  4960
4587  4874
4626  4859
4650  4758
4679  4943
4740  4867
4756  4852
4763  4880
4791  4948
4820  4844
4837  4888
4859  4868
4907  4969
4911  4923
4960  4996
