0  128
0  2
0  4478
0  7
0  8
0  393
0  266
0  2135
0  780
0  16
0  823
0  275
0  121
0  790
0  536
0  2969
0  666
0  3739
0  286
0  3104
0  95
0  164
0  454
0  4262
0  295
0  1608
0  4266
0  135
0  1895
0  302
0  176
0  1969
0  2497
0  51
0  948
0  1974
0  585
0  564
0  186
0  315
0  188
0  10
0  3445
0  360
0  3394
0  971
0  4932
0  4934
0  1992
0  140
0  3018
0  2359
0  205
0  4434
0  3411
0  1959
0  124
0  441
0  3492
0  4315
0  4317
0  2100
0  98
0  2151
0  232
0  3260
0  2155
0  4332
0  1645
0  4592
0  369
0  4850
0  903
0  1653
0  2806
0  4088
0  117
0  250
0  1983
0  764
0  524
0  3124
1  2
1  3
1  1668
1  6
1  12
1  1933
1  14
1  16
1  17
1  4501
1  4888
1  25
1  2718
1  2603
1  942
1  303
1  2894
1  723
1  2126
1  984
1  94
1  2656
1  2028
1  755
1  381
2  2050
2  3
2  4
2  5
2  9
2  2572
2  13
2  526
2  2578
2  21
2  23
2  536
2  26
2  1200
2  38
2  42
2  3627
2  4144
2  1073
2  60
2  2113
2  1603
2  591
2  1623
2  4184
2  612
2  2731
2  1386
2  2665
2  106
2  3701
2  125
2  533
2  1665
2  1167
2  145
2  4242
2  147
2  2709
2  151
2  154
2  2717
2  3230
2  160
2  2000
2  4263
2  2728
2  2218
2  171
2  172
2  2736
2  696
2  3258
2  4805
2  3790
2  3449
2  731
2  4560
2  2854
2  3815
2  2792
2  234
2  240
2  3313
2  246
2  3319
2  3835
2  3329
2  1253
2  2308
2  4878
2  1296
2  3859
2  2325
2  3887
2  1309
2  1826
2  294
2  808
2  3369
2  298
2  2347
2  4911
2  4400
2  2868
2  2357
2  1339
2  4412
2  2367
2  4417
2  225
2  848
2  852
2  341
2  1557
2  2277
2  352
2  3942
2  362
2  1376
2  3961
2  1927
2  4494
2  67
2  1429
2  1952
2  3824
2  1954
2  424
2  1966
2  4766
2  3514
2  444
2  3519
2  1995
2  2512
2  2008
2  2521
2  996
2  1511
2  3242
3  512
3  1923
3  4
3  5
3  518
3  4360
3  2313
3  522
3  1026
3  1422
3  15
3  661
3  18
3  67
3  277
3  3481
3  665
3  29
3  30
3  901
3  368
3  197
3  1315
3  4517
3  550
3  2984
3  43
3  3116
3  1965
3  46
3  2224
3  4872
3  2866
3  2741
3  56
3  57
3  1695
3  2826
3  1346
3  1859
3  4037
3  2513
3  2875
3  715
3  1232
3  1848
3  2130
3  2264
3  2148
3  2703
3  352
3  3682
3  3771
3  4708
3  357
3  4433
3  2437
3  2501
3  3346
3  3690
3  434
3  2544
3  4200
3  2139
3  3315
3  2949
3  2425
3  4134
3  1679
3  362
3  3586
3  1279
4  3072
4  4612
4  4101
4  520
4  9
4  10
4  1547
4  4109
4  17
4  2067
4  532
4  27
4  32
4  33
4  547
4  43
4  557
4  2056
4  1074
4  51
4  63
4  65
4  579
4  1718
4  72
4  73
4  74
4  77
4  594
4  83
4  91
4  93
4  608
4  1123
4  1124
4  102
4  105
4  2157
4  623
4  1138
4  3603
4  628
4  3705
4  2170
4  3713
4  4226
4  131
4  3210
4  1218
4  143
4  146
4  1684
4  366
4  155
4  672
4  4769
4  168
4  1308
4  1197
4  2735
4  3766
4  3257
4  4286
4  194
4  3781
4  204
4  461
4  3795
4  729
4  223
4  736
4  229
4  232
4  1258
4  1261
4  1267
4  4347
4  252
4  2302
4  1281
4  1289
4  778
4  2315
4  781
4  1809
4  786
4  276
4  4825
4  3352
4  3356
4  1821
4  4895
4  802
4  1320
4  298
4  299
4  3372
4  3379
4  1334
4  1848
4  316
4  4413
4  319
4  4406
4  326
4  327
4  1867
4  336
4  1874
4  853
4  349
4  862
4  866
4  3941
4  1897
4  3183
4  2924
4  2413
4  2926
4  1392
4  882
4  372
4  2422
4  1911
4  1599
4  3452
4  3306
4  2942
4  473
4  3972
4  1925
4  391
4  393
4  3479
4  749
4  403
4  3991
4  409
4  3567
4  413
4  415
4  4251
4  422
4  1960
4  1770
4  4168
4  1461
4  4030
4  448
4  1696
4  3851
4  4041
4  1485
4  466
4  979
4  3033
4  3037
4  4586
4  2542
4  4790
4  500
4  2549
4  2550
4  4265
4  2043
4  4606
4  3583
5  129
5  132
5  773
5  134
5  7
5  1544
5  44
5  11
5  652
5  13
5  400
5  1880
5  19
5  20
5  3221
5  2199
5  2845
5  1182
5  1058
5  675
5  6
5  1704
5  988
5  170
5  2475
5  428
5  3458
5  3379
5  180
5  696
5  4532
5  1980
5  2133
5  2879
5  1728
5  4098
5  1475
5  118
5  331
5  4941
5  1486
5  79
5  2256
5  3796
5  4309
5  2648
5  1500
5  861
5  1633
5  4990
5  998
5  2663
5  252
5  1388
5  237
5  494
5  3186
5  627
5  1140
5  1269
5  758
5  887
5  377
5  2810
5  1858
5  784
5  85
6  4097
6  8
6  14
6  174
6  535
6  27
6  28
6  541
6  41
6  45
6  66
6  2115
6  69
6  2118
6  76
6  3661
6  81
6  4696
6  89
6  99
6  107
6  3182
6  2179
6  3719
6  23
6  3219
6  148
6  664
6  3611
6  1703
6  1194
6  1479
6  370
6  686
6  1713
6  179
6  694
6  705
6  3268
6  3276
6  1740
6  725
6  3800
6  4828
6  1769
6  4335
6  296
6  3315
6  248
6  250
6  253
6  3326
6  258
6  260
6  3849
6  3117
6  985
6  281
6  288
6  4386
6  808
6  1326
6  309
6  2873
6  2869
6  1344
6  1351
6  333
6  2896
6  1890
6  1384
6  876
6  1392
6  2930
6  2420
6  380
6  384
6  2949
6  2439
6  403
6  407
6  1434
6  3998
6  2471
6  936
6  1454
6  4016
6  437
6  2490
6  3526
6  455
6  1487
6  3033
6  3035
6  3549
6  2527
6  4070
6  1003
6  4591
6  4081
6  1011
7  1856
7  4994
7  1667
7  2182
7  137
7  11
7  1676
7  1295
7  914
7  2691
7  404
7  789
7  278
7  1946
7  218
7  670
7  544
7  3760
7  2338
7  3675
7  3974
7  1703
7  210
7  297
7  555
7  300
7  175
7  2352
7  562
7  265
7  213
7  4793
7  2366
7  816
7  2240
7  1660
7  4930
7  71
7  1008
7  455
7  713
7  4554
7  332
7  205
7  2894
7  109
7  3024
7  465
7  82
7  83
7  4437
7  4055
7  3657
7  1114
7  1929
7  78
7  222
7  481
7  2146
7  2426
7  1125
7  2790
7  1127
7  2921
7  3178
7  2343
7  4204
7  850
7  2670
7  4847
7  76
7  206
7  1650
7  3444
7  4470
7  4855
7  3860
7  4090
7  2299
7  3068
7  637
7  3093
8  2454
8  138
8  1550
8  1553
8  3987
8  3605
8  2838
8  28
8  3845
8  1184
8  2630
8  431
8  4403
8  1851
8  2374
8  1244
8  378
8  222
8  2326
8  3044
8  3304
8  493
8  2554
9  384
9  1025
9  4651
9  150
9  3082
9  386
9  146
9  22
9  1711
9  1437
9  2079
9  3616
9  2878
9  37
9  1831
9  3371
9  1967
9  671
9  3773
9  1470
9  3273
9  2506
9  847
9  1753
9  474
9  603
9  221
9  4837
9  230
9  29
9  2933
9  510
10  1664
10  643
10  390
10  138
10  12
10  1215
10  4240
10  18
10  1171
10  20
10  149
10  24
10  410
10  2844
10  1562
10  3233
10  91
10  2596
10  2033
10  3880
10  1327
10  432
10  1969
10  1586
10  52
10  440
10  313
10  2492
10  957
10  191
10  65
10  70
10  2888
10  2121
10  202
10  3659
10  78
10  81
10  2935
10  598
10  2778
10  859
10  864
10  4194
10  4712
10  1515
10  4718
10  111
10  2161
10  370
10  4471
10  2809
10  3256
10  3837
10  126
10  383
11  4614
11  307
11  2191
11  24
11  21
11  3352
11  542
11  3845
11  294
11  39
11  44
11  1331
11  61
11  69
11  3666
11  2899
11  1368
11  3811
11  101
11  1725
11  625
11  1786
12  3078
12  4179
12  655
12  144
12  22
12  538
12  157
12  2849
12  38
12  3367
12  47
12  49
12  1907
12  2869
12  2106
12  1084
12  3786
12  1088
12  1986
12  4291
12  584
12  4298
12  79
12  3664
12  4435
12  1236
12  2008
12  1113
12  604
12  94
12  480
12  610
12  101
12  2024
12  4585
12  108
12  365
12  3570
12  2675
12  2423
12  2004
12  763
12  3453
13  2688
13  1930
13  275
13  1173
13  921
13  416
13  2082
13  809
13  3375
13  1846
13  185
13  189
13  446
13  64
13  3399
13  1102
13  4698
13  747
13  1149
13  1525
13  2678
13  3703
13  509
14  3460
14  641
14  3976
14  780
14  1165
14  271
14  1654
14  3602
14  3863
14  539
14  1437
14  798
14  453
14  2210
14  2083
14  902
14  40
14  941
14  47
14  4529
14  181
14  2870
14  184
14  2367
14  3009
14  1603
14  709
14  396
14  1482
14  1356
14  336
14  237
14  340
14  1751
14  2264
14  729
14  3930
14  15
14  2782
14  735
14  2656
14  3427
14  4840
14  3119
14  3308
14  2669
14  1261
14  2038
14  1023
14  1407
15  261
15  2828
15  2072
15  25
15  157
15  930
15  3744
15  290
15  35
15  676
15  2984
15  178
15  186
15  700
15  4029
15  1854
15  4173
15  2254
15  2000
15  2897
15  1618
15  4566
15  4440
15  3130
15  3554
15  2276
15  4945
15  1128
15  1897
15  4211
15  762
15  1916
15  511
16  3459
16  4486
16  519
16  4617
16  907
16  2573
16  271
16  272
16  2578
16  19
16  2836
16  153
16  90
16  4784
16  4643
16  166
16  39
16  682
16  3186
16  560
16  178
16  1971
16  4532
16  478
16  2870
16  1466
16  315
16  4158
16  1600
16  321
16  578
16  48
16  4295
16  4173
16  463
16  4312
16  346
16  347
16  1857
16  225
16  356
16  114
16  2022
16  489
16  3822
16  112
16  2034
16  1939
16  249
16  506
16  2427
17  224
17  1059
17  1771
17  2785
17  1575
17  46
17  4880
17  498
17  2612
17  54
17  836
17  59
17  3207
17  4308
18  929
18  901
18  139
18  2435
18  153
18  111
18  796
18  1309
18  1183
18  4128
18  1313
18  607
18  2345
18  1454
18  2482
18  947
18  1249
18  954
18  1211
18  266
18  64
18  33
18  1996
18  1247
18  1744
18  2424
18  3536
18  334
18  470
18  1239
18  3038
18  95
18  80
18  2914
18  3043
18  4048
18  2158
18  1135
18  2929
18  1523
18  4725
18  3446
18  2936
19  4609
19  136
19  1036
19  142
19  1047
19  2200
19  281
19  1691
19  158
19  36
19  2473
19  171
19  3246
19  176
19  798
19  438
19  3649
19  331
19  196
19  1462
19  2505
19  1099
19  460
19  1233
19  215
19  217
19  2146
20  3368
20  361
20  107
20  1292
20  2638
20  527
20  823
20  221
20  3285
20  1373
20  3831
20  761
20  122
20  1435
20  925
20  2654
20  319
21  96
21  481
21  2331
21  868
21  581
21  360
21  489
21  1775
21  3952
21  2961
21  4724
21  937
21  2185
21  4987
21  476
21  1532
21  933
22  260
22  3112
22  745
22  1421
22  4273
22  1750
22  247
22  1092
22  59
23  551
23  584
23  3893
23  3190
23  441
24  3712
24  1709
24  904
24  3721
24  268
24  269
24  2861
24  2136
24  3732
24  792
24  26
24  35
24  167
24  1448
24  938
24  45
24  2351
24  1590
24  3977
24  313
24  4363
24  3910
24  1485
24  1104
24  267
24  1369
24  479
24  622
24  626
24  2165
24  1656
24  2169
24  3326
25  258
25  905
25  395
25  918
25  2583
25  1817
25  1178
25  1565
25  31
25  162
25  168
25  1195
25  1085
25  4553
25  342
25  727
25  89
25  860
25  871
25  3880
25  2291
26  2828
26  3471
26  1170
26  1944
26  155
26  1126
26  32
26  34
26  292
26  1705
26  301
26  53
26  187
26  573
26  2641
26  2915
26  1493
26  3289
26  3804
26  2654
26  4447
26  3003
26  486
26  3558
26  104
26  1129
26  118
26  4989
27  3296
27  36
27  1590
27  3527
27  2078
27  4236
27  4784
27  4338
27  820
27  4085
27  1622
27  247
27  1860
27  921
27  220
27  2429
27  31
28  3168
28  604
28  1154
28  1899
28  4817
28  841
28  1194
28  3339
28  4716
28  1741
28  1132
28  114
28  4755
28  3081
28  344
28  1257
28  411
28  2782
29  1409
29  3457
29  322
29  30
29  2976
29  2246
29  2607
29  179
29  3636
29  4664
29  4537
29  2749
29  2238
29  575
29  4033
29  3522
29  198
29  711
29  841
29  74
29  4939
29  1612
29  1742
29  211
29  1752
29  2779
29  92
29  482
29  235
29  1789
29  375
29  636
29  4861
30  4352
30  4225
30  2690
30  3844
30  4630
30  4618
30  2192
30  2833
30  278
30  151
30  2588
30  1756
30  3629
30  2350
30  305
30  4146
30  1977
30  2271
30  63
30  2753
30  2370
30  70
30  719
30  208
30  2769
30  3029
30  4054
30  4025
30  88
30  228
30  4060
30  351
30  3552
30  97
30  1252
30  3173
30  614
30  4591
30  1648
30  3828
30  3903
30  125
31  132
31  145
31  152
31  34
31  1829
31  4519
31  632
31  426
31  1964
31  430
31  1840
31  54
31  57
31  954
31  190
31  629
31  96
31  1348
31  126
31  3279
31  337
31  87
31  1758
31  224
31  355
31  992
31  2282
31  1133
31  501
31  759
31  3960
31  634
31  380
31  4330
31  4734
32  576
32  130
32  3850
32  1552
32  149
32  924
32  2975
32  163
32  37
32  1064
32  553
32  4537
32  1214
32  3775
32  960
32  452
32  4294
32  1352
32  1615
32  3664
32  547
32  361
32  490
32  1517
32  2030
32  116
32  190
32  374
32  3049
33  1794
33  135
33  3342
33  2833
33  274
33  2835
33  405
33  3095
33  1177
33  4378
33  3483
33  156
33  496
33  2852
33  3633
33  2856
33  4394
33  1835
33  2097
33  438
33  55
33  2488
33  1722
33  4284
33  1981
33  195
33  836
33  2893
33  847
33  4048
33  3025
33  3160
33  2523
33  3552
33  3684
33  112
33  4337
33  1782
33  760
33  634
33  2813
34  3328
34  645
34  137
34  1674
34  87
34  3214
34  1681
34  279
34  1560
34  1050
34  674
34  40
34  41
34  939
34  2269
34  432
34  945
34  50
34  311
34  4923
34  3900
34  445
34  66
34  3398
34  2273
34  3917
34  2384
34  1234
34  4439
34  4061
34  229
34  720
34  613
34  999
34  1772
34  4849
34  1139
34  1142
34  169
34  1019
35  1793
35  1796
35  1800
35  268
35  912
35  1813
35  4119
35  4740
35  3102
35  2981
35  1706
35  48
35  305
35  181
35  1210
35  3262
35  1095
35  3020
35  3406
35  1746
35  85
35  2651
35  3353
35  4958
35  1250
35  507
35  1393
35  3060
35  123
36  2232
36  2322
36  262
37  71
37  2760
37  589
37  177
37  2035
37  3977
37  344
38  3201
38  3847
38  649
38  141
38  1294
38  783
38  1207
38  3989
38  3735
38  1048
38  2201
38  2333
38  159
38  2466
38  291
38  549
38  2216
38  42
38  1451
38  1068
38  2605
38  50
38  307
38  948
38  238
38  1161
38  58
38  60
38  3018
38  62
38  2528
38  834
38  2389
38  4551
38  3528
38  3913
38  3786
38  4427
38  3277
38  721
38  597
38  1244
38  2490
38  3166
38  4959
38  4448
38  685
38  2375
38  996
38  1382
38  1489
38  2748
38  878
38  4969
38  624
38  4773
38  1908
38  885
38  2550
38  3112
38  1016
38  1531
38  1532
38  382
38  2965
39  3718
39  782
39  404
39  1942
39  452
39  666
39  2599
39  3241
39  1322
39  967
39  2090
39  3254
39  952
39  698
39  187
39  961
39  4035
39  964
39  991
39  3911
39  3147
39  3150
39  3642
39  2132
39  4366
39  599
39  1113
39  3805
39  607
39  354
39  108
39  2190
39  3312
39  241
39  115
39  4393
39  3092
39  251
39  2300
39  2218
39  462
40  483
40  1126
40  498
40  52
40  478
40  3039
41  130
41  136
41  649
41  141
41  4488
41  3729
41  2579
41  1838
41  4758
41  3992
41  1564
41  414
41  1190
41  2855
41  169
41  938
41  940
41  3758
41  49
41  306
41  3870
41  329
41  1336
41  4667
41  1596
41  3270
41  1609
41  4408
41  2517
41  598
41  365
41  1679
41  349
41  997
41  507
41  100
41  2277
41  2406
41  1513
41  1002
41  1515
41  1389
41  1646
41  244
41  245
41  251
41  1660
41  893
42  1024
42  3334
42  2567
42  1394
42  3218
42  787
42  1428
42  120
42  926
42  3874
42  2344
42  2861
42  303
42  562
42  55
42  756
42  1504
42  3653
42  710
42  200
42  464
42  4049
42  84
42  2389
42  214
42  2520
42  90
42  4699
42  220
42  93
42  3167
42  1888
42  4330
42  3052
42  880
42  2162
42  2036
42  3576
42  2553
43  3842
43  910
43  671
43  1187
43  1070
43  2487
43  72
43  1228
43  339
43  4182
43  603
43  4445
43  1888
43  870
43  2664
43  2281
43  2028
43  624
43  2643
43  756
43  1274
43  635
44  353
44  3170
44  292
44  2919
44  2057
44  554
44  1100
44  1358
44  338
44  3797
44  597
44  3273
44  1183
44  4411
44  2815
44  4831
45  513
45  1156
45  645
45  3468
45  2840
45  3871
45  3108
45  295
45  3240
45  1836
45  3630
45  944
45  3892
45  58
45  159
45  68
45  4296
45  4809
45  1354
45  2509
45  4946
45  84
45  345
45  4196
45  3435
45  892
45  4094
46  2434
46  1957
46  2087
46  4947
46  4502
46  1343
46  2907
46  572
46  3909
47  609
47  3078
47  877
47  2447
47  212
47  574
47  1238
47  2137
47  890
47  1726
48  226
49  1222
49  3537
49  397
49  1052
49  1453
49  1169
49  3029
49  1132
49  56
49  506
49  4220
49  3578
49  191
50  545
50  577
50  1547
50  716
50  1166
50  4916
51  1536
51  1604
51  1417
51  2770
51  885
51  2582
51  505
51  4344
51  1019
51  444
51  53
52  1504
52  1217
52  113
52  647
52  2569
52  1483
52  748
52  1903
52  4840
52  3585
52  3648
52  2644
52  2346
52  3210
53  3235
53  644
53  103
53  2472
53  1130
53  935
53  2856
53  2065
53  2938
54  4979
54  2900
55  1056
55  770
55  203
55  2244
55  982
55  1639
55  233
55  555
55  930
55  430
55  371
55  1876
55  3734
55  1929
55  2044
55  669
56  3196
57  133
57  556
57  906
57  1035
57  1420
57  2701
57  2062
57  3821
57  2708
57  406
57  1086
57  86
57  1317
57  935
57  296
57  683
57  684
57  559
57  2738
57  3764
57  2229
57  4406
57  4745
57  117
57  2238
57  4671
57  1932
57  75
57  332
57  206
57  207
57  80
57  3798
57  353
57  867
57  102
57  104
57  4203
57  4461
57  1394
57  1908
57  318
57  3577
57  2303
58  740
58  134
58  969
58  683
58  3313
58  2964
58  2711
58  826
58  92
59  960
59  3073
59  2978
59  139
59  68
59  4038
59  3201
59  1195
59  4557
59  3726
59  255
59  528
59  980
59  2805
59  1015
59  760
59  987
59  61
59  2677
60  2433
60  1158
60  3338
60  239
60  1298
60  1048
60  4633
60  1051
60  1823
60  4259
60  2216
60  1579
60  3504
60  1843
60  953
60  1083
60  2634
60  843
60  3783
60  2378
60  203
60  975
60  633
60  730
60  2531
60  4811
60  488
60  490
60  3308
60  621
60  623
60  504
60  4857
61  128
61  1697
61  1634
61  424
61  825
61  2140
61  62
62  131
62  923
62  1692
62  927
62  2217
62  2106
62  3516
62  2109
62  193
62  2498
62  1477
62  842
62  4683
62  77
62  4047
62  3539
62  469
62  2391
62  3675
62  2908
62  735
62  2787
62  4964
62  1512
62  2284
63  123
63  3482
63  283
64  1540
64  3051
64  622
64  2765
64  2929
64  4324
64  1949
64  1406
64  799
65  1222
65  73
65  2831
65  947
65  311
65  3677
65  2334
66  2215
66  264
66  495
66  3251
66  4111
66  1215
67  900
67  991
67  4964
67  1005
67  1072
67  4561
67  754
67  3827
67  4950
67  1079
67  2040
67  88
67  539
67  1855
68  2626
68  2819
68  1032
68  874
68  1687
68  4879
68  855
68  3957
68  215
68  2319
68  3838
69  4674
69  235
69  3753
69  173
69  400
69  2449
69  3827
69  3125
69  2653
70  2594
70  647
70  779
70  1006
70  1106
70  4851
70  3639
70  986
70  1531
70  167
70  1342
71  359
71  1256
71  103
71  1501
71  1022
72  2464
72  3042
72  962
72  75
72  453
72  2310
72  1223
72  2743
72  418
72  4975
72  273
72  2019
72  4267
72  1910
72  4055
72  738
72  2047
72  3638
72  951
73  4496
73  4882
73  923
73  290
73  3631
73  3123
73  1589
73  3512
73  826
73  1211
73  2246
73  2250
73  1890
73  974
73  3929
73  4834
73  100
73  2022
73  4455
73  366
73  248
73  3582
74  1502
75  2176
75  161
75  195
75  615
75  2954
75  4647
75  1518
75  527
75  208
75  3816
75  2834
75  1685
75  872
75  2330
75  1761
75  2344
76  583
76  650
76  459
76  1678
76  3028
76  3546
77  2116
77  770
77  323
77  1733
77  199
77  394
77  2123
77  4592
77  82
77  4085
77  3780
77  1354
77  2877
77  4319
78  2433
78  4358
78  263
78  2962
78  2197
78  795
78  161
78  1371
78  164
78  2481
78  3243
78  428
78  816
78  3249
78  4659
78  2954
78  2806
78  2249
78  3030
78  3031
78  2009
78  475
78  1252
78  2305
78  3572
78  1270
78  119
78  3320
79  1536
79  1218
79  99
79  1860
79  199
79  1896
79  3019
79  4748
79  4141
79  3505
79  1938
79  1814
79  3160
79  1178
79  1627
79  1021
79  4798
79  127
80  192
80  342
80  3307
80  1164
80  3055
80  2007
80  115
80  4148
80  1078
80  4663
80  2072
80  794
80  4443
80  4122
80  4799
81  4993
81  3460
81  391
81  143
81  274
81  1689
81  283
81  1698
81  2733
81  442
81  1601
81  1990
81  2251
81  1372
81  4062
81  1507
81  4370
81  2291
81  1015
81  4989
82  2368
82  1434
83  443
83  4015
83  262
83  840
83  1417
83  1255
83  2285
83  110
83  4911
83  1117
83  249
83  4248
83  569
83  217
83  1563
83  156
83  570
83  575
83  3551
84  86
84  358
85  1665
85  4743
85  264
85  3271
85  4528
85  840
85  3220
85  2712
85  4314
85  1341
86  2116
86  4133
86  454
86  2376
86  265
86  106
86  4747
86  2061
86  174
86  110
86  1622
86  280
86  590
86  810
87  641
87  2181
87  648
87  3865
87  162
87  550
87  182
87  828
87  4926
87  194
87  3652
87  200
87  587
87  1873
87  865
87  1250
87  2214
87  1768
87  1263
87  244
87  2558
89  2624
89  193
89  2532
89  1825
89  170
89  3852
89  686
89  1391
89  2640
89  2739
89  374
89  863
89  2239
90  4736
90  1188
90  2598
90  2184
90  2376
90  2952
90  4164
91  97
91  2402
91  2280
91  814
91  2779
92  768
92  4485
92  2311
92  648
92  1045
92  3734
92  3103
92  160
92  2209
92  419
92  4264
92  2093
92  3520
92  4384
92  2242
92  2758
92  4698
92  1243
92  1122
92  2788
92  1641
92  2286
92  639
93  3042
93  515
93  4901
93  710
93  423
93  989
93  1520
93  3985
93  1341
94  113
94  4321
94  4078
94  2225
94  1556
94  2843
94  1534
95  2339
95  216
95  218
95  415
96  98
96  2755
96  420
96  3687
96  3752
96  4685
96  2036
96  119
96  4340
97  4421
97  105
97  2125
97  3247
97  272
97  2931
97  348
97  2364
97  4157
98  323
98  4261
98  838
98  129
98  3722
98  2979
99  801
99  148
99  731
99  2724
99  4357
99  263
99  1832
99  530
99  3438
99  1618
99  1875
99  1236
99  4373
99  340
99  474
99  3163
99  1021
99  1854
100  3080
100  485
101  1411
101  2694
101  3914
101  109
101  1774
101  4882
101  1332
101  4663
101  4863
102  2235
102  4227
102  185
103  2272
103  2438
103  714
103  236
103  1849
103  270
103  815
103  1296
103  657
103  1554
103  3470
103  2263
103  152
103  1881
103  1359
103  124
103  1066
103  3710
103  4543
104  259
104  516
104  2439
104  2441
104  778
104  2193
104  2966
104  1176
104  580
104  922
104  4124
104  413
104  287
104  928
104  4772
104  1573
104  1958
104  3879
104  3762
104  818
104  1587
104  436
104  606
104  2697
104  570
104  1089
104  4676
104  2886
104  456
104  974
104  1016
104  1870
104  214
104  2014
104  3601
104  2842
104  1644
104  2029
104  3696
104  120
104  1913
104  4986
104  2430
105  227
105  1637
105  618
105  526
105  3343
105  402
105  373
105  246
105  4023
105  3225
105  122
105  314
106  226
106  2915
106  4229
106  1063
106  1036
106  4084
106  4568
106  3577
106  2236
107  3908
108  704
108  304
108  3012
108  1381
108  966
108  746
108  2955
108  2094
108  3632
108  3474
108  3782
108  2122
108  793
108  3978
109  702
110  202
110  402
110  142
110  242
110  1818
110  2813
110  127
111  4768
111  4002
111  165
111  2726
111  140
111  1644
111  1325
111  687
111  4172
111  1617
111  3220
111  309
111  121
111  1819
111  3996
111  381
112  293
112  556
112  4761
112  3135
113  1280
113  3072
113  1671
113  520
113  3598
113  2450
113  4377
113  815
113  1054
113  2594
113  1189
113  2597
113  3759
113  4796
113  2877
113  707
113  838
113  2887
113  977
113  3039
113  3812
113  2279
113  3176
113  619
113  3517
113  1009
113  116
113  254
114  1216
114  548
114  1133
114  1458
114  211
114  2132
114  4949
114  4118
114  3644
114  638
114  2495
115  899
115  644
115  2312
115  1111
115  4624
115  531
115  535
115  1923
115  676
115  165
115  3886
115  569
115  4027
115  192
115  592
115  1367
115  4184
115  3161
115  2018
115  3259
115  1386
115  2215
115  2415
115  1521
115  375
115  2814
116  4456
116  1251
117  1285
117  2442
117  1163
117  1167
117  2964
117  2584
117  410
117  133
117  4512
117  1441
117  3747
117  680
117  1965
117  1710
117  817
117  4915
117  1716
117  1206
117  3639
117  184
117  1850
117  3138
117  1349
117  2630
117  329
117  1364
117  343
117  223
117  480
117  998
117  1640
117  4476
117  618
117  2539
117  3692
117  240
117  4968
117  499
117  4341
117  2553
117  4732
117  1022
118  497
118  657
118  2258
118  4991
119  354
119  3332
119  4008
119  1002
119  3981
119  1197
119  2514
119  317
119  1845
119  3005
119  2590
120  1611
120  198
121  321
121  3396
121  166
121  3144
121  523
121  2574
121  3854
121  182
121  158
122  1728
122  3331
122  3689
122  376
122  4953
123  2245
123  1065
123  1196
123  1103
123  3762
123  3259
123  669
124  256
124  3489
124  911
124  147
124  3288
124  1498
125  3428
125  4426
125  1264
125  1748
126  2419
126  1316
126  762
127  832
127  1580
127  2446
127  662
127  407
127  1210
127  2906
127  3838
127  4565
128  2304
128  1891
128  389
128  487
128  777
128  2732
128  306
128  4751
128  1778
128  660
128  791
128  4705
128  154
128  1117
128  1605
129  257
129  2312
129  4874
129  913
129  405
129  2715
129  1093
129  3370
129  2220
129  4525
129  3761
129  4658
129  3768
129  1466
129  1311
129  3525
129  1096
129  1362
129  3287
129  4703
129  2283
129  3829
130  3208
130  348
130  4422
131  769
131  3299
131  230
131  4778
131  1451
131  971
131  368
131  2001
131  2355
131  3534
131  343
131  314
131  2142
132  2305
132  4034
132  1316
132  678
132  529
133  378
133  502
133  4687
134  3937
134  163
134  392
134  1802
134  2381
134  3375
134  2323
134  2708
134  3717
135  1123
135  1701
135  2154
135  4720
135  3579
135  412
136  3209
136  1013
136  3576
136  1497
136  1082
137  3747
137  1508
137  4581
137  1766
137  300
137  3276
137  144
137  2579
137  308
137  219
137  4215
137  1620
137  891
137  892
138  3136
138  943
138  3056
138  209
138  788
138  573
138  287
140  1004
140  398
140  399
140  656
140  4884
140  1455
140  175
140  817
140  2867
140  1207
140  3896
140  703
140  320
140  2378
140  2391
140  2393
140  1114
140  227
140  3432
140  4076
141  1026
141  518
141  150
141  541
141  2081
141  1314
141  172
141  942
141  285
141  1080
141  4284
141  189
141  1217
141  835
141  197
141  1227
141  485
141  3366
141  1639
141  751
141  937
141  425
142  2560
142  2052
142  3206
142  3593
142  397
142  273
142  4630
142  1304
142  1433
142  2206
142  2950
142  1962
142  989
142  1840
142  1139
142  2614
142  1214
142  4288
142  3783
142  3662
142  210
142  1108
142  1366
142  377
142  2521
142  2525
142  4575
142  2534
142  2535
142  3176
142  3687
142  750
142  1149
142  496
142  4115
142  1629
142  3581
143  1121
144  898
144  515
144  4966
144  4038
144  522
144  1901
144  979
144  209
144  691
144  2580
144  1630
144  3769
144  216
144  1012
144  3162
144  2947
144  1790
144  601
145  1287
145  1432
145  282
145  922
145  546
145  3236
145  941
145  1245
145  688
145  1461
145  1080
145  702
145  1471
145  3393
145  3912
145  724
145  3165
145  2786
145  486
145  376
146  4770
146  837
146  1226
146  3982
146  1488
146  3857
146  501
146  2392
146  2613
147  3698
147  293
148  912
149  1473
149  4004
149  369
149  2536
149  2633
149  2987
149  1837
149  4584
149  1554
149  201
149  183
150  1027
150  2437
150  398
150  280
150  793
150  1776
150  552
150  1834
150  2863
150  564
150  3900
150  1858
150  2371
150  2017
150  2127
150  1369
150  733
150  2913
150  4706
150  4710
150  875
150  2800
150  4726
150  3709
150  3198
151  4608
151  4995
151  774
151  2569
151  1282
151  915
151  277
151  3225
151  282
151  1435
151  2977
151  548
151  426
151  2221
151  2608
151  566
151  1463
151  830
151  449
151  4802
151  3401
151  2125
151  4559
151  600
151  345
151  219
151  2015
151  4329
151  236
151  1396
151  3702
151  379
151  1405
152  1889
152  3171
152  212
152  1694
152  858
152  3964
152  253
152  1918
153  2304
153  1190
153  3916
153  4619
153  1516
153  4301
153  911
153  561
153  2293
153  4729
153  346
153  3454
154  2112
154  1310
155  2340
155  968
155  239
155  1330
155  1366
155  3097
155  2268
156  1798
156  289
156  2064
156  180
156  2679
156  511
156  316
156  2719
157  1476
157  2085
157  433
157  3825
157  2962
157  3347
157  4084
157  1141
157  472
157  829
157  1853
157  1023
158  3009
158  2920
158  596
158  1144
158  3003
159  1699
160  993
160  3553
160  458
160  2992
160  4662
160  4280
160  2266
160  1917
161  4990
161  1119
162  3654
162  1037
162  4718
162  1423
162  2164
162  758
162  728
162  509
162  2876
162  1373
162  2847
163  1377
163  3810
163  4813
163  1039
163  1136
163  177
163  4883
163  3575
163  1469
164  516
164  4998
164  1416
164  929
164  2595
164  1846
164  183
164  372
164  2109
164  196
164  3001
164  1209
164  1626
164  1245
164  491
164  3694
164  4339
164  4980
164  4731
164  4094
165  709
165  390
165  2791
165  2444
165  284
166  609
166  1219
166  325
166  1235
166  341
167  1467
167  2138
167  421
167  1991
167  2440
167  3145
167  1578
167  173
167  3501
167  285
167  3156
167  1561
167  2388
167  2554
167  2107
167  1337
167  543
168  449
168  1763
168  412
168  3218
168  2294
168  1303
168  2202
168  188
168  2746
168  1353
169  289
169  2337
169  783
169  2064
169  889
170  1057
170  1701
170  1151
170  4655
170  1010
170  1779
170  3988
170  4121
170  4479
170  828
170  4275
171  4161
171  2254
171  2535
172  737
172  3491
172  679
172  1448
172  234
172  3851
172  845
172  3733
172  2778
172  3070
173  1020
174  1410
174  4900
174  653
174  718
174  2420
174  2743
175  672
175  1755
175  2084
175  1611
175  4526
175  2383
175  241
175  839
175  1182
175  2852
175  3866
175  3439
175  4346
175  2302
175  831
177  673
177  3505
177  2102
177  3294
178  642
178  744
178  201
178  523
178  814
178  1050
178  3839
179  1029
179  435
179  1783
179  2808
180  256
180  3361
180  451
180  1382
180  2664
180  394
180  2255
180  401
180  473
180  1049
180  3321
180  1116
180  605
182  3200
182  2563
182  4742
182  276
182  279
182  2206
182  1827
182  2085
182  425
182  2478
182  567
182  3768
182  2624
182  4576
182  3788
182  3151
182  2652
182  4446
182  4192
182  613
182  4838
182  1262
182  3572
182  1013
182  3582
183  3520
183  833
183  538
183  261
183  231
183  328
183  3109
183  267
183  3756
183  1038
183  3184
183  4529
183  2034
183  2164
183  718
183  3322
183  2783
183  4285
184  769
184  834
184  494
184  2417
184  2105
184  2794
185  1538
185  4163
185  877
185  1935
185  3554
185  2134
185  1498
186  1185
186  4179
186  4293
186  1607
186  330
186  1291
186  1581
186  1105
186  4563
186  4538
186  1727
186  2140
186  1951
187  3457
187  2342
187  1198
187  371
187  479
188  2881
188  4517
188  2089
188  299
188  1997
188  685
188  4720
188  3924
188  886
188  1327
188  3709
189  257
189  3307
189  2177
189  4500
189  534
189  932
189  2087
189  4743
189  2863
189  1459
189  3000
189  1191
189  1014
189  585
189  1240
189  1242
189  1380
189  2283
189  753
189  627
189  4982
189  4604
189  254
190  643
190  456
190  4905
190  204
190  1457
190  986
190  571
191  450
191  593
191  4647
191  245
192  386
192  2499
192  1414
192  233
192  2639
192  1593
193  4662
193  695
193  2074
193  1404
194  775
194  4500
194  537
194  1949
194  2213
194  3378
194  308
194  1465
194  3390
194  4160
194  1345
194  3011
194  2373
194  3400
194  599
194  990
194  3299
194  3045
194  491
194  4594
194  243
194  886
194  382
195  355
195  2309
195  732
195  876
195  3023
195  3411
195  471
195  2620
196  918
196  2791
196  875
196  2422
197  593
197  1370
198  4548
198  2250
198  3506
198  1109
198  1691
199  549
199  2855
199  3532
199  1706
199  327
199  3500
199  529
199  310
199  1880
199  3581
199  1598
200  514
200  4746
200  4377
200  1179
200  1439
200  3104
200  1826
200  2469
200  558
200  2738
200  1716
200  3390
200  450
200  1093
200  3618
200  846
200  849
200  3300
200  1893
200  2407
200  4713
200  4983
201  231
201  3913
201  4428
201  2416
201  595
201  3736
201  1875
201  2143
202  3264
202  4549
203  1058
204  4805
204  1869
204  782
204  4562
204  4984
204  4511
205  2912
205  1506
205  4909
205  2905
205  207
205  3473
205  213
205  3159
205  738
205  3386
206  1600
206  3810
206  228
206  661
206  632
206  442
207  417
207  4422
207  651
207  334
207  978
207  270
207  1301
208  3901
209  3073
209  1442
209  579
209  1873
209  1577
209  2763
209  652
209  4494
209  1839
209  2993
209  312
209  1265
209  2363
209  4508
209  2634
209  383
210  1729
210  1602
210  420
210  1446
210  297
210  2314
210  364
210  4846
210  2607
210  1424
210  497
210  1075
210  238
210  563
210  759
210  2281
210  956
212  2720
212  802
212  3814
212  1673
212  4012
212  2128
212  1361
212  1042
212  2836
212  950
212  1815
212  601
212  4891
212  318
212  4236
213  2945
213  2180
213  4612
213  1562
213  291
213  805
213  806
213  551
213  302
213  4657
213  2997
213  824
213  4288
213  4685
213  1106
213  3422
213  2405
213  3808
213  993
213  2789
213  242
214  1104
214  3800
214  1690
215  1561
215  477
215  2289
216  1816
216  3837
216  1494
217  3744
217  1001
217  4110
217  2327
217  4762
219  3238
219  582
219  1546
219  1866
219  533
219  1885
220  3808
220  4952
221  1506
221  1637
221  744
221  1070
221  881
221  338
221  3310
221  1368
221  2461
222  896
222  3394
222  1302
222  806
222  2571
222  1612
222  994
222  1774
222  1069
222  2928
222  466
222  1141
222  1462
222  1432
222  2486
222  2461
222  3103
223  2523
223  3568
223  401
223  1522
223  2875
223  477
224  2831
224  4978
224  310
224  4303
225  1120
225  1537
225  2150
225  3560
225  2217
225  1780
225  4534
225  1527
225  4473
225  4348
226  2432
226  385
226  969
226  2004
226  284
226  732
226  1119
227  2640
227  995
227  934
228  1025
228  2529
228  1970
228  1747
228  917
228  534
229  2709
230  1613
230  3373
230  2516
230  3645
231  1450
231  3420
231  1852
232  312
232  1338
232  3676
233  4640
233  4162
233  739
233  2118
233  1675
233  2124
233  2384
233  2066
233  1017
235  1059
235  3589
235  583
235  4072
235  859
235  3927
235  255
235  883
235  2134
235  919
235  4920
235  3062
235  439
235  3099
235  3386
235  389
236  1155
236  4869
236  1601
236  521
236  4493
236  4114
236  4243
236  3101
236  1203
236  697
236  1857
236  706
236  328
236  1100
236  2506
236  2508
236  3535
236  2128
236  1878
236  476
236  350
236  3681
236  883
236  373
236  3195
237  1539
237  2372
237  4585
237  2186
237  1463
237  4547
237  739
237  4536
237  987
237  4892
237  4477
238  3392
238  1360
238  2562
238  1283
238  2340
238  4133
238  492
238  4620
238  269
238  333
238  2224
238  1717
238  3544
238  1018
238  1083
238  1037
238  4869
239  304
239  1081
239  691
240  2712
241  1632
241  259
241  746
241  3945
241  586
241  1447
241  590
241  3856
241  243
241  2196
241  436
241  1524
241  916
241  1629
241  1054
241  2303
242  3200
242  1543
242  554
242  2706
242  2931
242  2103
242  3512
242  665
243  4080
243  3137
243  4207
244  800
244  2593
244  484
244  646
244  3912
244  471
244  653
244  4590
244  525
244  1444
244  2910
244  2841
244  1148
244  429
244  1060
245  324
245  2890
245  3085
245  1102
245  431
245  1585
246  1220
246  3610
247  2144
247  2242
247  1508
247  1558
247  1418
247  3010
247  4802
247  804
247  4890
247  2683
247  3484
248  4064
248  774
248  488
248  4527
249  1061
249  4102
249  2412
249  4046
249  464
249  3763
249  605
250  3216
250  470
250  2558
251  3106
251  1253
251  423
251  2114
251  1656
251  2545
251  1234
251  3573
251  1398
251  1847
251  3928
251  4026
251  3775
251  767
251  1385
252  708
252  358
252  3019
252  4659
252  508
252  1533
252  766
253  1399
253  2204
253  907
253  3244
253  1549
253  467
253  2519
253  2616
253  4570
253  4092
253  2621
253  703
254  1089
254  1627
254  2019
254  325
254  1741
254  399
254  1328
254  3027
254  502
254  1871
254  2533
255  1112
255  4139
255  631
256  513
256  3240
256  2320
256  4424
256  2098
256  4373
256  2967
256  3604
257  2203
258  866
258  3080
258  3767
258  4472
258  1241
259  448
259  4322
259  1157
259  2982
259  458
259  2347
259  2318
259  1288
259  959
260  1921
260  1060
260  3190
260  2062
260  726
260  3217
260  659
260  4372
260  3545
260  829
261  330
261  2731
261  4471
261  335
262  2213
262  521
262  878
262  881
262  1465
262  3451
262  2364
263  3751
263  1833
263  1269
263  2011
264  640
264  4821
265  611
265  4172
265  719
265  339
265  3319
265  985
265  411
265  387
266  388
266  4741
266  2121
266  4396
266  1841
266  3154
266  469
266  4297
266  2820
266  286
267  3437
267  4019
267  3157
267  4567
268  2050
268  451
269  4545
269  1887
269  1475
269  2502
269  1655
269  559
269  1585
269  1075
269  1785
269  2933
269  3383
269  824
269  2841
269  2426
269  2735
269  1116
269  2995
269  4190
269  2974
270  416
270  864
270  1187
270  1572
270  711
270  552
270  1806
270  2355
270  1815
271  3360
271  1569
271  580
271  3905
271  4104
271  1129
271  4234
271  3563
271  484
271  317
271  4852
271  4438
271  1175
271  3065
271  3824
272  3141
272  1153
272  2573
272  1847
272  3356
272  4797
272  350
273  1248
273  2048
273  4582
273  3113
273  4010
273  654
273  2645
275  2866
275  3798
276  419
276  3301
276  620
276  1999
276  3267
276  1909
276  4441
277  3658
277  3180
277  4110
277  1743
277  409
278  4260
278  742
278  2120
278  1303
278  4430
278  4180
278  439
278  1274
279  973
280  3015
280  872
280  3404
280  692
280  2198
280  4087
281  2098
281  1076
281  1779
281  503
281  2141
281  1310
282  3297
282  422
282  1224
282  1911
282  663
282  4461
282  3377
282  978
282  467
282  2548
282  1151
282  602
282  2943
282  1372
282  3327
283  3203
283  4394
283  3819
283  4515
284  1344
284  417
284  3142
284  2698
284  1395
284  4020
284  1237
284  3479
284  1208
284  540
284  797
284  1950
284  2431
285  4032
285  4353
285  363
285  3535
285  757
285  1079
286  1186
286  1827
286  356
286  2114
286  3438
286  3088
286  2580
286  888
286  1243
287  288
287  1505
287  418
287  1868
287  945
287  725
287  379
287  4189
287  2718
288  939
288  429
288  2099
288  2102
288  3031
289  1905
289  630
289  2881
290  3963
291  600
291  953
291  414
292  2848
292  3621
292  3464
292  4650
292  427
292  1724
292  4154
293  3753
293  1226
293  4044
293  1329
294  1856
294  1889
294  2598
294  335
294  1964
294  395
294  588
294  4320
294  3726
294  367
294  4304
294  4114
294  1471
294  854
294  879
294  1663
295  1762
295  2468
295  1033
295  1645
295  3698
295  4858
296  1240
296  3533
298  3393
298  4904
298  812
298  2348
298  322
298  4847
298  2864
298  465
298  3090
298  1488
298  629
298  408
298  804
298  3038
298  1909
299  3335
299  680
299  1575
299  460
299  301
299  910
299  2445
299  2672
299  4017
299  1682
299  821
299  1464
299  1685
300  2314
300  2707
300  3095
300  2313
301  320
301  610
301  3972
301  2599
301  714
301  2219
301  1740
301  578
301  787
301  1046
301  2201
302  2272
302  392
302  561
302  2259
302  2740
302  4340
303  931
304  1281
304  2786
304  1285
304  1486
304  4243
304  1496
304  1519
304  1181
304  1118
304  2591
305  2112
305  3106
305  4870
305  2280
305  4399
305  347
305  4509
306  1442
306  667
306  4644
306  1477
306  364
306  4174
306  3759
306  1715
306  853
306  694
306  2505
306  568
306  1577
306  2460
306  2750
307  2944
307  3153
307  367
308  3333
308  1578
308  2155
308  940
308  3668
308  920
309  2315
309  4555
309  1886
310  447
311  4672
311  324
311  2054
311  326
311  1921
311  843
311  462
311  2705
311  1124
311  1305
311  797
312  4128
312  2049
312  1678
312  3631
312  2032
312  2837
312  1594
313  640
313  1540
313  363
313  4239
313  1808
313  4306
314  3561
314  4143
314  4435
314  893
315  3248
315  3811
315  3748
315  3016
315  492
315  3149
315  4909
315  1968
315  851
315  1558
315  472
315  2428
315  2717
315  4670
315  639
317  2867
318  3883
318  357
318  871
318  427
318  434
318  1227
318  689
318  1042
318  2995
318  1204
318  2710
318  2614
318  4571
318  4701
318  3011
319  1105
321  3890
321  1720
321  2076
321  4510
322  608
322  833
322  2038
322  2105
322  4091
322  734
322  351
324  1027
324  4391
324  1705
324  1559
324  1069
324  1616
324  468
324  2071
325  898
325  524
325  4879
325  532
325  1820
325  925
325  3358
325  677
325  4520
325  2857
325  1455
325  566
325  3127
325  589
325  849
325  1320
325  4579
325  1380
325  1777
325  2942
325  503
326  4289
326  2149
327  2156
327  727
330  487
330  433
330  2262
330  445
331  3714
332  1569
332  3427
332  713
332  359
332  1292
332  751
332  2736
332  3697
332  692
332  1199
332  1484
333  2880
333  4745
333  2570
333  557
333  3921
333  2133
333  2423
333  1082
333  2365
334  1088
334  4717
334  4814
334  337
334  1560
334  956
335  387
335  4614
335  3203
335  1941
335  4894
335  1700
335  2994
335  1204
335  3134
335  447
335  1984
335  736
335  706
335  1862
335  1736
335  842
335  4825
335  863
335  2400
335  483
335  1384
335  493
335  887
335  637
335  1791
336  2400
336  3232
336  1122
336  771
336  837
336  1799
336  457
336  1834
336  2411
336  2445
336  3185
336  594
336  3861
336  4822
336  4786
336  1336
336  4866
336  1051
336  4974
337  1201
337  4014
338  4872
338  2285
338  2615
339  704
339  1605
339  616
339  396
339  654
339  2927
339  1457
340  635
340  1988
341  1732
341  2310
341  4276
341  3644
342  1904
343  1608
343  2330
344  2113
344  2675
344  3046
344  4497
344  463
344  4945
344  4403
344  891
345  712
345  4715
345  2604
346  4747
346  1068
346  3196
347  1863
347  3813
347  3089
348  768
348  2696
348  1143
348  3898
348  1278
349  869
352  3111
352  3947
352  2083
352  2041
352  4540
352  3807
353  1329
353  4799
354  3723
354  3084
354  4333
354  1390
354  3918
354  1398
354  638
354  2590
354  1077
355  544
355  3936
355  2564
355  461
355  2830
355  2673
355  1620
355  3384
355  3355
356  4472
356  740
356  406
357  896
357  385
357  2075
357  4199
357  3720
357  4841
357  2443
357  1904
357  1375
357  1299
357  4468
357  984
357  2267
357  4796
357  733
357  3199
360  1040
360  2025
361  475
361  1987
362  581
362  1055
362  2546
362  1134
362  1592
362  2194
362  1332
362  3221
362  2518
362  722
362  1652
362  794
362  1851
362  4826
362  437
363  2434
363  3892
363  2733
364  3090
364  2701
365  3969
365  4801
365  586
365  3819
365  4622
365  658
365  3061
365  4469
366  2528
366  1156
366  1928
366  4623
366  625
366  4402
366  2324
366  857
368  4025
368  2394
369  1115
370  4514
370  3946
370  3596
370  2910
370  2814
370  2655
371  3745
371  2627
371  4107
371  1134
371  1459
371  2234
371  1085
372  2998
372  2027
372  1053
372  1551
372  4758
372  919
372  2617
372  2365
373  1237
373  3573
374  1474
374  3017
374  1323
374  1602
374  1550
374  500
374  3254
374  4777
375  1456
375  1071
375  2288
375  2073
375  571
376  1953
376  546
376  1443
376  3537
376  4616
376  906
376  1007
376  2704
376  968
376  3954
376  791
376  443
376  2396
376  508
377  807
377  1535
378  3105
378  1542
378  3623
378  4202
378  2507
378  2647
379  528
379  1616
380  3329
380  1286
380  3820
380  1528
381  963
381  3069
382  3362
383  1318
383  388
383  1541
383  1670
383  1360
383  595
383  4660
383  1241
383  2971
383  1308
383  1470
384  611
384  1957
384  2191
384  1797
385  1259
386  1861
386  1926
386  3693
386  1613
386  2992
386  3284
386  4287
387  1313
387  741
387  621
387  1103
387  3185
387  1433
387  1018
388  2918
388  967
388  1160
388  3081
388  743
388  1805
388  1098
388  3486
388  3071
389  4632
391  1570
391  1831
391  2568
391  2633
391  1031
391  4684
391  2760
391  1940
391  1598
391  4103
391  3004
391  1886
391  2207
392  1383
392  2153
392  1514
392  2100
392  4895
393  1272
393  821
393  750
394  512
394  616
394  3282
394  1686
394  408
394  699
394  1150
395  1379
395  4812
395  4524
395  495
395  755
395  2685
396  742
396  873
396  587
396  2319
396  2160
396  852
396  2006
396  819
396  3034
396  3292
396  3194
397  1284
397  4326
397  1094
397  3305
397  1131
397  2380
397  1266
397  2770
397  1038
397  2237
397  693
398  2080
398  3522
398  1765
398  3086
398  1297
398  730
399  1334
400  2440
400  1781
400  3094
400  1406
401  2338
401  1636
401  631
401  2007
401  2010
401  1790
402  3280
402  3458
403  2211
403  681
403  1098
403  2776
403  3096
403  1500
403  1469
403  926
404  3716
404  796
404  3787
404  845
404  2542
404  3983
404  2517
404  2742
404  2455
404  2556
404  2110
406  2248
406  2251
406  588
406  2898
406  2644
407  2403
407  2408
407  530
407  630
407  1719
407  4572
407  4959
408  2788
408  743
408  2923
408  1581
408  2335
408  499
408  3416
408  3647
408  4315
408  3434
408  4031
409  4034
409  459
409  1583
409  656
409  1713
409  1938
409  855
409  4380
409  3189
410  776
410  801
410  421
411  1312
411  1767
411  1192
411  2126
411  1170
411  1044
411  950
412  1998
412  2165
412  2871
412  2360
412  1721
412  4506
413  3587
413  1322
413  4364
413  4432
413  917
413  1751
414  1822
414  3129
414  3262
414  799
415  3714
415  4163
415  1413
415  1287
415  660
415  1028
415  3711
415  933
416  1447
416  1768
416  626
416  435
416  2734
416  572
417  4613
417  807
417  722
417  3324
418  2993
418  2797
418  1712
418  3848
418  3349
419  4013
419  4750
419  1148
420  2665
420  2383
420  468
420  1529
420  2011
420  446
421  1544
421  457
422  4719
424  1379
424  4393
424  3598
424  1588
424  440
424  4281
424  894
425  482
425  4082
425  1877
425  3093
426  2818
426  4137
426  3025
426  1142
426  920
426  1055
427  2721
427  1062
427  1871
427  1438
427  2934
427  3620
427  698
427  2879
428  646
429  1638
429  1256
429  1321
429  723
429  2681
430  1000
431  747
431  2822
431  1863
431  1641
431  4299
431  563
433  3332
433  1128
433  951
433  1588
433  1527
434  1780
434  525
435  689
435  737
436  674
436  2095
437  3940
437  4524
437  1175
437  4282
437  3612
437  4159
438  540
438  620
439  765
440  1971
440  2947
441  3428
441  1638
441  1415
441  812
441  3853
441  3086
441  1077
441  1438
441  543
441  3388
441  1789
441  2878
441  4383
442  1408
442  3371
442  3855
442  664
442  1180
443  4329
443  1213
443  4474
443  4509
443  2334
444  2596
444  809
444  4299
444  1154
444  4558
444  1146
444  4379
444  2591
445  4503
445  3286
445  1495
445  504
445  3402
445  2559
446  1912
446  4584
447  2628
447  3941
447  745
447  1436
448  936
448  1628
448  4104
448  3477
448  4156
449  772
449  4103
449  2705
449  4767
450  2307
450  678
450  1771
450  3833
451  1805
451  2369
452  1973
452  2629
453  705
453  1787
453  2374
453  2763
453  943
453  3666
453  4310
453  2810
453  3835
453  4925
453  4735
454  617
454  1811
454  3214
455  1452
455  2388
455  2893
456  2402
456  3333
456  874
456  2382
456  701
456  1844
456  764
456  3645
456  4063
457  3620
457  3030
457  4859
457  636
458  517
458  1625
458  1683
458  789
458  2358
458  3961
458  3993
458  1014
459  1288
459  1186
461  772
461  2635
461  813
461  1495
461  932
461  858
462  4817
462  4209
462  2556
462  957
463  4186
464  2487
465  3064
466  1792
466  675
466  1349
466  2700
466  3724
466  1325
466  2832
466  2226
466  4003
466  982
466  4280
466  2361
466  4588
467  868
467  2694
467  839
467  1621
467  1302
467  3127
468  2531
468  2067
468  1047
468  4857
469  2465
469  2857
469  1118
469  591
469  699
469  2940
469  510
471  961
471  3909
471  3041
471  2247
471  2399
471  4725
471  1110
471  2299
471  3841
471  4389
471  2751
472  4865
472  1763
472  4358
472  903
472  715
472  3993
472  4658
472  628
472  3646
472  4791
472  2200
472  4057
472  1499
473  1280
473  1633
473  4012
473  2650
473  701
473  1374
474  1061
474  1383
474  4215
474  2493
475  688
475  3654
475  682
475  2419
475  3693
475  3023
475  752
475  531
475  1235
475  3860
475  3965
475  1758
475  1247
476  2816
476  4197
476  2860
476  684
476  3125
476  879
476  754
476  1268
476  2166
476  3663
476  4157
476  3525
477  1987
477  1087
477  3215
477  693
477  4345
477  2047
478  3236
480  2234
480  3079
481  2759
481  4235
481  1580
481  2322
481  1107
481  4188
481  1693
481  4213
482  3625
482  3305
482  1067
482  4137
483  505
483  1915
483  1992
485  2020
485  3562
485  568
485  4260
485  1307
486  3152
486  4367
487  1697
487  1414
487  1193
487  4464
487  2097
487  602
488  1412
488  2798
488  1359
488  560
488  1041
488  659
488  2203
488  700
488  4703
489  2459
489  2469
489  1509
489  1401
489  4219
489  3519
492  1467
492  2145
492  803
492  3302
492  3626
492  1707
492  3916
492  3475
492  1589
492  1238
492  633
492  3004
492  1290
493  1755
494  519
494  3923
494  1663
495  1216
496  2696
496  3341
496  1647
496  3641
496  955
496  4764
497  4981
498  3476
498  753
499  514
499  651
499  3529
499  1546
499  2827
499  2830
499  1199
499  785
499  1587
499  3289
499  4767
500  712
500  4844
500  1335
501  4544
501  2884
501  1926
501  1990
501  3048
501  3849
501  2154
501  3500
501  3667
501  4629
501  761
501  927
502  3363
502  2822
502  1267
502  537
503  2372
503  1298
503  3060
504  1107
504  1223
504  4508
504  1293
504  2899
504  574
505  553
505  4642
505  1734
506  3927
507  517
507  904
507  4523
507  1708
507  1328
507  4307
507  4195
507  3765
507  3833
507  1979
507  2172
508  1441
508  4386
508  4552
508  3209
508  3339
508  1004
508  1807
508  2292
508  3478
508  4089
510  2849
510  897
510  4268
510  4942
510  2169
510  3996
510  2540
511  2311
511  2932
511  790
511  2526
512  1538
513  3844
513  1393
513  3958
513  2948
513  1754
513  3868
513  3453
514  4896
514  908
514  1277
514  1823
515  1925
515  1895
515  4459
515  2829
515  2606
515  2021
516  813
516  542
516  2021
517  4544
517  4776
517  1161
517  4586
517  1389
517  861
517  1174
517  2906
517  2271
519  4449
519  4876
519  2478
519  2646
519  1407
521  673
521  2241
521  4264
521  1255
521  1902
521  1425
521  3124
521  3509
521  567
521  3257
521  2332
521  2399
523  1284
523  4549
523  2667
523  4881
523  4498
524  545
524  3008
524  1967
524  3252
524  662
524  668
524  1405
525  708
525  3462
525  2055
525  3754
525  1867
525  2860
525  4240
525  1041
525  2226
525  4115
525  1624
525  3508
525  1208
525  2328
526  964
526  775
526  1282
526  2094
526  1682
526  565
526  2359
526  4770
526  1020
527  4166
527  1350
527  1773
527  1271
527  4152
528  3058
528  3269
531  2115
531  4359
531  1744
531  690
531  1919
533  1634
533  2793
533  1290
533  2605
533  1361
533  4754
534  2086
534  1062
534  1159
534  1931
534  1773
534  1906
535  1672
535  4361
536  1219
536  2564
536  1894
536  2574
536  1043
536  565
536  4654
536  4222
537  1812
537  894
538  2119
538  2159
538  4050
538  2901
538  3131
539  4961
539  2666
539  3888
539  3764
539  4247
539  916
540  3649
540  1576
540  1804
540  2846
541  1377
541  1158
541  1232
541  4208
541  1972
541  1078
542  946
542  4011
542  2446
543  3316
543  2727
544  1355
545  2525
546  558
546  1008
546  4150
546  2424
546  1401
547  1449
547  2026
547  677
548  576
549  3556
549  2794
549  1305
549  3293
550  3269
550  781
551  1057
551  1032
551  2153
551  2136
551  795
552  1086
553  577
553  3879
553  776
553  3056
553  857
553  3357
554  4453
554  3760
554  4279
554  1246
555  4451
555  2436
555  3469
555  592
555  1044
555  1750
556  4533
556  1865
557  2539
557  1686
557  4407
558  2048
558  1035
558  2699
558  716
558  1522
558  4977
558  850
558  3482
558  1922
558  4735
559  582
559  766
559  757
560  1770
560  1676
560  2256
561  658
561  3804
561  4750
562  1355
562  2652
563  2916
563  1003
563  2541
563  3348
563  2455
563  2936
563  3229
564  1959
564  3217
564  1817
564  606
565  1413
565  3402
565  3119
565  2873
565  1212
566  4033
566  1262
566  976
566  4923
567  3141
567  3051
567  784
567  2520
567  3486
568  614
568  1776
568  1874
568  1592
568  667
569  2120
569  3507
569  2157
569  1566
569  4632
569  3226
569  3290
569  670
571  2720
571  3938
571  1737
571  1196
571  3342
571  3152
571  1011
571  2069
571  2934
571  4937
571  3733
572  1153
572  1764
572  2790
572  3233
572  3213
572  2996
572  1431
572  3226
572  3263
573  4067
573  3337
573  1265
573  2003
573  1342
574  970
574  1717
574  831
575  1120
575  1673
575  3088
575  2843
575  3231
576  3206
576  3975
576  681
576  2219
576  914
576  3966
577  4807
577  3540
577  854
577  4250
577  1436
578  800
578  4536
578  596
578  3320
578  2012
579  4522
580  1254
580  1702
580  650
580  1231
580  4569
580  2812
581  1248
581  3194
581  1998
582  2275
582  2885
582  1872
582  2834
582  3571
582  1655
582  1626
582  2575
582  895
583  3108
583  2726
583  1159
583  1162
583  811
583  4845
583  4206
583  2610
583  2453
583  728
584  1988
584  615
584  687
584  1173
585  3584
585  4907
587  2464
587  2053
587  905
587  844
587  2958
587  4526
587  4760
587  773
588  1824
588  2819
588  1669
588  668
588  4562
588  3801
588  3868
588  4485
589  2086
589  2151
589  4588
589  2414
589  946
590  844
590  2091
590  1939
591  2488
591  1266
591  2680
591  3711
593  870
593  3148
593  2612
593  1273
594  3041
594  3619
595  3538
595  617
595  1400
595  3261
596  2081
596  4028
596  1130
597  4476
597  2766
598  2766
599  2403
599  1064
599  4938
599  3303
599  1708
599  4827
600  4449
600  1943
602  2724
602  3204
603  1155
603  1095
603  619
603  1260
603  1264
603  2659
603  1942
603  3452
605  4665
605  3431
605  2101
605  697
606  3224
606  1076
606  3865
606  3416
606  765
606  1534
607  1409
607  1096
607  1962
607  1295
607  2002
607  2163
607  1813
607  4444
608  2208
609  612
609  2916
610  1808
610  803
610  3622
610  3822
610  4208
610  4050
611  2586
611  4274
611  2576
612  928
612  1473
612  1225
612  1066
612  2418
612  1788
613  642
614  4402
614  4429
614  4306
614  1882
617  1552
619  1272
619  3842
619  4640
620  944
620  1172
620  1870
621  721
621  4298
621  4419
622  2274
622  4465
622  3222
622  1242
623  2177
623  707
623  2183
623  2956
623  4748
623  2189
623  655
623  2802
623  1172
623  2486
623  1630
623  3743
624  1331
624  1555
626  1907
626  1783
628  2369
628  679
628  4874
628  3052
628  2161
628  4635
629  4201
629  1698
629  2847
630  3010
630  3105
630  913
630  4414
631  3708
631  2149
631  4873
631  779
631  2959
631  1712
631  2546
631  981
631  4924
631  734
631  4949
632  1378
632  1900
632  1784
632  2713
632  1343
633  884
633  2260
635  1543
635  1001
635  820
635  3351
636  4200
636  3213
636  2670
636  3128
636  3929
636  2458
637  1056
637  2117
637  4838
637  972
637  1131
637  1548
637  3164
637  1912
637  3187
637  663
637  3896
637  2135
637  4124
637  2749
638  1157
638  3772
638  2090
638  2156
638  4623
638  2354
638  4499
638  2839
638  1785
638  4636
639  4929
639  1458
640  835
640  1445
640  1127
640  1201
641  3492
641  3175
641  4843
641  4597
643  818
643  2658
644  2533
646  1984
646  3907
646  3398
646  988
646  848
646  1425
646  1490
646  3699
646  822
646  2999
646  1787
646  1788
646  1855
647  2001
647  1662
647  2273
648  1193
649  1184
649  2754
649  752
649  3121
649  2482
649  2901
650  4481
650  4836
650  2298
650  2395
650  2045
651  1365
652  1028
652  2076
652  4993
653  4129
653  2723
653  3557
653  1403
653  3787
653  4239
653  690
653  4436
653  3444
653  2479
653  884
654  717
655  4224
655  3799
656  1043
656  2444
656  2163
656  695
657  955
657  2838
659  2592
659  4395
659  2063
659  2065
660  2466
660  741
660  2953
660  909
660  1680
660  2259
660  3192
660  827
661  726
661  2193
661  3275
661  1137
661  3862
661  1719
661  4186
661  4319
662  4311
663  1314
663  1956
663  4295
663  2350
663  1906
663  2190
663  1975
663  4708
664  2883
664  1989
664  2458
664  2332
665  1472
665  1956
665  1514
666  777
666  1934
666  2515
666  4916
666  2039
666  3199
667  3697
667  966
669  4931
670  3590
670  2089
670  1995
670  2104
670  3933
671  3841
671  3779
671  805
671  3495
671  2380
671  2821
671  1112
671  3098
671  4191
674  4482
675  2449
675  2981
676  2585
676  1798
677  2850
678  4803
678  4135
678  2985
678  4002
678  1806
678  785
678  4132
678  3195
679  2171
679  4828
680  1537
680  3115
681  2084
681  2179
681  4063
682  1337
682  3363
682  3589
682  1501
682  4912
682  1202
682  1619
682  1881
682  3321
682  4253
683  2436
683  3280
683  4497
683  2107
684  1680
684  2979
684  3588
684  2316
684  3312
685  3802
686  1185
686  3015
686  4201
686  2328
686  1564
687  1563
687  1483
687  2692
687  1351
687  1801
687  1739
687  3591
687  749
687  4495
687  724
688  865
688  2690
688  4599
688  4343
688  3738
688  2524
689  2175
690  1356
690  1358
690  1419
691  1090
691  1924
691  4846
692  786
692  1323
694  2267
695  3938
695  3281
695  882
695  2746
697  4808
697  1582
697  3704
697  4379
698  1111
699  1738
699  869
699  3239
700  1828
700  2182
700  810
700  1421
700  3440
700  2349
700  4279
700  4478
701  4256
701  2405
701  4551
701  4106
701  2033
701  4502
701  827
701  1662
701  4479
702  2160
702  1999
702  2775
703  3149
703  3957
703  1399
703  959
704  4611
704  2104
704  983
704  4824
704  3939
704  915
705  1289
706  3143
706  1724
706  811
706  4334
706  3953
706  4885
706  4251
706  4924
706  4199
706  830
706  3303
707  1571
707  2353
707  977
707  1743
709  4171
709  3794
709  720
709  3922
710  4131
710  3915
710  717
710  1176
710  2290
710  2037
710  1752
710  1115
710  1948
711  992
711  934
711  4277
711  1049
711  3641
711  862
712  3255
713  1737
713  1418
713  952
713  2075
714  2178
714  3234
714  3480
714  4797
715  1642
715  2158
715  851
715  1621
715  890
716  4096
716  3600
716  3284
716  2871
716  1499
716  1567
717  1168
719  1385
719  2502
719  2911
721  1324
723  897
724  1794
724  4900
725  1491
725  846
726  2432
726  2346
726  2035
726  2552
726  4522
726  1918
726  3669
727  1915
727  970
727  4419
727  3707
729  3174
729  4905
729  4783
729  1006
729  1110
730  3331
730  1286
730  3175
730  1453
730  4621
730  3410
730  3255
730  4060
730  3550
731  909
731  3347
731  1731
731  1591
731  2851
731  3420
731  990
732  867
732  748
733  1756
733  1887
735  4046
735  3014
737  1584
737  4082
737  3415
738  3694
739  1268
739  767
740  1449
741  3750
741  999
741  3434
741  1579
741  3387
741  1950
742  1792
742  3840
742  1893
742  1479
742  2290
742  788
742  2968
742  1460
743  4040
743  1150
743  1966
744  1318
744  4262
744  1225
744  4810
744  3087
745  2625
745  3491
745  4324
745  4744
745  4195
745  4342
745  4988
745  1821
747  4962
748  2497
748  1828
748  4230
748  2025
749  1152
749  2152
750  2231
750  4844
750  4297
750  2745
750  1353
751  2626
751  2706
752  2858
752  2765
752  3946
752  3743
753  1249
753  1090
753  4170
753  1492
754  1030
754  2642
754  2070
754  4058
754  4475
755  2650
756  902
757  4304
757  2162
758  3652
758  1191
758  1033
758  2379
758  2562
758  3310
758  2287
758  976
758  1073
758  1617
758  1239
758  792
759  819
759  1727
761  2329
762  763
762  1317
763  4512
764  3110
765  3490
765  4483
765  2510
765  4692
766  771
767  4401
767  4682
767  3365
769  2777
769  2229
770  1625
770  2886
771  2945
771  994
771  1606
771  2096
771  2306
771  1230
771  4973
771  1456
771  3864
772  3024
772  900
772  2585
773  4162
773  2235
773  983
775  2470
775  1168
775  822
775  856
775  825
775  3098
775  4254
776  3544
776  2595
776  1205
777  2840
778  4759
779  1091
779  1574
779  1034
779  4815
779  1972
779  2494
779  3178
779  4286
780  1137
780  3834
780  1163
780  1260
780  4465
780  3667
780  2068
780  1400
780  4794
780  1596
780  2394
781  4649
781  2635
781  2040
781  2451
781  2839
781  4952
781  4772
782  1034
782  3970
785  1793
785  2057
785  1930
785  1169
785  1174
785  2671
785  1468
785  1731
785  2245
785  2657
785  972
785  1745
785  4437
785  4321
785  3558
785  3047
785  4073
785  3949
785  3695
785  1777
785  2930
785  1914
786  2249
787  1824
787  1955
787  3395
787  2742
788  4675
788  4044
788  908
788  4626
788  2357
788  1271
788  1145
788  1179
788  2613
789  1147
789  4651
789  1040
789  1370
789  4219
790  1704
790  3403
790  1869
790  2872
790  1599
790  4252
790  2557
792  1402
792  949
792  975
794  1753
794  4193
795  2784
795  3785
795  4271
795  2078
797  2233
797  1347
797  1980
798  1492
798  2972
799  832
799  1478
799  1671
799  4224
799  4334
799  2255
799  958
799  1595
799  1404
799  4925
799  3774
800  2544
800  1636
800  3249
801  2091
801  2243
802  3878
802  4265
802  2832
802  1586
802  860
804  1812
805  2903
805  1251
805  3951
806  4593
806  3381
806  4254
806  4671
807  2450
807  3597
807  2687
808  4907
808  4886
809  1081
809  899
811  2014
812  1188
812  1478
812  1927
812  2223
812  3891
812  2452
812  1301
812  1340
812  2653
812  2421
813  1730
813  3341
813  1683
813  3702
813  3613
814  2904
814  2620
816  2460
816  2150
817  1898
818  888
819  2137
819  4212
819  1510
820  3767
821  873
822  924
822  4252
822  3311
823  1567
824  2017
824  4071
824  2547
824  1591
825  2946
825  4361
825  2514
825  4762
825  1087
826  2977
826  962
826  2795
826  2961
827  4257
827  997
827  1542
827  4721
827  3669
827  1759
829  2627
829  965
829  1065
829  1609
829  2202
829  1979
830  1092
831  1666
831  981
832  1221
832  1231
832  1374
832  3287
832  2462
833  963
833  4580
833  1802
833  1410
833  3758
833  3925
833  3836
834  856
834  895
834  2793
835  2058
835  2638
835  2479
835  4540
837  2853
837  3660
837  4781
837  3897
837  4283
837  958
838  1472
838  4484
838  1642
838  3890
838  1146
838  1275
839  1365
840  1723
840  4214
841  1381
841  4207
841  1553
841  3737
841  4699
842  4300
842  1876
842  1428
842  2511
843  4326
843  4198
843  1352
843  1257
843  1072
843  1650
843  1299
844  2859
844  3430
844  2088
844  2414
844  2360
844  1723
844  1276
847  1376
847  3059
847  3542
847  4896
848  4897
848  1474
848  2729
848  1692
848  2318
848  2448
848  1202
848  3158
848  4984
848  2938
848  2876
848  2397
849  2913
849  1986
849  1476
849  2874
850  1822
850  1700
850  2919
850  2477
850  2227
850  1973
850  4247
850  4666
850  4093
850  2003
850  1397
853  1319
853  2955
853  3118
853  949
853  1819
854  3216
854  1931
854  3647
855  1651
856  1936
856  4613
857  1094
857  3560
857  2123
857  1677
857  3565
857  4860
858  2781
858  2027
858  4463
859  1012
859  1273
859  3832
859  2324
860  3301
860  2662
860  1707
860  2683
860  4165
861  1212
861  2645
862  4868
862  1735
862  1101
862  880
862  4535
862  4217
865  1233
865  2080
865  4607
866  4768
866  2342
866  1395
866  1688
866  1689
866  4349
867  4898
867  1739
868  4387
868  3223
868  3763
869  889
870  1074
870  3447
870  3288
870  1468
872  3840
872  2498
873  3542
873  1709
874  4070
874  1482
874  4072
874  4983
874  3128
875  1945
875  1754
876  2103
876  1254
876  3559
877  3050
877  4999
877  1919
878  1052
878  1615
879  1031
880  1529
880  1189
880  4573
881  1748
883  3155
883  1796
883  3165
884  1259
884  1545
884  1801
887  2980
887  2284
887  1651
887  2649
888  1017
888  1291
888  2530
889  4028
890  1481
891  1631
893  3904
893  4833
893  1125
893  4620
894  965
894  1063
894  2186
894  1039
894  1200
894  2066
894  3445
894  4183
894  1661
894  2398
895  2532
895  4206
895  4787
895  4277
895  2463
896  3148
896  2222
897  1982
898  2194
898  2844
898  4126
899  3716
899  931
899  4382
900  2617
901  1947
902  4136
902  2268
902  4999
903  2172
903  1101
903  1985
904  1490
904  1084
905  1091
905  1097
906  1350
906  3894
906  4730
906  2398
907  3059
908  3456
908  2467
908  3494
908  3302
908  2632
908  1849
908  2077
909  2180
909  3627
911  1953
911  4136
911  4681
911  4144
911  3378
912  1440
912  3251
912  1844
912  3421
913  2500
913  3413
914  2754
914  4730
914  1878
917  3792
917  2230
917  3034
917  1658
918  3776
918  3884
918  1045
918  1109
919  1513
920  1029
920  1324
920  4175
920  2737
921  4961
921  3580
921  3197
923  3940
923  2187
923  2130
923  3507
924  4357
924  2317
924  2895
924  1140
924  1367
925  2435
925  1996
925  3569
925  1853
926  4217
927  3737
927  3405
928  1450
928  1165
928  4180
928  2390
928  2621
928  2623
929  2208
929  4065
929  4139
929  2676
929  1658
930  4681
930  1390
931  3392
931  4737
931  4392
931  4398
931  3459
931  4501
931  3574
932  1203
932  1009
932  3986
932  3443
932  980
934  2054
934  3816
934  2537
934  2030
935  1258
935  1067
935  973
935  2321
935  2168
935  4414
936  2673
936  1652
937  4368
939  3256
939  4943
941  4068
941  4359
941  3472
941  3889
941  1010
942  3843
942  3593
942  4268
942  1300
942  4409
944  4618
944  4812
944  3408
944  2783
945  4839
945  2698
945  4590
945  1877
945  2682
945  1180
945  3354
946  1487
947  1784
947  1097
948  3126
949  1152
949  1491
950  2566
951  1162
951  3771
951  2009
952  2023
953  4611
953  1572
953  4554
953  3629
953  4559
953  3413
953  1209
955  2923
955  1224
955  3360
957  4069
957  4391
957  3944
957  3215
957  3863
957  1181
958  2297
958  2173
959  1859
960  2912
960  4803
961  2044
961  3061
962  1864
962  2381
963  1714
963  1403
963  2948
964  2480
964  3145
964  4645
966  995
967  2474
967  2647
967  1582
967  1135
967  4595
967  3383
967  4541
969  2336
969  4457
969  1648
969  1338
969  2526
970  2808
970  2771
970  1702
971  2689
971  2889
971  1138
971  4633
972  1920
972  1989
972  2152
972  3706
973  2697
973  4181
973  2537
973  4702
974  1276
975  2722
975  1795
975  2282
975  4684
975  1330
975  3154
975  3481
975  2410
975  1311
976  1864
976  2642
976  3391
977  3671
978  2051
978  1958
978  2029
978  4695
979  4515
980  1046
980  1000
980  2198
980  2111
982  2353
983  1144
983  2689
984  1024
984  2015
985  1166
985  2807
986  1424
986  1570
986  1005
987  1664
987  2174
988  1312
988  4960
988  2631
988  1545
988  1164
988  2704
988  4856
988  3548
990  3235
990  1030
990  1326
990  2481
990  4886
991  4176
991  2377
993  4798
994  2178
994  4424
994  2411
994  1836
994  1230
994  3247
994  3376
995  4417
995  2307
995  2438
995  4555
995  1391
996  3584
996  2884
996  3179
996  4146
997  2339
997  4228
997  3611
997  2780
998  2734
998  1136
998  1778
998  1557
998  4059
999  1419
1000  1573
1000  1872
1000  1623
1000  2168
1000  4596
1000  3610
1001  1007
1001  1228
1001  1583
1001  2356
1001  1439
1002  2456
1002  3014
1002  4118
1003  3391
1006  1339
1006  1221
1007  1879
1008  2575
1009  1348
1010  1443
1010  2950
1010  2637
1010  4018
1011  1512
1011  2991
1011  1940
1011  2010
1012  1496
1012  4088
1012  3230
1012  4095
1013  2079
1014  2049
1014  1427
1014  3674
1015  1760
1015  2173
1015  2415
1015  2551
1015  4636
1015  2205
1016  1160
1017  4610
1017  3502
1017  4272
1017  3063
1018  1866
1018  4875
1018  4285
1018  4287
1019  2452
1019  4365
1020  4867
1020  1192
1020  2768
1020  1297
1020  1624
1021  1667
1023  1635
1023  1108
1024  2606
1025  1928
1025  3970
1026  3588
1026  1646
1026  1071
1026  1937
1026  4510
1027  1760
1027  2214
1027  1511
1028  2441
1028  1842
1028  2205
1029  3635
1031  3328
1032  4035
1032  2507
1032  1732
1032  4356
1032  3962
1033  1099
1033  2052
1033  2070
1035  1803
1035  1861
1036  1416
1036  3171
1037  3107
1037  1795
1037  1430
1037  3097
1037  3388
1038  2308
1038  3198
1039  1147
1039  4958
1039  1198
1040  1526
1041  4405
1041  4583
1041  3509
1041  3487
1043  1445
1044  1810
1044  3075
1044  3967
1045  2661
1045  2247
1045  3754
1045  1810
1045  4467
1046  3281
1046  1503
1047  3920
1047  3723
1047  4518
1047  2667
1047  3501
1047  3053
1047  1963
1047  2294
1047  2427
1047  2524
1047  4413
1048  1883
1049  1632
1049  1213
1049  2703
1050  4390
1050  1981
1051  1408
1051  1883
1051  3721
1051  4269
1051  2451
1051  3227
1052  4552
1052  1340
1052  2204
1052  1053
1054  1306
1055  4290
1055  3340
1055  4605
1055  1497
1056  4673
1056  4597
1058  2885
1059  4106
1059  1460
1059  2989
1060  3777
1060  1541
1060  3725
1060  4852
1062  1884
1063  1666
1063  1961
1063  1885
1063  1145
1063  2042
1063  4669
1063  1759
1064  2024
1064  1892
1064  1415
1065  2032
1066  4835
1066  4489
1066  3858
1066  4355
1066  4804
1066  4892
1068  2465
1068  4806
1068  1711
1068  1983
1068  3546
1068  3487
1069  2189
1070  2567
1070  3539
1070  2195
1070  4599
1071  4903
1071  3370
1071  2798
1071  4689
1071  4505
1071  3035
1071  1628
1073  3638
1073  3725
1074  4530
1074  1947
1075  3040
1075  2491
1075  3468
1077  1833
1078  1539
1078  2998
1078  2013
1079  2853
1079  4327
1079  1610
1079  2221
1079  3283
1079  1722
1079  1502
1080  2390
1080  2341
1080  2223
1080  1426
1080  2454
1080  2362
1082  1521
1082  3774
1083  3755
1084  4439
1085  2496
1085  3906
1085  1205
1087  1668
1087  2751
1088  1657
1089  2989
1090  3591
1091  3696
1091  1270
1092  2678
1093  3995
1094  2233
1094  1901
1094  3270
1095  3969
1096  3685
1096  4902
1096  2518
1096  3017
1096  1804
1096  1746
1096  2227
1096  1747
1096  3094
1097  1121
1097  2757
1097  2600
1097  4053
1097  4056
1098  3553
1098  3599
1098  3799
1098  1279
1099  1480
1099  4190
1101  3414
1102  3682
1102  4003
1102  2020
1102  3493
1102  3815
1102  1800
1102  1688
1102  3566
1102  3345
1102  2744
1102  3801
1102  1530
1102  3260
1102  3381
1103  4901
1104  1614
1104  4821
1104  2494
1104  3327
1105  4680
1105  1993
1106  2241
1106  4132
1106  3430
1106  4423
1106  2503
1106  3695
1106  2462
1108  4778
1108  1283
1108  3836
1109  3113
1109  2636
1109  2431
1110  1862
1110  1991
1112  1347
1114  1446
1114  3144
1114  4490
1114  1420
1114  3085
1114  3153
1114  1171
1114  1143
1116  3418
1117  2951
1118  3050
1118  3718
1119  3704
1119  1177
1120  3531
1120  4235
1120  3311
1120  2006
1121  1263
1121  1807
1122  4567
1123  2904
1123  2060
1125  4481
1127  2352
1127  2577
1128  1530
1128  2725
1130  4026
1130  4643
1131  1346
1131  3975
1131  3756
1131  2129
1131  1884
1132  2865
1133  4971
1133  4788
1134  3640
1135  1729
1135  3291
1136  1464
1136  1489
1137  4323
1138  2563
1138  3463
1138  1710
1138  2545
1138  3007
1139  1275
1139  1293
1139  3850
1140  1444
1140  3878
1140  1772
1140  4400
1140  3634
1140  2619
1141  2817
1141  2501
1142  2253
1142  4270
1142  4656
1142  1684
1142  2582
1143  1610
1143  1518
1143  3130
1143  3934
1144  2584
1146  4918
1148  1765
1149  4801
1149  2018
1149  3651
1149  1742
1149  2257
1150  3846
1151  2677
1153  2543
1155  2016
1156  1985
1156  3243
1156  2803
1156  1556
1156  3351
1156  1566
1157  4610
1157  1357
1158  3523
1158  4836
1158  1427
1158  3583
1159  2854
1159  2476
1159  2797
1159  3568
1159  3409
1159  2258
1159  4600
1159  2939
1160  2755
1160  1868
1160  3986
1160  2643
1160  4644
1160  1914
1160  4316
1160  1277
1162  4087
1163  1825
1163  1363
1163  2648
1163  2557
1164  1669
1164  4230
1164  1520
1164  4858
1164  3389
1165  2496
1165  2483
1165  3407
1166  2295
1167  2327
1167  3309
1167  1718
1169  3683
1170  1440
1170  4069
1170  4492
1170  4079
1170  2416
1170  1597
1170  3455
1171  2737
1171  3955
1171  1845
1171  3862
1171  2682
1171  1278
1172  4364
1173  4305
1173  1654
1173  2037
1174  1387
1174  1894
1174  1803
1174  3918
1174  4014
1175  2321
1176  3248
1176  1524
1176  1229
1177  1882
1177  2702
1177  4487
1178  1220
1178  1510
1178  2386
1178  1396
1178  2393
1178  4954
1179  1481
1179  1397
1180  2266
1182  3521
1182  1480
1182  1430
1182  4411
1183  4244
1185  2489
1187  2730
1187  1246
1188  1767
1189  2707
1189  2069
1189  3823
1191  3353
1191  1375
1191  1647
1193  2577
1194  2816
1194  4736
1195  1677
1195  1843
1195  1206
1195  2619
1196  4864
1196  2306
1196  1635
1196  4523
1196  1933
1197  4728
1197  3906
1197  3823
1198  4654
1199  1306
1199  2362
1199  4078
1200  3928
1200  3274
1201  4571
1202  4781
1203  1734
1203  2762
1203  2500
1203  2522
1203  3423
1204  3330
1204  3429
1204  1319
1204  3923
1204  1816
1204  2781
1205  3401
1205  1315
1206  2195
1208  4505
1208  4556
1210  2418
1210  3867
1210  2983
1212  3433
1212  1523
1214  4221
1215  2059
1215  2896
1215  2292
1215  3990
1215  1307
1216  1946
1219  1786
1219  2660
1219  2237
1220  3990
1221  4113
1221  2351
1222  4994
1222  2543
1222  2768
1222  1333
1222  4601
1222  4732
1223  3960
1223  3111
1224  1725
1226  1945
1226  1649
1226  2799
1227  4775
1227  2343
1227  3719
1227  1229
1227  1968
1227  1726
1228  2818
1228  2504
1228  4077
1228  2958
1228  4433
1228  3058
1228  2965
1229  3168
1229  3794
1230  1576
1230  3493
1232  1371
1232  3294
1232  1335
1233  4695
1235  3489
1235  2895
1235  3567
1235  4531
1235  2397
1236  1917
1236  2686
1236  2699
1237  4867
1237  1649
1237  3271
1237  4401
1238  4667
1238  2228
1238  3894
1239  4105
1240  2937
1240  4776
1240  1829
1241  4054
1242  4774
1242  3979
1242  3478
1242  2489
1242  1818
1243  4291
1244  2199
1245  1745
1246  4546
1246  3237
1246  3362
1246  3503
1246  3678
1247  3555
1247  4425
1247  1387
1247  3314
1247  3933
1248  2658
1248  3625
1248  1899
1248  3870
1249  2289
1249  4177
1252  3412
1253  4039
1253  4575
1255  1898
1255  4404
1255  1304
1255  2911
1256  3338
1256  4316
1257  4547
1257  3974
1257  1357
1257  2443
1257  4668
1258  3624
1258  2668
1258  3343
1258  2392
1258  3231
1260  2401
1261  3467
1261  2684
1262  1762
1262  3205
1262  1735
1262  4680
1262  2099
1262  4535
1263  4948
1264  1571
1264  4938
1264  4245
1264  2999
1264  4024
1265  2239
1265  3877
1265  3439
1267  4967
1268  2240
1268  1830
1268  2375
1268  2174
1270  1814
1270  3159
1272  3703
1272  1294
1272  4151
1274  2592
1274  4065
1274  1607
1274  1941
1278  1976
1278  1363
1278  3032
1278  4185
1279  2986
1279  2727
1281  3770
1281  3279
1282  1597
1283  2530
1283  4557
1284  2129
1284  1891
1285  2144
1285  3905
1285  2785
1285  4972
1285  3861
1287  2508
1287  4047
1287  3344
1287  1781
1287  2456
1287  3389
1288  4862
1289  1411
1289  1300
1289  1659
1291  3968
1291  4228
1291  4210
1291  2966
1291  3708
1292  2225
1293  1426
1294  1568
1294  3172
1294  4527
1294  2110
1295  2527
1296  1345
1297  4837
1297  2504
1297  3212
1297  2413
1300  4273
1300  2548
1300  3222
1300  3005
1301  3368
1301  3146
1301  4398
1301  3728
1301  1944
1302  3876
1303  2175
1305  1493
1306  3013
1306  3686
1306  1321
1306  3211
1306  2892
1306  2714
1307  2752
1307  3559
1308  4793
1309  3120
1309  4690
1309  2188
1310  2192
1311  4242
1312  3244
1314  1952
1314  1507
1314  2756
1314  2957
1316  4616
1316  4722
1316  2905
1316  4638
1317  2167
1317  4430
1317  3999
1318  4752
1320  3513
1320  1333
1321  2159
1322  2068
1323  3921
1323  3286
1323  4127
1324  4816
1326  1364
1326  2005
1327  3877
1327  2671
1327  1362
1327  3895
1330  4160
1330  3777
1330  4360
1330  1388
1331  3488
1331  1452
1331  2609
1331  2002
1331  2297
1335  2534
1335  1503
1336  1670
1336  2045
1336  4381
1336  1431
1336  2138
1336  1533
1337  4390
1338  1970
1338  2278
1338  4679
1339  2171
1339  4421
1341  2572
1342  2800
1342  1764
1343  4249
1343  1517
1344  4005
1345  4998
1345  4008
1345  2300
1345  4125
1346  3609
1347  4307
1347  2196
1347  2868
1347  1402
1347  4116
1348  2288
1348  3536
1348  1694
1352  2757
1352  1606
1352  1548
1352  1775
1352  1423
1353  2187
1357  2147
1357  2477
1358  4760
1358  1852
1359  4205
1359  2815
1360  2730
1360  3773
1361  4848
1361  2713
1361  1902
1362  4378
1362  1791
1362  3359
1364  2274
1364  2287
1365  2924
1365  3633
1365  4950
1365  4792
1365  3903
1366  3490
1366  2512
1366  4178
1366  1593
1367  4865
1367  3578
1367  3607
1368  2805
1369  3952
1369  1484
1370  3885
1370  2406
1370  2301
1371  2096
1373  1797
1373  4039
1373  3101
1373  3455
1374  1378
1374  2043
1374  1761
1375  2176
1375  3926
1377  2637
1379  3204
1379  1422
1380  4854
1381  3202
1381  2651
1382  2890
1382  1835
1382  4140
1382  3857
1382  2802
1382  2687
1382  1594
1382  1659
1382  1690
1382  4223
1384  3874
1384  2956
1384  1661
1386  3155
1387  1811
1389  1730
1389  2387
1389  2825
1389  3162
1390  2937
1390  4395
1390  3219
1391  4757
1392  1551
1393  1516
1393  4181
1395  2410
1396  4045
1396  2470
1397  2386
1401  4000
1401  3132
1401  2908
1401  3805
1403  3117
1403  4255
1405  3680
1405  4641
1405  1412
1405  4715
1405  4211
1405  4787
1406  2571
1406  3318
1406  4991
1407  3266
1408  2752
1408  2358
1408  1672
1408  4042
1408  3344
1408  1555
1408  3606
1408  3387
1408  2042
1409  2278
1410  2141
1412  4774
1412  2767
1413  4673
1413  1643
1413  2801
1413  1720
1413  4830
1414  1568
1414  4425
1414  2959
1416  4800
1416  3298
1416  4229
1416  2952
1416  3188
1416  1429
1418  3580
1418  4153
1419  3057
1419  2522
1419  1975
1420  1640
1420  2668
1420  3925
1420  2975
1422  1696
1422  2747
1422  4496
1422  3026
1422  3707
1422  3678
1424  4541
1425  2484
1425  1525
1426  2695
1426  2185
1426  4396
1426  2516
1427  3002
1427  2467
1429  2354
1430  1494
1430  1559
1434  1584
1436  2016
1436  2220
1437  1892
1439  2581
1440  3792
1440  3904
1440  4177
1441  2421
1442  2408
1443  2092
1444  2166
1445  4489
1445  4955
1447  3795
1449  1549
1449  1936
1449  4564
1449  1653
1450  4763
1451  4975
1452  1526
1453  4155
1453  3621
1453  4013
1454  3655
1455  1505
1455  2593
1455  2026
1455  3937
1456  3617
1456  3570
1456  3047
1460  4818
1460  1782
1461  4826
1461  4452
1462  4617
1464  3293
1465  1757
1466  3622
1466  3789
1466  4574
1467  2804
1468  2688
1468  2615
1470  1736
1470  1657
1471  2485
1473  3409
1473  1674
1474  2401
1474  2243
1474  1924
1474  2148
1474  1614
1474  2581
1474  1528
1474  4729
1474  4149
1475  3157
1475  1509
1475  3406
1476  1519
1476  4861
1477  4099
1477  2063
1477  3677
1477  1535
1479  3809
1479  2333
1481  3757
1481  4711
1483  2859
1483  4234
1483  4483
1484  2883
1486  3680
1486  3592
1486  4147
1486  4765
1488  3555
1488  4143
1493  1631
1494  2361
1496  4428
1497  4258
1497  1574
1497  2409
1497  3156
1497  2741
1497  3574
1497  2586
1498  4459
1498  3404
1499  3189
1500  2681
1500  3137
1501  1963
1501  4790
1501  4152
1501  4221
1503  4178
1503  2407
1504  4716
1504  2404
1505  2058
1505  4706
1506  3852
1508  4213
1508  1565
1510  2600
1510  3167
1511  3228
1511  3357
1514  1643
1515  4019
1516  3484
1517  2145
1518  4946
1519  3848
1519  2963
1519  2119
1520  4318
1521  1749
1522  2295
1523  2108
1524  4742
1525  3336
1525  4792
1527  3298
1527  2940
1527  4572
1528  4392
1528  1994
1529  3177
1529  2092
1529  3120
1529  2335
1530  2197
1531  4216
1532  1913
1532  2230
1533  3691
1533  3115
1533  2031
1533  1841
1537  3267
1537  2941
1537  2463
1538  4074
1538  2232
1540  3712
1540  4130
1540  3635
1540  4694
1541  4969
1542  2982
1543  4921
1544  3745
1544  2101
1545  3450
1546  3129
1546  1595
1546  3407
1549  3424
1549  1619
1549  4397
1550  4625
1551  2588
1552  1604
1553  4450
1553  2212
1553  1675
1553  4108
1553  4302
1553  4335
1553  3656
1553  2056
1554  2576
1556  2265
1557  3817
1558  3752
1558  1721
1559  4939
1559  3006
1559  4150
1562  4015
1563  4587
1563  2827
1563  2674
1563  1916
1563  1693
1564  2858
1564  2147
1564  3565
1565  4226
1565  4237
1567  3450
1567  3663
1568  1865
1568  3474
1568  3503
1570  3755
1571  4930
1571  4550
1571  1960
1571  2862
1571  2296
1571  4095
1573  2792
1573  3901
1573  2941
1575  2396
1575  2973
1575  2803
1577  3224
1577  4246
1577  2903
1578  2825
1578  1681
1578  3477
1578  3067
1578  1948
1578  1951
1579  1799
1580  3064
1580  1955
1580  2902
1581  3008
1583  1769
1584  4276
1584  4314
1587  1839
1587  3599
1588  3395
1589  3114
1589  1757
1589  2685
1590  4785
1590  1922
1591  1896
1591  2298
1591  2987
1592  2631
1595  4525
1597  4156
1597  2922
1598  2387
1598  3948
1598  4339
1598  3188
1600  2257
1600  2969
1601  1842
1601  2492
1601  4081
1603  4090
1603  4004
1603  2973
1604  3396
1605  1994
1605  4995
1606  2561
1606  4130
1606  4642
1606  2131
1606  2111
1607  3330
1607  4779
1607  2772
1607  2715
1608  3715
1609  4233
1610  3875
1610  2823
1610  4042
1610  2769
1610  4506
1611  3161
1612  1954
1612  3943
1612  2261
1612  4985
1613  3632
1613  1830
1616  3746
1616  3132
1617  3873
1618  2379
1618  2412
1618  2583
1618  2744
1620  3602
1620  1699
1621  2829
1622  1695
1622  4574
1622  4935
1624  3092
1624  4301
1627  3517
1631  2935
1631  2909
1631  4399
1636  3987
1636  2377
1637  2468
1637  2131
1637  2269
1637  2270
1639  4661
1639  3182
1640  2296
1640  1820
1643  1749
1643  2095
1644  4344
1646  2228
1648  3541
1649  2212
1649  3020
1649  1714
1649  3318
1649  3076
1649  3295
1650  4385
1650  3432
1650  3314
1650  3418
1651  2323
1651  2767
1652  1976
1653  2082
1653  4056
1653  4064
1654  2363
1654  2046
1656  1766
1656  3730
1656  1687
1656  3325
1658  2337
1663  4263
1663  4458
1663  4147
1663  3421
1664  2796
1665  2716
1666  2244
1666  2143
1667  4097
1667  1738
1670  1961
1672  2329
1673  3749
1674  4350
1678  3672
1678  4389
1678  2710
1680  2990
1681  1733
1681  3700
1681  2695
1683  4176
1683  2753
1683  4313
1685  2368
1685  2108
1685  4142
1686  3524
1687  2459
1689  3179
1694  2122
1694  2309
1695  4820
1695  2547
1696  4965
1698  4371
1699  1832
1699  1900
1699  2348
1700  1715
1700  2039
1701  2385
1703  2872
1705  2253
1706  3532
1709  3265
1709  3945
1711  2041
1711  2447
1712  4504
1713  4338
1714  4664
1714  2356
1716  2088
1716  2920
1717  2053
1717  4759
1718  4521
1718  2210
1719  4170
1721  3440
1723  2483
1723  2046
1723  2231
1724  3304
1724  3043
1729  2611
1729  4885
1729  1837
1733  2170
1733  3366
1733  1974
1736  2789
1737  4880
1739  3485
1740  2602
1740  4272
1740  2679
1740  2907
1741  4151
1742  2188
1742  2270
1746  2236
1746  2093
1746  3135
1747  3499
1747  3885
1748  4250
1748  3403
1749  3297
1753  3184
1755  3980
1755  2693
1755  2317
1759  3689
1759  3700
1761  3761
1763  4660
1763  3349
1764  3075
1764  3595
1764  4302
1764  3856
1764  3278
1764  3067
1764  4469
1765  3036
1765  1838
1765  4534
1766  4356
1766  3781
1767  2561
1769  2073
1769  3066
1769  3858
1770  3397
1770  4453
1771  4972
1771  1978
1771  4101
1774  3915
1774  1934
1774  4829
1775  1977
1778  4292
1779  3147
1779  1993
1780  2628
1782  3122
1782  4122
1782  1879
1783  3802
1783  4831
1785  3300
1786  3875
1786  3116
1786  3543
1787  2732
1789  1809
1790  3100
1791  4912
1791  3070
1791  4031
1792  4384
1792  3699
1792  2917
1794  4970
1796  3419
1796  4947
1797  2051
1797  2499
1797  2750
1799  3232
1799  4635
1800  2279
1802  2622
1806  4649
1806  3630
1808  3012
1808  1997
1808  2417
1809  2587
1809  1982
1811  3100
1811  1903
1812  3237
1813  2618
1813  2773
1813  3415
1818  2887
1819  4196
1819  4676
1819  3173
1820  3065
1820  3643
1822  3238
1822  3533
1823  2983
1824  3183
1825  2540
1826  3083
1827  4100
1827  2023
1828  2722
1828  3053
1830  3309
1831  2509
1832  4257
1832  3400
1832  3317
1832  3228
1833  4205
1833  4382
1833  3258
1833  2493
1833  4766
1838  2882
1839  2167
1839  2601
1839  3831
1840  1850
1842  3036
1843  3211
1843  2655
1845  2013
1846  2442
1848  4933
1848  2183
1849  2262
1850  4677
1851  3234
1852  2382
1853  3169
1853  2636
1853  3441
1854  4450
1854  3275
1854  2764
1854  2265
1854  3325
1855  1910
1856  2680
1856  2669
1856  2286
1857  2184
1860  4091
1861  4678
1861  4593
1861  2773
1861  4702
1863  4320
1863  3180
1865  4076
1867  4387
1867  1935
1867  2865
1867  3063
1869  3561
1870  4903
1870  4779
1870  4530
1870  2071
1870  3547
1870  3646
1874  3634
1875  4336
1875  1905
1875  2260
1875  3227
1875  2555
1876  2275
1876  3688
1876  3250
1876  2207
1879  3597
1879  1943
1879  4568
1879  3385
1879  2716
1880  3640
1880  2723
1880  2316
1881  3462
1882  4171
1882  2662
1883  4354
1883  3134
1883  2055
1884  3847
1884  4362
1884  4877
1884  2325
1885  2632
1885  2764
1885  3193
1885  2139
1888  4816
1889  2691
1890  4444
1890  4700
1890  2918
1891  2976
1891  2485
1892  2060
1893  1920
1893  3731
1895  3374
1895  3615
1896  4753
1898  2968
1898  4906
1898  3021
1899  3528
1899  2538
1899  1932
1899  4112
1899  1937
1899  2714
1901  2601
1901  4539
1901  3109
1902  2748
1903  4322
1903  2211
1903  4795
1903  4891
1905  3139
1905  3471
1905  2649
1905  4665
1905  2939
1905  2012
1906  3866
1906  2804
1907  2851
1907  4902
1907  3643
1907  3197
1908  3830
1910  2997
1914  3046
1914  4513
1918  2371
1920  2725
1923  3606
1923  4871
1925  3545
1925  2611
1925  4051
1927  2980
1927  4238
1927  2484
1927  4764
1928  2031
1929  2404
1932  3377
1935  2142
1936  4693
1938  4071
1938  2474
1938  3414
1938  4607
1939  3229
1941  4249
1941  3524
1941  3207
1942  4724
1942  2005
1942  3079
1943  3282
1944  4119
1945  3950
1946  2946
1946  3564
1950  2963
1950  3742
1950  4075
1951  3616
1951  2472
1951  3436
1951  4957
1952  4209
1952  4570
1952  2074
1953  2345
1956  2970
1957  2684
1958  3001
1958  3241
1959  2529
1961  2059
1962  2740
1962  4756
1962  2429
1965  3585
1966  2602
1968  2772
1970  2117
1975  3102
1977  1978
1977  3683
1977  2476
1978  3932
1981  3181
1983  4602
1983  2646
1984  2510
1986  2370
1986  4166
1986  4927
1987  3057
1988  3603
1989  2960
1989  4705
1990  2181
1991  3964
1992  3264
1994  4864
1994  3461
1994  2127
1994  4371
1995  3463
1995  2729
1995  4075
1995  3006
1995  4853
1997  3425
1997  4138
1998  4116
1998  3637
2000  3985
2001  3037
2002  2061
2005  2124
2005  3380
2005  3613
2006  4468
2007  4052
2007  3494
2007  3510
2008  3142
2010  4312
2012  2864
2012  3354
2012  4598
2013  2248
2014  4657
2014  4237
2014  3670
2015  2892
2016  4187
2020  2951
2022  2587
2022  3022
2022  4337
2025  4202
2025  4843
2025  2549
2025  3612
2025  3253
2027  2077
2027  2541
2030  3422
2032  3651
2032  3676
2032  2811
2035  2625
2035  2261
2036  4833
2037  3032
2038  3769
2038  3291
2041  4129
2042  3963
2046  4583
2047  2672
2048  3506
2049  4231
2050  3447
2050  4773
2050  3770
2051  4218
2052  4167
2052  4308
2052  4655
2054  4154
2055  3959
2056  4294
2057  3665
2057  3673
2058  3778
2060  2457
2060  3077
2061  2917
2061  4866
2063  2986
2063  2252
2063  3919
2063  3772
2064  2608
2064  4405
2064  2222
2065  2559
2066  2747
2066  2430
2067  4325
2067  3431
2068  4442
2068  3278
2068  4415
2069  4603
2070  2336
2070  2536
2070  2889
2070  3605
2070  4661
2071  3437
2073  3859
2073  4332
2074  4089
2075  2676
2075  4997
2076  4738
2076  4214
2077  4429
2078  3843
2078  2821
2078  2795
2078  4005
2080  3557
2080  3919
2081  4520
2082  4564
2082  4149
2083  4009
2084  3192
2084  2341
2084  2657
2085  4968
2085  4876
2086  3164
2088  2902
2090  4445
2090  2629
2092  4854
2093  2846
2095  3399
2096  2882
2098  4410
2099  3433
2099  3965
2102  2326
2103  2776
2103  2817
2103  2914
2104  4187
2105  2824
2105  3715
2106  2880
2107  2762
2109  4454
2111  2473
2111  3442
2114  3818
2114  4388
2114  2990
2115  3884
2115  3717
2116  3296
2117  2409
2117  3348
2118  4328
2118  4883
2118  3518
2119  3187
2119  3741
2121  2991
2123  3886
2123  4678
2123  4622
2124  2519
2125  2560
2125  3983
2126  4120
2126  3882
2128  2771
2128  3412
2130  2787
2132  4577
2132  4231
2132  3272
2132  4022
2132  3674
2132  2909
2135  3947
2136  3619
2136  3563
2137  3373
2139  4627
2139  4311
2140  2700
2145  4582
2145  4709
2147  2985
2148  2850
2149  2835
2150  3122
2151  3523
2153  2503
2154  2761
2154  2263
2155  4934
2156  4375
2157  4441
2159  3821
2160  3594
2161  4899
2162  2395
2163  2331
2164  3123
2164  4751
2167  4155
2167  2807
2168  4455
2168  2837
2168  2774
2168  3607
2168  4281
2169  4628
2170  4376
2171  2660
2172  2661
2172  3358
2174  4935
2175  3261
2176  4244
2176  3614
2180  3710
2182  4482
2183  3902
2185  4650
2187  2943
2193  4105
2195  3609
2197  3569
2198  3355
2199  3615
2201  2209
2202  4897
2204  4953
2206  2425
2207  4856
2207  2566
2210  3054
2211  3364
2212  4992
2213  2320
2213  4548
2213  2366
2214  2820
2214  3623
2214  2568
2214  2994
2214  4318
2215  3778
2218  4420
2219  3628
2221  3671
2222  2953
2222  3151
2222  3408
2222  2842
2223  4348
2223  2453
2224  2252
2224  2276
2224  2491
2226  4692
2227  4100
2227  4573
2227  4822
2228  4355
2229  3473
2230  2967
2231  3410
2233  3618
2233  4426
2235  3317
2236  3902
2236  4383
2237  2551
2238  3077
2238  3397
2241  3496
2243  2552
2245  3021
2246  3738
2246  4491
2247  2616
2247  4092
2247  3133
2248  3485
2248  3854
2249  2659
2250  3177
2250  4333
2250  3661
2251  3316
2255  3518
2255  3991
2259  3825
2260  3253
2261  3872
2261  4021
2262  4096
2264  3504
2266  2623
2269  4431
2270  4366
2271  4624
2271  2799
2273  2293
2273  2758
2274  3562
2278  3648
2278  2565
2279  2301
2279  2385
2282  2711
2282  2373
2282  3655
2283  4855
2285  2666
2286  3274
2286  3470
2288  3191
2289  3346
2289  3283
2289  3826
2294  2475
2295  4198
2295  4638
2300  4806
2300  2761
2300  2515
2300  2874
2301  2796
2303  3724
2303  3876
2303  2957
2304  3706
2304  2974
2305  4726
2306  3953
2306  4108
2306  3071
2308  4109
2311  3107
2314  4819
2314  4212
2316  3932
2317  3443
2317  4707
2317  3807
2318  4245
2319  3642
2319  2428
2319  4834
2321  2978
2321  3239
2321  3917
2321  3926
2322  3272
2323  3657
2326  4514
2326  3757
2326  2448
2326  3263
2327  2471
2328  3672
2328  3564
2330  3202
2331  3191
2332  4619
2332  4161
2332  4721
2336  3380
2339  2349
2341  2597
2344  4944
2346  4256
2346  4007
2346  3529
2346  2570
2348  3336
2348  4407
2351  2960
2351  3959
2351  4936
2352  2457
2352  4914
2353  2721
2353  3994
2353  2719
2354  4120
2354  3461
2355  3242
2355  2604
2356  2756
2356  3250
2360  3550
2363  2639
2363  2932
2363  4127
2364  2495
2367  3548
2371  4278
2372  4408
2372  4922
2372  3365
2373  3087
2374  3516
2374  3454
2374  2823
2375  4354
2375  4325
2375  4362
2379  4518
2380  2589
2380  2775
2382  3956
2386  3956
2387  2538
2388  2480
2389  4910
2389  3495
2391  3068
2391  3526
2395  3587
2395  3044
2395  3817
2395  3066
2395  4682
2397  4353
2397  3749
2397  3436
2397  3992
2399  3690
2400  3791
2401  4117
2403  3650
2405  3306
2406  2928
2407  4067
2408  2728
2408  4488
2409  4204
2409  2809
2413  3136
2415  3988
2415  3741
2416  2589
2417  3040
2418  2777
2422  4634
2423  2511
2424  3515
2426  4275
2427  4769
2427  3334
2433  3448
2436  2891
2440  4418
2440  2759
2442  3571
2446  2926
2447  3579
2448  4420
2449  2618
2452  4646
2453  3048
2453  3324
2456  3931
2464  2686
2465  4929
2466  4188
2470  4714
2470  4860
2471  3997
2472  4832
2474  3659
2476  4832
2476  4125
2476  3374
2478  4511
2480  4581
2481  4165
2481  3372
2481  4049
2481  4819
2481  3384
2483  2610
2484  4456
2484  3091
2486  4516
2486  2862
2487  4232
2487  2565
2487  4966
2490  3121
2490  4374
2490  2702
2491  3869
2493  2513
2494  4010
2497  3166
2499  3170
2500  3920
2501  4041
2501  3869
2504  3417
2505  4997
2506  4985
2506  3449
2508  4712
2508  4238
2508  4951
2510  3456
2510  3350
2512  4689
2512  4639
2513  3995
2513  4791
2516  3980
2517  4890
2521  2891
2521  4350
2523  4148
2524  2811
2524  4083
2525  2848
2525  2641
2528  3692
2537  2898
2537  2745
2537  2555
2537  4220
2538  2888
2538  4908
2538  3720
2538  2900
2538  3007
2542  4709
2542  4369
2544  4440
2546  2780
2548  4810
2548  2826
2548  3172
2551  2663
2554  3855
2556  3898
2556  2622
2559  4259
2560  3600
2563  4538
2564  3656
2564  3140
2566  4018
2566  3055
2567  3369
2572  2603
2574  3685
2579  3435
2579  3045
2581  3967
2582  2609
2585  4823
2586  4893
2586  4006
2590  3140
2591  4296
2591  4629
2591  3566
2597  4914
2597  4169
2598  4182
2599  3002
2600  3530
2601  3089
2601  3026
2602  3586
2607  4197
2607  4589
2608  3158
2609  4460
2611  3016
2611  3290
2611  2693
2613  3601
2613  4036
2615  3265
2615  3022
2621  3930
2627  4370
2632  4955
2632  3813
2634  3735
2636  3480
2636  2972
2637  2988
2637  3133
2638  3496
2638  4158
2639  3534
2640  4258
2640  3688
2640  4363
2640  4270
2641  3361
2641  4418
2642  3131
2642  3942
2652  3740
2652  3266
2654  3670
2656  4011
2659  4988
2661  3096
2661  4971
2661  3126
2662  3508
2663  4942
2664  4193
2667  3442
2669  4232
2669  2988
2669  4495
2670  3984
2670  2812
2670  2925
2671  2674
2672  3000
2672  2692
2680  3268
2681  3448
2681  3340
2682  4086
2686  3931
2687  2739
2689  4189
2690  3889
2690  3976
2690  4873
2693  3950
2694  3174
2694  4807
2694  4913
2694  4349
2696  4066
2696  3069
2697  3746
2698  3832
2698  4267
2698  3958
2699  4987
2699  3246
2701  2996
2702  3382
2705  3893
2705  3193
2706  3895
2708  4813
2710  3592
2710  4369
2710  3782
2712  3614
2713  3829
2716  4600
2720  4763
2720  3027
2721  4107
2722  4606
2725  3483
2726  3514
2726  3803
2728  2970
2731  4475
2733  4850
2736  2784
2738  4126
2739  3345
2741  4452
2742  4691
2742  2927
2743  3793
2744  4940
2746  3575
2746  4731
2746  4839
2748  4996
2748  4974
2749  2897
2750  2774
2751  4928
2751  3076
2751  3973
2751  3277
2754  4073
2756  4936
2757  4006
2757  2824
2763  4293
2763  3367
2763  4111
2763  4436
2763  4887
2763  4888
2763  2971
2763  4543
2768  3208
2768  4717
2768  3803
2768  4446
2769  3323
2770  4707
2775  3139
2776  4431
2779  2801
2779  3292
2779  4021
2782  3476
2783  3955
2785  4842
2788  4587
2788  3212
2791  4690
2793  4783
2794  4365
2797  4473
2803  3074
2803  4423
2804  3997
2805  3665
2805  3540
2805  4374
2805  4415
2807  4933
2807  3423
2808  4480
2808  2845
2808  4746
2810  3469
2812  2921
2812  3595
2812  4331
2814  4771
2814  3730
2814  3705
2814  4283
2815  4789
2815  3727
2817  4786
2818  4083
2821  2925
2821  3511
2826  2944
2828  3466
2829  4434
2832  3814
2832  3910
2832  4694
2832  3999
2834  4669
2836  4917
2837  2922
2837  4001
2839  4380
2845  3888
2845  3083
2845  4672
2851  4036
2852  3911
2854  4744
2859  4686
2861  4533
2863  3143
2866  3820
2867  3897
2868  3547
2873  3376
2873  3727
2874  4820
2875  3138
2875  4266
2875  3118
2875  4887
2877  3465
2878  4775
2878  3521
2879  4558
2880  3146
2883  3604
2887  3871
2891  3497
2891  4169
2891  4719
2893  3834
2897  4466
2898  3074
2901  3498
2905  4367
2913  4410
2913  4253
2913  4753
2917  4145
2919  4381
2920  3419
2921  4710
2923  3285
2923  4598
2929  3908
2929  3830
2931  4135
2933  3626
2936  3424
2937  3679
2938  3013
2938  3686
2938  4723
2938  3028
2939  4894
2945  3784
2945  4920
2945  3252
2946  4123
2949  3660
2953  3828
2953  3790
2953  4167
2958  3364
2958  4693
2960  3335
2963  3084
2963  3653
2969  4898
2970  4290
2970  3766
2973  3728
2974  3451
2974  3054
2974  3899
2974  4604
2974  4061
2977  3385
2982  4922
2984  3426
2988  4977
2990  3049
2990  3531
2993  4216
2994  4491
2997  3091
2997  3295
2998  4007
2999  3425
2999  4153
3004  4728
3007  4516
3007  4639
3010  3549
3010  3551
3012  4058
3012  4956
3016  4343
3017  3936
3018  4134
3018  4079
3024  3951
3027  4093
3028  3998
3030  4827
3030  4487
3037  4053
3038  4099
3038  3350
3038  3359
3040  4121
3044  4754
3045  3405
3046  3513
3046  3062
3048  3776
3048  4412
3048  3110
3049  4645
3050  3323
3053  4269
3055  3099
3055  3205
3055  3245
3059  4674
3060  3082
3061  4893
3063  3765
3064  3114
3068  3662
3069  4596
3072  4448
3073  3636
3077  4823
3078  4932
3079  3713
3079  3872
3080  3867
3081  4464
3081  3181
3084  4261
3088  3668
3089  3322
3089  4447
3090  4051
3092  3922
3092  3779
3097  4062
3099  3441
3112  3962
3112  4503
3120  3780
3120  4741
3122  4841
3122  4519
3123  4954
3123  4068
3126  4808
3126  3498
3126  3150
3126  3984
3129  4919
3131  4627
3135  4145
3137  4871
3138  4241
3138  3499
3138  3628
3139  4225
3142  3637
3144  3907
3144  4203
3145  3740
3146  4045
3148  4043
3150  3502
3151  3169
3151  3163
3157  4621
3159  3899
3160  3488
3160  4289
3163  4480
3164  3337
3165  4761
3166  3475
3166  3748
3167  4795
3169  4438
3173  3382
3181  3497
3183  4722
3184  4194
3187  4077
3189  4976
3190  4009
3192  4835
3193  3530
3193  4580
3195  3590
3208  4704
3209  3472
3209  4470
3211  3429
3211  4309
3212  4043
3215  4697
3216  3881
3216  3812
3216  3223
3219  4020
3220  3796
3222  3982
3225  3809
3229  3948
3233  3887
3239  3245
3249  3944
3250  4967
3251  3732
3251  4282
3252  3465
3253  4931
3253  3417
3255  4917
3257  4486
3269  4016
3274  3818
3274  3467
3278  3650
3280  4578
3281  3742
3285  4467
3286  3873
3286  3793
3286  4185
3286  4059
3292  4000
3292  3617
3292  4328
3296  4222
3302  4980
3304  4963
3305  4785
3305  4595
3307  4615
3311  3785
3311  4739
3312  3426
3312  3556
3315  3971
3316  4711
3319  4347
3319  3943
3320  4723
3322  4427
3323  4962
3327  4656
3327  4915
3329  4352
3333  4561
3333  3543
3335  4815
3337  4168
3337  4029
3340  4928
3341  4345
3341  4098
3341  4634
3355  3883
3356  3968
3356  4937
3356  3538
3356  3608
3358  3739
3365  4545
3366  4274
3372  3466
3374  4140
3375  3624
3377  4740
3378  3954
3380  4498
3385  3789
3386  4022
3392  4037
3395  4752
3395  3446
3397  4432
3400  3979
3401  3864
3401  4943
3402  3924
3402  4375
3407  4948
3407  4341
3409  4310
3411  4625
3411  3797
3411  3973
3413  4233
3414  3791
3415  3594
3416  4376
3416  3935
3418  3750
3418  3839
3423  3788
3429  4241
3429  3882
3429  3806
3432  3510
3432  4271
3438  3541
3443  4704
3446  4579
3449  4027
3449  3853
3450  3981
3451  3527
3453  3515
3454  3464
3458  3846
3460  3511
3463  3751
3465  4313
3469  4986
3471  4804
3479  3826
3480  4908
3481  4032
3485  4863
3486  4080
3490  3681
3493  4159
3498  4086
3504  4814
3505  4569
3508  4451
3510  4490
3512  4927
3520  4066
3520  3691
3526  3729
3527  3596
3528  3679
3529  4346
3531  3731
3533  4756
3537  3806
3537  4457
3541  4670
3545  3891
3547  4881
3552  3736
3553  3914
3557  4697
3559  3658
3559  3934
3562  4653
3565  3966
3566  3673
3567  3994
3578  3701
3588  3608
3601  4782
3603  4691
3604  4749
3606  4666
3607  3684
3607  4956
3618  4738
3620  4466
3623  4683
3640  3971
3640  4175
3644  4416
3654  4141
3656  4921
3660  4605
3662  4539
3667  4493
3681  4688
3681  4052
3684  3978
3684  4113
3684  3935
3687  4862
3696  4342
3699  4454
3702  4336
3702  3722
3716  4223
3718  4528
3727  4578
3732  3784
3737  4981
3743  4074
3746  4463
3751  4462
3753  4323
3753  4637
3760  3881
3760  4477
3764  4057
3764  4849
3778  4777
3779  3939
3786  4749
3793  4442
3795  4648
3811  4601
3812  4388
3812  4409
3819  4531
3822  4112
3822  4305
3823  4727
3827  4889
3827  4755
3835  4615
3840  4737
3840  3989
3850  4131
3857  4001
3857  4918
3859  3949
3860  4609
3866  4246
3870  4248
3874  4397
3881  4978
3881  4507
3882  4771
3886  4780
3900  4608
3906  4603
3915  4017
3917  4565
3920  4589
3927  4102
3929  4368
3929  4878
3931  4788
3932  4218
3932  4183
3936  4024
3936  4576
3937  4577
3937  4030
3940  4192
3961  4868
3965  4331
3974  4255
3975  4351
3983  4960
3994  4023
4007  4327
4010  4904
4011  4040
4019  4385
4023  4474
4026  4227
4027  4944
4031  4372
4032  4556
4038  4117
4043  4713
4053  4174
4057  4123
4057  4191
4071  4404
4071  4951
4080  4138
4087  4462
4090  4979
4093  4499
4098  4164
4115  4594
4126  4504
4126  4602
4137  4142
4138  4460
4145  4443
4152  4292
4152  4278
4159  4628
4162  4811
4166  4546
4168  4919
4172  4521
4180  4210
4196  4646
4201  4492
4206  4303
4206  4877
4207  4727
4209  4739
4215  4851
4215  4941
4222  4641
4223  4686
4228  4513
4229  4848
4233  4696
4235  4809
4242  4970
4242  4566
4256  4688
4256  4351
4260  4553
4262  4757
4263  4317
4264  4973
4265  4542
4270  4899
4273  4859
4276  4789
4282  4416
4291  4484
4291  4300
4321  4780
4332  4679
4333  4842
4335  4550
4336  4700
4355  4782
4360  4875
4361  4631
4373  4940
4374  4668
4394  4829
4409  4675
4419  4913
4430  4458
4431  4542
4435  4765
4445  4507
4452  4982
4459  4714
4462  4733
4478  4653
4478  4910
4488  4626
4497  4637
4516  4648
4520  4563
4522  4677
4522  4957
4525  4652
4526  4631
4531  4794
4545  4830
4547  4733
4553  4560
4553  4992
4574  4652
4577  4853
4592  4870
4621  4734
4624  4687
4635  4701
4642  4818
4731  4800
4739  4906
4778  4963
4789  4824
4792  4845
4800  4884
4856  4976
4879  4926
4886  4996
4888  4889
4922  4965
