257  290
257  182
257  372
290  110
290  224
250  312
250  184
250  88
312  175
312  7
0  86
0  160
0  22
86  48
86  35
31  165
31  360
31  19
165  208
165  333
310  367
310  171
310  352
367  56
367  10
126  253
126  21
126  130
253  30
253  347
286  363
286  17
286  44
363  90
363  329
48  73
48  188
20  136
20  233
20  69
136  147
136  210
181  294
181  52
181  134
294  398
294  108
190  216
190  120
190  167
216  353
216  375
19  252
19  327
252  235
252  293
97  151
97  124
97  140
151  35
151  5
161  333
161  326
161  76
333  247
171  149
171  55
22  381
22  187
381  157
381  330
42  193
42  383
42  251
193  256
193  129
199  299
199  188
199  41
299  154
299  169
1  288
1  345
1  206
288  198
288  133
4  352
4  63
4  267
352  399
121  138
121  45
121  52
138  85
138  109
32  315
32  49
32  129
315  375
315  142
360  71
360  392
62  238
62  12
62  280
238  268
238  78
187  72
187  79
96  269
96  382
96  239
269  90
269  71
249  364
249  195
249  278
364  366
364  222
183  192
183  279
183  50
192  7
192  372
128  191
128  243
128  5
191  72
191  61
205  264
205  347
205  313
264  99
264  217
53  268
53  101
53  345
268  280
110  300
110  163
144  242
144  204
144  13
242  262
242  23
95  348
95  380
95  92
348  291
348  279
261  356
261  306
261  225
356  374
356  10
16  159
16  131
16  197
159  198
159  112
232  265
232  37
232  323
265  362
265  80
66  163
66  180
66  2
163  206
326  334
326  336
149  374
149  292
133  168
133  54
168  380
168  41
82  170
82  196
82  267
170  314
170  120
383  147
383  215
30  230
30  359
230  143
230  276
94  365
94  125
94  330
365  18
365  143
307  393
307  127
307  322
393  291
393  284
140  186
140  158
186  75
186  194
34  350
34  142
34  241
350  169
350  164
306  104
306  222
196  298
196  309
235  116
235  351
240  328
240  349
240  267
328  148
328  29
152  322
152  245
152  298
322  101
359  35
359  185
73  262
73  305
262  327
169  237
237  167
237  368
116  236
116  332
236  207
236  179
107  305
107  256
107  353
305  100
105  321
105  318
105  385
321  258
321  231
148  185
148  146
185  79
60  188
60  24
60  41
147  164
164  217
280  114
223  376
223  355
223  174
376  123
376  150
174  194
174  220
194  370
327  343
343  58
343  277
366  395
366  134
395  219
395  214
332  255
332  176
200  244
200  233
200  392
244  293
244  132
77  178
77  254
77  392
178  218
178  394
219  228
219  51
156  379
156  56
156  76
379  221
379  109
182  226
182  195
226  81
226  175
106  211
106  283
106  344
211  28
211  325
74  371
74  202
74  318
371  239
371  40
49  55
49  355
277  361
277  271
361  259
361  14
300  127
300  318
154  135
154  279
256  324
324  50
324  87
63  38
63  132
212  314
212  213
212  276
314  80
108  207
108  27
207  246
6  61
6  9
6  270
61  25
40  55
40  12
115  208
115  9
115  272
208  37
29  319
29  93
319  98
319  353
14  141
14  155
141  218
141  102
233  46
12  209
245  46
245  88
81  260
81  316
260  99
260  394
195  386
7  177
15  57
15  370
15  47
57  33
57  215
272  354
272  384
354  373
354  229
160  391
160  47
391  118
391  273
46  70
70  122
70  399
89  103
89  64
89  335
103  218
103  302
155  241
155  380
241  234
104  342
104  173
398  206
398  270
139  369
139  247
139  172
369  71
369  166
302  362
302  91
362  84
76  102
102  378
258  203
258  292
203  291
203  282
72  377
28  355
28  50
298  201
58  135
58  273
271  303
271  342
198  331
45  390
45  210
390  83
390  396
255  337
255  39
337  357
337  341
347  308
98  313
98  281
313  153
47  69
69  349
68  100
68  325
68  331
100  214
150  368
150  117
368  304
317  389
317  21
317  382
389  54
389  340
293  338
93  382
93  51
373  189
373  88
283  358
283  213
358  85
358  287
21  377
127  132
38  130
38  36
130  311
214  176
85  209
204  330
204  287
92  172
92  323
172  246
375  234
251  340
251  295
340  137
64  345
64  339
39  215
39  338
234  36
189  377
189  124
239  384
117  308
117  303
308  301
254  282
254  87
282  357
33  209
33  339
79  11
65  173
65  227
65  177
173  146
129  2
11  177
11  109
304  229
304  275
36  143
338  346
384  23
176  24
145  259
145  8
145  54
259  184
157  248
157  162
248  17
248  217
303  285
37  344
146  113
17  289
289  114
289  385
201  331
201  112
228  83
228  180
26  202
26  370
26  295
202  180
122  378
122  341
120  351
351  320
113  67
113  346
52  124
25  274
25  153
274  78
274  13
8  162
8  43
135  179
99  388
388  222
388  210
18  336
18  281
90  131
158  285
158  397
320  323
320  316
270  387
387  153
387  175
378  9
123  295
123  399
142  335
75  263
75  346
263  329
263  43
91  197
91  13
197  339
78  372
27  297
27  166
297  275
297  59
67  229
67  213
119  275
119  101
119  166
87  243
276  162
287  311
374  309
167  336
278  292
278  224
84  325
84  301
296  311
296  59
296  118
184  231
114  80
220  44
220  309
344  266
2  118
56  225
111  397
111  386
111  316
397  231
247  221
23  137
243  44
3  125
3  385
3  335
125  342
112  329
59  43
301  266
227  131
227  225
224  266
334  10
334  285
284  349
284  51
24  83
273  179
221  134
386  394
5  396
246  396
137  281
357  341
