0  259
0  772
0  646
0  135
0  388
0  26
0  923
0  176
0  519
0  556
0  304
0  945
0  309
0  673
0  456
0  590
0  595
0  84
0  598
0  737
0  741
0  236
0  114
0  252
1  65
1  579
1  196
1  449
1  40
1  585
1  183
1  108
1  14
1  690
1  481
1  789
1  297
1  504
1  737
1  460
1  670
2  931
2  773
2  998
2  620
2  204
2  462
2  239
2  401
2  690
2  404
2  414
2  694
2  697
2  122
2  671
2  892
2  862
2  293
3  782
3  995
3  121
3  166
3  127
3  206
3  600
3  20
3  814
3  56
3  984
3  985
3  479
3  910
3  957
3  149
4  768
4  259
4  667
4  286
4  291
4  805
4  678
4  938
4  814
4  568
4  699
4  325
4  332
4  849
4  850
4  345
4  604
4  990
4  485
4  352
4  737
4  866
4  227
4  294
4  358
4  361
4  626
4  500
4  507
4  383
5  66
5  263
5  874
5  587
5  270
5  628
5  686
5  615
5  921
5  252
5  510
6  161
6  738
6  76
6  971
6  332
6  878
6  856
6  370
6  691
6  564
6  693
6  151
6  984
6  794
6  540
6  574
7  800
7  705
7  579
7  740
7  992
7  57
7  584
7  585
7  554
7  588
7  381
7  625
7  562
7  211
7  532
7  661
7  151
7  121
7  793
7  810
7  286
8  903
8  650
8  398
8  26
8  412
8  285
8  410
8  31
8  802
8  168
8  557
8  818
8  440
8  59
8  445
8  709
8  842
8  351
8  748
8  367
8  885
8  121
9  195
9  196
9  997
9  262
9  743
9  271
9  625
9  437
9  216
9  676
9  794
9  603
10  192
10  802
10  483
10  147
10  520
10  905
10  554
10  107
10  621
10  271
10  59
10  498
10  547
10  873
10  120
10  717
10  90
10  603
10  28
10  154
10  831
11  387
11  644
11  533
11  409
11  159
11  32
11  162
11  934
11  298
11  299
11  941
11  945
11  570
11  454
11  73
11  586
11  718
11  600
11  988
11  739
11  879
11  496
11  117
11  380
11  895
12  518
12  911
12  146
12  23
12  669
12  160
12  929
12  553
12  426
12  569
12  318
12  319
12  839
12  206
12  852
12  825
12  600
12  988
12  617
12  114
12  115
12  373
12  937
12  633
12  810
13  352
13  225
13  307
13  39
13  648
13  169
13  109
13  649
13  237
13  304
13  273
13  481
13  872
13  311
13  201
13  156
13  383
14  899
14  388
14  404
14  540
14  807
14  412
14  688
14  311
14  57
14  698
14  316
14  704
14  834
14  695
14  591
14  81
14  984
14  987
14  862
14  737
14  492
14  626
14  255
15  176
15  553
15  746
15  63
15  29
15  208
15  693
15  695
15  248
15  121
15  415
15  573
15  917
15  511
16  513
16  414
16  674
16  291
16  804
16  294
16  938
16  303
16  309
16  569
16  830
16  437
16  842
16  332
16  592
16  726
16  953
16  604
16  101
16  631
16  377
16  895
17  195
17  516
17  933
17  169
17  127
17  126
17  206
17  336
17  305
17  291
17  405
17  547
17  119
17  184
17  315
17  445
17  606
17  863
18  289
18  646
18  241
18  522
18  973
18  784
18  721
18  114
18  148
18  374
18  119
18  692
18  379
18  330
18  394
19  802
19  331
19  342
19  453
19  166
19  519
19  840
19  138
19  459
19  962
19  401
19  903
19  726
19  842
19  830
19  127
20  769
20  144
20  643
20  916
20  917
20  665
20  164
20  678
20  555
20  434
20  690
20  183
20  971
20  588
20  467
20  339
20  473
20  860
20  613
20  225
20  869
20  871
20  489
20  492
20  751
20  880
20  243
20  997
21  694
21  364
21  426
21  76
21  461
21  111
21  464
21  312
21  307
21  148
21  918
21  457
21  952
21  542
22  387
22  652
22  403
22  161
22  113
22  812
22  432
22  567
22  56
22  318
22  712
22  204
22  588
22  477
22  485
22  998
22  381
22  753
22  102
22  771
22  505
22  639
22  637
22  895
23  512
23  129
23  457
23  35
23  68
23  646
23  776
23  361
23  221
23  688
23  370
23  467
23  121
23  670
23  761
23  569
23  506
23  669
23  926
23  319
24  432
24  772
24  492
24  844
24  816
24  600
24  50
24  787
24  318
24  854
24  873
24  664
24  862
25  704
25  481
25  163
25  133
25  864
25  156
25  234
25  236
25  189
25  464
25  945
25  319
25  453
25  758
25  825
25  374
25  607
25  668
25  381
25  863
26  288
26  451
26  420
26  390
26  137
26  363
26  109
26  881
26  51
26  724
26  693
26  857
26  875
26  104
26  442
26  347
26  348
27  774
27  519
27  524
27  397
27  785
27  919
27  161
27  296
27  427
27  948
27  440
27  187
27  707
27  964
27  203
27  850
27  723
27  633
27  737
27  355
27  871
27  239
27  979
27  377
28  130
28  390
28  670
28  672
28  166
28  812
28  559
28  944
28  435
28  437
28  184
28  318
28  831
28  710
28  72
28  330
28  77
28  594
28  340
28  345
28  96
28  610
28  611
28  228
28  359
28  617
28  490
28  623
28  752
28  625
28  106
28  247
28  765
29  160
29  577
29  578
29  132
29  37
29  551
29  364
29  400
29  945
29  754
29  467
29  500
29  757
29  598
29  228
29  122
29  527
29  86
29  314
29  229
30  835
30  214
30  633
30  40
30  778
30  587
30  748
30  750
30  759
30  376
30  946
30  630
30  951
30  696
30  889
30  92
30  766
30  319
31  577
31  133
31  233
31  620
31  270
31  691
31  245
31  695
31  985
31  890
31  597
32  161
32  770
32  635
32  294
32  262
32  167
32  712
32  266
32  653
32  678
32  912
32  273
32  819
32  157
32  248
32  985
32  399
32  732
32  778
32  977
33  896
33  192
33  263
33  137
33  907
33  911
33  528
33  286
33  928
33  550
33  476
33  670
33  56
33  949
33  704
33  66
33  966
33  331
33  77
33  440
33  860
33  400
33  226
33  366
33  367
33  626
33  886
33  380
34  352
34  208
34  228
34  581
34  588
34  466
34  142
34  784
34  785
34  626
34  375
34  824
34  100
34  315
34  892
34  349
34  255
35  384
35  898
35  645
35  134
35  659
35  918
35  543
35  945
35  681
35  177
35  440
35  959
35  193
35  462
35  312
35  978
35  723
35  86
35  983
35  858
35  862
35  737
35  996
35  499
35  887
35  760
35  891
35  636
36  386
36  644
36  487
36  40
36  682
36  779
36  525
36  816
36  71
36  829
36  287
37  258
37  390
37  675
37  422
37  682
37  555
37  430
37  925
37  565
37  950
37  57
37  833
37  837
37  198
37  459
37  461
37  593
37  90
37  607
37  96
37  747
37  119
38  98
38  644
38  910
38  519
38  405
38  860
38  267
38  108
38  974
38  254
38  788
38  894
38  183
38  184
38  569
38  58
38  927
38  341
38  647
38  382
38  725
39  160
39  272
39  898
39  683
39  69
39  359
39  907
39  45
39  368
39  807
39  662
39  939
39  989
39  735
40  800
40  131
40  389
40  289
40  360
40  554
40  843
40  142
40  847
40  914
40  307
40  755
40  887
40  61
40  606
40  805
41  781
41  279
41  111
41  680
41  298
41  940
41  821
41  577
41  68
41  975
41  209
41  597
41  87
41  856
41  222
41  991
41  97
41  355
41  81
41  105
41  494
41  751
41  368
41  124
42  224
42  176
42  322
42  67
42  261
42  902
42  167
42  106
42  237
42  334
42  47
42  400
42  259
43  392
43  45
43  913
43  789
43  918
43  288
43  546
43  557
43  817
43  700
43  63
43  576
43  577
43  715
43  972
43  333
43  978
43  986
43  92
43  735
43  865
43  999
43  188
43  239
43  497
43  893
44  706
44  708
44  145
44  873
44  138
44  524
44  333
44  209
44  178
44  980
44  113
44  342
44  319
44  234
44  213
45  552
45  165
45  614
45  488
45  76
45  203
45  524
45  685
45  654
45  61
45  272
45  616
45  148
45  348
45  253
45  881
46  390
46  783
46  146
46  153
46  666
46  414
46  929
46  806
46  943
46  566
46  823
46  700
46  451
46  330
46  587
46  504
46  981
46  473
46  218
46  271
46  869
46  658
46  120
46  377
47  512
47  643
47  452
47  182
47  711
47  680
47  937
47  333
47  110
47  893
47  848
47  149
47  886
47  184
47  476
47  637
47  426
48  736
48  481
48  738
48  123
48  100
48  710
48  743
48  842
48  589
48  686
48  464
48  120
48  402
48  910
48  694
48  727
48  376
48  155
48  861
48  510
48  991
49  289
49  579
49  999
49  235
49  302
49  509
49  785
49  82
49  693
49  182
49  663
49  376
49  825
49  636
49  829
49  318
50  642
50  451
50  529
50  105
50  330
50  747
50  78
50  209
50  628
50  910
50  310
50  56
50  665
50  92
50  382
50  981
51  656
51  131
51  964
51  901
51  806
51  424
51  329
51  74
51  811
51  236
51  622
51  976
51  562
51  195
51  86
51  905
51  972
51  970
51  62
51  666
52  848
52  484
52  350
52  554
52  909
52  381
52  976
52  595
52  468
52  597
52  534
52  538
52  938
52  394
53  640
53  99
53  359
53  762
53  366
53  306
53  205
53  878
53  561
53  465
53  270
53  726
53  408
53  409
53  826
53  603
53  668
53  346
53  315
54  880
54  610
54  356
54  69
54  486
54  522
54  589
54  157
54  976
54  178
54  246
54  826
54  988
54  637
54  254
55  592
55  931
55  68
55  165
55  710
55  359
55  136
55  137
55  651
55  293
55  271
55  656
55  705
55  91
55  501
55  349
55  868
55  794
55  59
55  957
55  805
56  644
56  781
56  657
56  274
56  558
56  294
56  167
56  296
56  811
56  814
56  825
56  572
56  961
56  929
56  329
56  209
56  467
56  616
56  377
56  638
57  161
57  162
57  939
57  645
57  915
57  789
57  696
57  949
57  507
57  445
57  597
58  355
58  548
58  679
58  456
58  204
58  778
58  203
58  812
58  305
58  693
58  511
58  636
58  907
58  959
59  579
59  837
59  202
59  333
59  269
59  808
59  724
59  149
59  872
59  632
59  569
59  943
59  527
60  705
60  674
60  707
60  868
60  898
60  135
60  619
60  461
60  495
60  912
60  753
60  562
60  916
60  117
60  944
60  567
60  665
60  795
60  828
60  215
60  95
61  905
61  527
61  404
61  413
61  160
61  559
61  314
61  188
61  70
61  843
61  76
61  208
61  83
61  468
61  91
61  738
61  444
61  620
61  500
61  891
62  993
62  811
62  228
62  485
62  806
62  711
62  584
62  715
62  493
62  494
62  680
62  276
62  686
62  470
62  345
62  612
62  571
62  189
62  789
63  353
63  898
63  880
63  103
63  140
63  588
63  558
63  385
63  92
63  147
63  974
63  560
63  217
63  923
63  796
63  239
63  478
64  388
64  745
64  654
64  623
64  785
64  978
64  878
64  503
64  260
64  604
65  532
65  935
65  841
65  142
65  338
65  659
65  340
65  245
65  182
65  857
65  915
65  893
66  514
66  137
66  407
66  410
66  541
66  177
66  680
66  173
66  305
66  309
66  319
66  839
66  969
66  843
66  334
66  593
66  210
66  991
66  612
66  869
66  849
66  876
66  625
67  902
67  401
67  152
67  153
67  670
67  112
67  554
67  300
67  430
67  689
67  317
67  199
67  461
67  337
67  982
67  728
67  608
67  868
67  357
67  465
67  238
67  752
67  632
68  928
68  992
68  900
68  138
68  442
68  157
68  658
68  126
68  89
68  201
68  792
68  122
68  635
68  767
68  989
68  575
68  639
69  295
69  452
69  935
69  809
69  683
69  556
69  782
69  349
69  209
69  562
69  516
69  855
69  635
69  606
69  157
69  638
70  773
70  390
70  534
70  407
70  152
70  667
70  290
70  292
70  942
70  435
70  581
70  849
70  725
70  982
70  420
70  349
70  736
70  872
70  371
70  372
70  377
71  864
71  674
71  323
71  310
71  231
71  328
71  119
71  146
71  943
71  496
71  392
71  274
71  339
71  470
71  567
71  536
71  953
71  379
71  988
71  882
72  131
72  143
72  272
72  146
72  161
72  421
72  679
72  809
72  171
72  807
72  179
72  184
72  313
72  713
72  467
72  606
72  744
72  746
72  235
72  623
72  380
73  448
73  580
73  199
73  200
73  472
73  523
73  109
73  273
73  978
73  979
73  533
73  695
73  984
73  875
73  839
73  188
74  546
74  583
74  648
74  460
74  716
74  930
74  686
74  237
74  720
74  211
74  565
74  215
74  95
74  316
74  285
74  383
75  110
75  163
75  869
75  390
75  651
75  109
75  366
75  621
75  880
75  887
75  206
75  823
75  409
75  186
75  699
75  474
75  345
76  896
76  514
76  651
76  140
76  914
76  279
76  920
76  674
76  807
76  681
76  426
76  939
76  184
76  954
76  447
76  461
76  336
76  214
76  87
76  95
76  868
76  615
76  744
76  105
76  747
76  627
76  119
77  898
77  131
77  389
77  397
77  791
77  930
77  540
77  817
77  883
77  702
77  198
77  583
77  909
77  724
77  345
77  475
77  993
77  227
77  998
77  747
77  481
77  116
77  373
77  765
78  641
78  531
78  792
78  537
78  803
78  676
78  679
78  552
78  425
78  432
78  307
78  950
78  955
78  444
78  706
78  458
78  715
78  340
78  603
78  350
78  120
78  852
79  176
79  219
79  212
79  815
79  967
79  104
79  426
79  907
79  333
79  399
79  752
79  973
79  628
79  542
79  311
79  696
79  601
79  986
79  731
79  586
79  153
80  960
80  388
80  517
80  490
80  939
80  414
80  461
80  622
80  751
80  817
80  602
80  153
80  781
80  758
80  119
80  504
80  89
80  986
80  796
80  314
80  510
81  386
81  262
81  272
81  676
81  774
81  551
81  810
81  571
81  327
81  593
81  986
81  732
81  350
81  866
81  358
81  999
81  105
81  242
81  247
81  763
81  893
81  510
82  704
82  834
82  323
82  164
82  262
82  358
82  476
82  748
82  952
82  676
82  956
82  389
83  352
83  545
83  418
83  259
83  407
83  243
83  777
83  747
83  270
83  687
83  287
83  547
83  660
83  597
83  951
83  155
83  769
83  605
83  309
84  643
84  266
84  780
84  272
84  789
84  796
84  926
84  415
84  804
84  686
84  695
84  394
84  452
84  582
84  849
84  339
84  471
84  859
84  860
84  480
84  228
84  613
84  999
84  829
84  895
85  132
85  138
85  398
85  410
85  805
85  551
85  168
85  938
85  687
85  437
85  950
85  825
85  705
85  325
85  711
85  459
85  594
85  211
85  993
85  750
85  552
85  757
85  507
86  653
86  705
86  226
86  517
86  801
86  168
86  322
86  110
86  205
86  616
86  465
86  436
86  462
86  948
86  319
86  540
86  733
86  927
87  578
87  963
87  516
87  502
87  166
87  391
87  434
87  879
87  208
87  881
87  882
87  979
87  180
87  893
87  854
87  950
87  308
87  378
87  925
88  897
88  228
88  101
88  102
88  405
88  714
88  843
88  399
88  721
88  755
88  341
88  185
88  985
88  90
88  795
88  188
88  906
88  773
89  132
89  528
89  792
89  667
89  924
89  197
89  160
89  935
89  936
89  927
89  704
89  578
89  196
89  709
89  840
89  854
89  343
89  91
89  482
89  358
89  505
90  137
90  796
90  548
90  170
90  947
90  568
90  446
90  578
90  452
90  710
90  839
90  824
90  853
90  214
90  855
90  992
90  866
90  998
90  362
90  107
90  118
91  643
91  676
91  806
91  678
91  839
91  456
91  201
91  844
91  205
91  302
91  904
91  434
91  535
91  247
92  704
92  929
92  836
92  488
92  457
92  125
92  781
92  541
92  530
92  467
92  310
92  569
92  986
92  378
92  349
93  864
93  578
93  139
93  804
93  485
93  232
93  265
93  362
93  427
93  939
93  688
93  309
93  182
93  663
93  932
93  900
93  571
93  828
93  285
93  222
93  319
94  964
94  662
94  134
94  199
94  712
94  126
94  238
94  719
94  145
94  531
94  884
94  510
94  694
94  787
94  249
94  248
94  478
95  96
95  208
95  451
95  872
95  444
95  210
95  700
95  881
95  242
95  147
95  693
95  150
95  600
95  595
95  476
95  829
95  280
95  255
96  641
96  194
96  616
96  425
96  554
96  109
96  847
96  240
96  776
96  978
96  610
96  983
96  601
96  893
96  933
96  741
97  192
97  187
97  420
97  934
97  102
97  906
97  183
97  141
97  718
97  559
97  573
97  778
97  375
97  345
97  570
97  603
97  458
97  605
97  995
98  384
98  289
98  102
98  744
98  492
98  812
98  336
98  113
98  755
98  756
98  853
98  438
98  823
98  216
98  544
98  582
98  421
99  704
99  705
99  291
99  307
99  561
99  936
99  649
99  906
99  269
99  302
99  557
99  360
99  499
99  503
99  283
99  829
99  638
100  171
100  593
100  105
100  523
100  913
100  771
100  917
100  316
100  184
100  956
100  187
100  860
100  797
101  770
101  661
101  800
101  545
101  547
101  174
101  177
101  308
101  440
101  442
101  828
101  962
101  966
101  784
101  226
101  486
101  999
101  628
101  245
101  506
102  139
102  146
102  278
102  280
102  303
102  157
102  542
102  930
102  582
102  680
102  556
102  559
102  432
102  945
102  326
102  468
102  341
102  214
102  984
102  601
102  242
103  774
103  903
103  264
103  523
103  653
103  666
103  922
103  926
103  496
103  518
103  678
103  935
103  581
103  269
103  850
103  980
103  983
103  219
103  739
103  617
103  747
103  368
103  625
103  379
103  254
103  639
104  527
104  277
104  280
104  929
104  327
104  689
104  314
104  443
104  545
104  205
104  341
104  599
104  861
104  994
104  745
104  106
104  886
104  377
104  801
104  917
105  129
105  389
105  385
105  401
105  404
105  663
105  920
105  793
105  307
105  192
105  835
105  587
105  213
105  342
105  855
105  602
105  356
105  872
105  233
105  491
105  241
105  499
106  832
106  549
106  327
106  267
106  173
106  711
106  840
106  916
106  183
106  600
106  825
106  984
106  955
106  799
107  257
107  971
107  390
107  139
107  908
107  367
107  624
107  433
107  338
107  499
107  916
107  693
107  246
107  473
107  888
107  500
107  538
107  125
108  450
108  356
108  677
108  680
108  427
108  365
108  463
108  625
108  308
108  920
108  756
109  682
109  966
109  551
109  394
109  494
109  208
109  787
109  750
109  983
109  819
109  251
109  572
109  925
109  926
110  939
110  556
110  707
110  663
110  804
110  811
110  940
110  303
110  560
110  953
110  189
110  451
110  581
110  602
110  865
110  742
110  115
110  894
110  195
111  291
111  580
111  837
111  135
111  712
111  871
111  269
111  558
111  209
111  276
111  598
111  375
111  478
111  953
111  159
111  215
111  491
112  214
112  324
112  886
112  166
112  199
112  297
112  263
112  489
112  350
112  391
112  470
112  235
112  566
112  697
112  187
112  476
112  510
113  976
113  587
113  586
113  197
113  801
113  490
113  843
113  908
113  142
113  853
113  784
113  126
113  599
113  185
113  688
113  637
113  382
113  991
114  416
114  283
114  927
114  545
114  680
114  649
114  650
114  239
114  145
114  180
114  789
114  538
114  635
114  698
114  126
114  959
115  775
115  523
115  272
115  238
115  410
115  667
115  800
115  932
115  941
115  825
115  571
115  446
115  578
115  323
115  347
115  606
115  886
115  888
115  122
115  639
116  516
116  905
116  269
116  789
116  155
116  670
116  802
116  675
116  932
116  807
116  300
116  688
116  945
116  306
116  948
116  314
116  463
116  593
116  597
116  473
116  861
116  742
116  230
116  232
116  490
116  374
116  981
117  194
117  323
117  708
117  534
117  136
117  425
117  394
117  652
117  656
117  401
117  692
117  180
117  661
117  790
117  184
117  820
117  395
117  509
117  350
118  670
118  900
118  708
118  295
118  300
118  618
118  583
118  428
118  333
118  270
118  621
118  275
118  916
118  309
118  697
118  760
118  132
118  892
118  540
119  867
119  964
119  490
119  136
119  204
119  362
119  935
119  588
119  686
119  463
119  695
119  281
119  861
120  261
120  392
120  137
120  661
120  790
120  281
120  285
120  809
120  427
120  563
120  825
120  962
120  207
120  209
120  220
120  606
120  864
120  997
120  758
120  506
120  509
121  256
121  783
121  419
121  838
121  647
121  889
121  973
121  365
121  808
121  899
121  158
121  279
121  615
121  282
121  572
121  963
122  897
122  259
122  132
122  662
122  919
122  665
122  795
122  287
122  293
122  944
122  307
122  575
122  449
122  840
122  332
122  590
122  860
122  740
122  748
122  495
122  884
122  760
122  763
123  384
123  359
123  285
123  934
123  167
123  552
123  267
123  172
123  589
123  142
123  655
123  785
123  756
123  814
123  872
123  727
123  956
123  817
123  491
124  642
124  261
124  518
124  520
124  393
124  782
124  532
124  538
124  540
124  168
124  327
124  316
124  318
124  576
124  321
124  711
124  200
124  331
124  206
124  719
124  334
124  471
124  412
124  668
124  872
124  763
124  254
125  704
125  567
125  261
125  721
125  777
125  586
125  556
125  302
125  720
125  881
125  627
125  468
125  238
125  921
125  855
125  689
125  785
125  413
125  565
126  389
126  520
126  270
126  655
126  146
126  403
126  662
126  285
126  965
126  690
126  569
126  698
126  703
126  323
126  709
126  910
126  455
126  200
126  204
126  213
126  479
126  238
126  244
126  507
127  672
127  290
127  196
127  677
127  188
127  170
127  523
127  749
127  496
127  419
127  762
127  863
127  732
127  669
127  958
127  895
128  256
128  448
128  418
128  260
128  965
128  967
128  171
128  642
128  783
128  177
128  978
128  245
128  950
128  855
128  314
128  637
129  288
129  931
129  520
129  331
129  652
129  237
129  430
129  399
129  658
129  820
129  757
129  662
129  184
129  692
129  959
129  377
130  192
130  550
130  198
130  779
130  750
130  207
130  272
130  593
130  594
130  404
130  190
130  313
130  218
130  381
130  158
130  910
131  240
131  836
131  903
131  169
131  139
131  492
131  781
131  912
131  243
131  529
131  374
131  441
131  429
131  186
131  591
132  642
132  791
132  670
132  415
132  935
132  303
132  700
132  974
132  471
132  728
132  865
132  233
132  235
132  621
132  241
132  873
132  252
133  356
133  806
133  582
133  856
133  749
133  622
133  527
133  272
133  625
133  978
133  275
133  658
133  982
133  922
133  987
133  255
134  962
134  419
134  470
134  583
134  618
134  174
134  849
134  596
134  245
134  598
134  986
134  827
134  970
135  321
135  549
135  748
135  621
135  910
135  911
135  415
135  759
135  472
135  249
135  895
136  257
136  419
136  943
136  614
136  747
136  488
136  329
136  587
136  364
136  622
136  911
136  502
136  536
136  668
136  158
136  572
137  897
137  515
137  772
137  517
137  143
137  401
137  147
137  790
137  151
137  285
137  311
137  826
137  188
137  963
137  845
137  994
137  373
138  643
138  389
138  263
138  266
138  140
138  912
138  662
138  926
138  681
138  562
138  670
138  312
138  959
138  587
138  600
138  985
138  863
138  609
138  868
138  357
138  490
138  875
138  255
139  514
139  141
139  528
139  240
139  164
139  297
139  173
139  320
139  194
139  969
139  203
139  892
139  975
139  599
139  804
139  229
139  745
139  880
139  380
140  513
140  875
140  644
140  520
140  399
140  785
140  408
140  420
140  173
140  178
140  949
140  190
140  597
140  214
140  729
140  475
140  606
140  736
140  997
140  306
140  629
140  765
141  910
141  533
141  668
141  158
141  304
141  182
141  442
141  846
141  720
141  850
141  526
141  731
141  221
141  229
141  871
141  873
141  748
141  752
141  241
141  765
141  510
142  896
142  781
142  216
142  278
142  152
142  799
142  417
142  547
142  241
142  314
142  374
142  589
142  466
142  343
142  856
142  351
142  613
142  998
142  872
142  362
142  502
143  768
143  386
143  390
143  392
143  514
143  416
143  289
143  164
143  293
143  167
143  299
143  558
143  308
143  311
143  574
143  205
143  376
143  722
143  230
143  232
143  617
143  233
143  760
144  592
144  578
144  230
144  422
144  583
144  840
144  169
144  845
144  783
144  880
144  853
144  329
144  607
145  643
145  154
145  924
145  801
145  943
145  946
145  949
145  189
145  716
145  845
145  846
145  465
145  859
145  736
145  869
145  488
145  957
145  884
145  633
146  960
146  867
146  740
146  613
146  359
146  396
146  913
146  722
146  494
146  505
146  952
146  729
146  314
146  839
146  541
147  400
147  450
147  644
147  520
147  371
147  426
147  334
147  720
147  200
147  691
147  245
147  536
147  924
147  970
147  319
148  644
148  790
148  425
148  362
148  174
148  302
148  854
148  183
148  376
148  634
148  159
148  890
148  798
148  181
149  900
149  906
149  270
149  920
149  668
149  414
149  551
149  840
149  564
149  949
149  958
149  712
149  203
149  460
149  211
149  468
149  218
149  881
149  872
149  233
149  232
149  246
149  255
150  993
150  803
150  934
150  870
150  360
150  875
150  591
150  531
150  965
150  978
150  627
150  447
150  950
150  504
150  953
150  179
150  415
150  381
151  673
151  579
151  324
151  239
151  562
151  783
151  848
151  248
151  626
151  339
151  693
151  886
151  984
151  281
151  591
151  891
151  991
152  213
152  904
152  268
152  941
152  287
152  805
152  678
152  557
152  799
152  453
152  593
152  725
152  985
152  994
152  484
152  874
152  623
152  499
152  501
152  891
152  511
153  901
153  791
153  653
153  275
153  279
153  296
153  178
153  444
153  829
153  710
153  595
153  984
153  347
153  483
153  872
153  363
153  253
153  424
153  723
153  501
153  893
154  194
154  278
154  776
154  746
154  810
154  814
154  208
154  626
154  662
154  283
154  734
154  965
155  736
155  769
155  962
155  897
155  231
155  841
155  824
155  722
155  532
155  501
155  920
155  212
155  763
155  414
156  480
156  961
156  603
156  517
156  999
156  458
156  203
156  159
156  813
156  206
156  677
156  599
156  414
156  983
156  314
156  175
156  157
156  830
156  863
157  259
157  656
157  529
157  540
157  542
157  177
157  824
157  316
157  800
157  963
157  968
157  991
157  992
157  619
157  495
157  887
157  763
158  646
158  923
158  288
158  944
158  165
158  167
158  681
158  175
158  176
158  438
158  311
158  568
158  313
158  571
158  188
158  713
158  330
158  338
158  992
158  999
158  618
158  850
158  625
158  887
159  320
159  736
159  261
159  550
159  200
159  969
159  972
159  498
159  537
160  777
160  907
160  403
160  793
160  921
160  799
160  801
160  219
160  297
160  944
160  309
160  950
160  187
160  701
160  318
160  840
160  980
160  472
160  731
160  608
160  611
160  241
160  504
161  388
161  648
161  393
161  401
161  530
161  533
161  807
161  686
161  431
161  701
161  224
161  580
161  717
161  976
161  474
161  347
161  229
161  352
161  357
161  625
161  992
161  382
162  931
162  537
162  551
162  457
162  975
162  969
162  948
162  439
162  729
162  926
162  377
163  695
163  483
163  804
163  293
163  396
163  394
163  779
163  908
163  397
163  817
163  739
163  373
163  983
163  754
163  835
163  827
163  829
163  405
164  900
164  906
164  268
164  270
164  926
164  415
164  806
164  303
164  177
164  990
164  957
164  693
164  652
164  462
164  347
164  862
164  483
164  850
164  377
165  320
165  258
165  231
165  394
165  236
165  239
165  341
165  763
165  682
165  789
166  576
166  578
166  968
166  671
166  944
166  739
166  405
166  567
166  863
166  412
166  702
166  853
167  896
167  560
167  432
167  185
167  573
167  704
167  580
167  712
167  591
167  982
167  985
167  613
167  490
167  879
167  882
167  504
167  889
168  644
168  775
168  654
168  659
168  532
168  286
168  811
168  812
168  944
168  954
168  712
168  201
168  590
168  601
168  477
168  357
168  489
168  747
168  364
168  637
168  254
168  725
169  902
169  392
169  270
169  786
169  259
169  288
169  420
169  810
169  944
169  691
169  583
169  968
169  586
169  332
169  845
169  209
169  216
169  988
169  998
169  785
169  360
169  915
169  374
170  224
170  450
170  419
170  293
170  614
170  263
170  266
170  299
170  908
170  493
170  431
170  557
170  790
170  473
170  893
170  414
171  193
171  579
171  699
171  796
171  545
171  585
171  375
171  524
171  557
171  600
171  712
171  393
171  920
171  793
171  698
171  827
171  380
172  648
172  522
172  655
172  658
172  345
172  800
172  940
172  755
172  693
172  183
172  958
172  831
172  928
172  335
172  723
172  473
172  606
172  867
172  359
172  371
172  635
172  703
173  544
173  193
173  648
173  508
173  235
173  322
173  846
173  303
173  450
173  944
173  464
173  814
173  727
173  628
173  922
173  892
173  663
174  899
174  389
174  652
174  412
174  413
174  542
174  517
174  426
174  946
174  944
174  178
174  573
174  190
174  197
174  974
174  341
174  733
174  864
174  741
174  491
174  370
174  765
175  224
175  736
175  291
175  292
175  992
175  262
175  827
175  938
175  494
175  562
175  323
175  212
175  693
175  566
175  987
175  479
176  673
176  483
176  228
176  992
176  649
176  714
176  397
176  189
176  882
176  307
176  564
176  917
176  825
176  900
177  398
177  789
177  791
177  924
177  672
177  425
177  954
177  960
177  451
177  333
177  848
177  867
177  741
177  614
177  937
177  891
177  509
177  383
178  962
178  536
178  418
178  624
178  849
178  723
178  373
178  482
178  856
178  250
178  795
178  728
178  766
179  226
179  552
179  460
179  556
179  386
179  207
179  657
179  786
179  713
179  826
179  827
179  220
179  478
179  543
180  517
180  657
180  407
180  794
180  414
180  420
180  421
180  819
180  440
180  446
180  194
180  713
180  589
180  464
180  312
180  850
180  676
180  365
180  504
180  377
181  992
181  449
181  379
181  487
181  486
181  230
181  391
181  632
181  202
181  651
181  687
181  773
181  952
181  946
181  682
181  760
181  954
181  763
181  957
181  442
182  644
182  902
182  814
182  284
182  326
182  294
182  412
182  301
182  302
182  946
182  185
182  959
182  582
182  594
182  223
182  739
182  487
182  924
182  978
182  367
182  374
182  686
183  928
183  546
183  487
183  520
183  523
183  817
183  754
183  929
184  900
184  269
184  680
184  813
184  704
184  707
184  326
184  604
184  363
184  623
184  504
184  891
184  638
185  402
185  534
185  543
185  288
185  933
185  554
185  555
185  429
185  819
185  580
185  585
185  461
185  208
185  466
185  979
185  357
185  613
185  622
185  240
186  258
186  535
186  527
186  387
186  279
186  943
186  668
186  795
186  549
186  553
186  303
186  564
186  957
186  969
186  596
186  860
186  735
186  482
186  871
186  616
186  231
186  236
186  677
187  930
187  869
187  904
187  748
187  463
187  209
187  819
187  415
187  894
187  580
187  228
187  979
187  639
188  897
188  516
188  645
188  775
188  657
188  278
188  418
188  952
188  699
188  462
188  849
188  728
188  348
188  231
188  621
188  638
188  383
188  894
189  579
189  613
189  744
189  522
189  440
189  430
189  694
189  760
189  947
189  886
189  728
190  896
190  387
190  388
190  898
190  279
190  925
190  752
190  678
190  305
190  691
190  564
190  315
190  324
190  977
190  340
190  983
190  729
190  858
190  222
190  997
190  496
191  386
191  199
191  616
191  495
191  808
191  502
191  567
191  600
191  633
191  636
192  273
192  274
192  533
192  798
192  808
192  693
192  950
192  696
192  906
192  958
192  310
192  330
192  462
192  977
192  722
192  728
192  347
192  604
192  992
192  755
192  244
192  374
192  632
193  389
193  392
193  521
193  781
193  656
193  804
193  425
193  430
193  702
193  833
193  838
193  971
193  724
193  215
193  986
193  350
193  998
193  745
193  755
193  502
193  507
193  508
193  381
194  771
194  264
194  394
194  910
194  918
194  791
194  794
194  287
194  419
194  429
194  688
194  441
194  702
194  575
194  708
194  972
194  462
194  984
194  985
194  474
194  351
194  864
194  230
194  234
194  620
195  737
195  258
195  234
195  907
195  962
195  208
195  398
195  489
195  568
195  473
195  319
195  281
195  671
196  439
196  678
196  993
196  523
196  396
196  398
196  816
196  969
196  339
196  598
196  809
196  696
196  411
196  221
196  745
197  288
197  448
197  515
197  960
197  832
197  711
197  682
197  302
197  495
197  371
197  565
197  823
197  761
197  835
197  351
197  995
197  318
197  981
198  320
198  995
198  422
198  487
198  812
198  206
198  624
198  753
198  404
198  373
198  375
198  505
198  315
198  540
198  831
199  770
199  648
199  401
199  405
199  408
199  925
199  670
199  606
199  694
199  313
199  210
199  467
199  600
199  608
199  872
199  623
199  881
200  256
200  263
200  535
200  417
200  805
200  424
200  299
200  814
200  825
200  571
200  671
200  447
200  837
200  801
200  723
200  982
200  749
200  634
200  637
201  900
201  396
201  664
201  290
201  931
201  813
201  942
201  565
201  696
201  225
201  206
201  725
201  215
201  859
201  481
201  609
201  761
201  634
201  639
202  428
202  530
202  280
202  414
202  931
202  548
202  684
202  818
202  694
202  826
202  446
202  832
202  330
202  464
202  602
202  734
202  607
202  234
202  274
202  502
203  960
203  616
203  362
203  747
203  396
203  744
203  594
203  819
203  254
203  856
203  505
203  682
203  914
203  213
204  257
204  270
204  796
204  684
204  566
204  567
204  703
204  832
204  971
204  840
204  586
204  331
204  336
204  209
204  475
204  479
204  736
204  208
204  358
204  750
205  417
205  614
205  390
205  801
205  682
205  811
205  908
205  365
205  366
205  296
205  472
205  410
206  513
206  909
206  915
206  662
206  923
206  927
206  290
206  454
206  319
206  974
206  210
206  988
206  989
206  481
206  358
206  494
206  629
206  634
207  928
207  289
207  357
207  934
207  232
207  905
207  362
207  239
207  211
207  372
207  586
207  798
208  771
208  402
208  787
208  921
208  932
208  293
208  831
208  589
208  847
208  677
208  245
208  759
208  761
208  508
208  511
209  414
209  417
209  678
209  427
209  308
209  952
209  829
209  836
209  325
209  840
209  335
209  751
209  754
209  506
209  255
210  513
210  260
210  928
210  420
210  549
210  812
210  303
210  432
210  720
210  462
210  984
210  346
210  219
210  860
210  477
210  486
210  498
210  508
211  256
211  512
211  777
211  396
211  269
211  783
211  797
211  687
211  308
211  649
211  948
211  838
211  969
211  971
211  338
211  489
211  618
211  978
211  501
212  930
212  356
212  709
212  316
212  458
212  592
212  689
212  221
212  852
212  313
212  260
212  285
212  668
212  522
213  386
213  681
213  229
213  678
213  295
213  846
213  797
213  628
213  629
213  809
213  457
213  745
213  218
213  925
214  379
214  484
214  454
214  305
214  968
214  745
214  842
214  775
214  719
214  401
214  693
214  593
214  375
214  644
214  795
215  225
215  327
215  721
215  900
215  869
215  683
215  781
215  746
215  273
215  530
215  372
215  887
215  730
215  847
215  893
215  394
216  998
216  522
216  491
216  365
216  502
216  233
216  287
216  650
216  254
216  895
217  960
217  993
217  994
217  619
217  875
217  622
217  303
217  627
217  948
217  750
217  889
217  671
217  959
218  923
218  598
218  465
218  553
218  810
218  479
218  222
218  721
218  340
218  661
218  918
218  311
218  607
218  571
218  988
218  446
219  288
219  251
219  612
219  773
219  809
219  490
219  273
219  333
219  720
219  465
219  279
219  813
219  475
219  796
219  714
219  510
219  991
220  546
220  548
220  712
220  592
220  502
220  471
220  538
220  540
221  737
221  266
221  363
221  620
221  845
221  786
221  883
221  740
221  826
221  855
221  573
222  321
222  770
222  835
222  964
222  536
222  273
222  846
222  881
222  310
222  664
222  825
222  412
222  479
223  800
223  613
223  906
223  653
223  239
223  305
223  564
223  381
223  280
223  570
223  828
223  506
223  254
224  642
224  347
224  870
224  230
224  775
224  807
224  524
224  706
224  496
224  244
224  855
224  377
224  431
225  320
225  544
225  866
225  491
225  644
225  393
225  599
225  811
225  238
225  493
225  920
225  691
225  606
225  822
225  952
225  527
226  608
226  230
226  961
226  553
226  940
226  590
226  765
226  944
226  663
226  957
227  293
227  236
227  270
227  559
227  594
227  383
227  302
227  854
227  632
227  911
227  277
228  384
228  389
228  359
228  583
228  715
228  622
228  563
228  373
228  662
228  903
228  924
228  413
229  554
229  521
229  652
229  657
229  277
229  791
229  552
229  298
229  688
229  434
229  969
229  446
229  524
229  332
229  589
229  465
229  597
229  731
229  353
229  868
229  363
229  637
230  803
230  741
230  838
230  776
230  617
230  322
230  878
230  788
230  440
230  397
230  378
230  415
230  862
231  737
231  324
231  636
231  252
231  939
231  622
231  688
231  305
231  501
231  381
231  597
232  384
232  394
232  402
232  927
232  307
232  500
232  450
232  589
232  980
232  729
232  863
232  871
232  235
232  495
232  241
232  883
232  630
232  381
232  895
233  354
233  902
233  326
233  711
233  296
233  408
233  748
233  781
233  360
233  787
233  407
233  770
233  476
233  350
233  361
234  399
234  542
234  422
234  950
234  315
234  705
234  578
234  331
234  720
234  466
234  854
234  475
234  621
234  997
234  353
234  994
234  550
234  747
234  877
234  245
234  632
234  511
235  416
235  480
235  610
235  675
235  390
235  647
235  794
235  587
235  524
235  803
235  890
235  988
235  669
235  962
236  609
236  514
236  676
236  518
236  273
236  361
236  394
236  621
236  657
236  801
236  244
236  740
236  667
236  704
236  938
237  786
237  406
237  666
237  943
237  818
237  313
237  445
237  959
237  715
237  718
237  465
237  467
237  725
237  602
237  860
237  612
237  751
237  889
237  894
238  256
238  519
238  712
238  266
238  460
238  535
238  824
238  762
238  764
239  969
239  586
239  598
239  613
239  561
239  950
239  664
239  729
240  320
240  343
240  612
240  278
240  577
240  521
240  844
240  589
240  653
240  839
240  833
240  918
240  489
240  795
240  862
240  751
241  547
241  934
241  870
241  939
241  687
241  274
241  244
241  414
241  329
241  722
241  798
242  545
242  835
242  806
242  777
242  522
242  557
242  367
242  688
242  562
242  724
242  278
242  985
242  347
242  699
242  720
242  831
243  325
243  968
243  617
243  650
243  343
243  588
243  462
243  515
243  820
243  553
243  569
243  859
243  442
243  478
243  997
244  392
244  293
244  687
244  819
244  949
244  313
244  700
244  573
244  446
244  963
244  454
244  712
244  978
244  727
244  484
244  870
244  621
244  505
245  675
245  932
245  967
245  300
245  337
245  400
245  953
245  799
245  426
245  382
245  837
246  619
246  741
246  617
246  428
246  882
246  372
246  468
246  916
246  349
246  383
247  800
247  417
247  779
247  580
247  582
247  550
247  843
247  963
247  790
247  380
248  768
248  675
248  484
248  518
248  680
248  558
248  587
248  255
248  430
248  254
248  931
248  500
248  341
248  568
248  788
248  591
248  501
249  740
249  421
249  582
249  328
249  266
249  971
249  396
249  845
249  973
249  372
249  982
249  632
249  793
249  975
249  671
249  682
249  276
250  279
250  705
250  994
250  868
250  423
250  745
250  327
250  844
250  653
250  711
250  341
250  439
250  536
250  378
250  460
251  737
251  386
251  803
251  964
251  865
251  713
251  842
251  880
251  305
251  884
251  437
251  987
251  988
251  734
252  961
252  389
252  584
252  681
252  903
252  497
252  869
252  537
252  937
252  548
252  410
252  987
252  286
252  709
253  672
253  834
253  870
253  326
253  872
253  620
253  654
253  559
253  880
253  465
253  466
253  404
253  983
253  344
253  410
253  700
253  922
253  589
253  959
254  839
254  907
254  797
254  880
254  273
254  306
254  497
254  308
254  918
254  511
255  673
255  707
255  740
255  359
255  834
255  445
255  851
255  824
255  689
255  762
255  686
255  866
255  885
256  896
256  904
256  522
256  911
256  279
256  421
256  939
256  689
256  703
256  577
256  578
256  846
256  718
256  355
256  484
256  358
256  370
256  885
256  853
257  387
257  356
257  677
257  423
257  380
257  938
257  784
257  328
257  658
257  468
257  798
257  888
257  634
257  796
257  381
257  958
257  415
258  544
258  706
258  359
258  492
258  267
258  940
258  302
258  689
258  355
258  628
258  793
259  384
259  266
259  762
259  665
259  556
259  689
259  307
259  956
259  708
259  966
259  593
259  859
259  477
259  745
259  874
259  619
259  755
260  994
260  614
260  455
260  264
260  873
260  618
260  461
260  814
260  751
260  695
261  642
261  522
261  779
261  397
261  274
261  920
261  412
261  288
261  932
261  684
261  302
261  955
261  445
261  958
261  349
261  764
261  875
261  365
261  366
261  374
262  311
262  675
262  388
262  935
262  425
262  567
262  784
262  948
262  905
262  824
262  911
262  924
262  751
263  610
263  707
263  553
263  459
263  493
263  977
263  498
263  403
263  756
263  280
263  787
263  826
263  634
263  803
263  671
264  279
264  897
264  867
264  325
264  294
264  673
264  290
264  942
264  877
264  496
264  514
264  275
264  534
264  503
264  720
264  921
264  764
265  537
265  998
265  682
265  461
265  752
265  566
265  791
265  601
265  863
265  446
265  959
266  642
266  773
266  277
266  918
266  541
266  418
266  440
266  825
266  963
266  568
266  341
266  732
266  477
266  615
267  388
267  581
267  747
267  634
267  603
268  387
268  517
268  689
268  680
268  553
268  426
268  649
268  368
268  712
268  786
268  660
268  414
268  873
268  314
268  698
268  734
268  543
269  519
269  654
269  783
269  401
269  918
269  679
269  425
269  820
269  694
269  500
269  448
269  452
269  854
269  723
269  766
270  772
270  907
270  782
270  276
270  919
270  537
270  935
270  810
270  559
270  826
270  407
270  847
270  853
270  603
270  477
270  937
271  416
271  865
271  866
271  291
271  934
271  422
271  750
271  727
271  953
271  635
271  382
272  577
272  390
272  905
272  682
272  814
272  845
272  966
272  673
272  570
272  508
272  998
272  511
273  770
273  515
273  644
273  783
273  771
273  277
273  671
273  419
273  555
273  814
273  948
273  950
273  443
273  700
273  320
273  590
273  467
273  852
273  605
273  612
273  501
274  899
274  776
274  653
274  334
274  591
274  976
274  931
274  886
274  409
274  893
275  896
275  705
275  928
275  486
275  873
275  334
275  573
275  721
275  904
275  905
275  982
275  922
275  985
275  636
275  893
275  575
275  773
276  897
276  706
276  299
276  321
276  609
276  744
276  555
276  940
276  910
276  858
276  730
276  911
276  412
276  622
276  735
277  289
277  386
277  585
277  777
277  937
277  852
277  949
277  694
277  855
277  280
277  441
277  602
277  312
277  666
277  511
278  291
278  357
278  455
278  616
278  939
278  399
278  528
278  690
278  483
278  565
278  663
278  856
278  819
278  863
279  913
279  918
279  665
279  666
279  556
279  429
279  560
279  648
279  946
279  309
279  447
279  593
279  594
279  342
279  984
279  861
279  747
279  508
280  395
280  780
280  401
280  791
280  794
280  804
280  307
280  317
280  833
280  580
280  459
280  467
280  345
280  484
280  763
281  774
281  663
281  536
281  921
281  422
281  946
281  314
281  981
281  826
281  478
281  740
281  877
281  879
281  753
281  884
281  373
281  504
281  379
282  448
282  449
282  548
282  618
282  673
282  650
282  847
282  816
282  754
282  595
282  350
282  309
282  375
282  458
282  318
283  324
283  489
283  471
283  722
283  851
283  500
283  841
283  351
283  828
283  538
283  863
284  490
284  388
284  337
284  520
284  457
284  426
284  588
284  686
284  335
284  497
284  466
284  953
284  719
284  746
284  414
285  656
285  531
285  791
285  793
285  325
285  291
285  549
285  605
285  952
285  443
285  445
285  709
285  711
285  331
285  606
285  528
285  739
285  747
285  877
285  624
285  724
285  636
286  320
286  738
286  806
286  874
286  353
286  461
286  909
286  360
286  658
286  758
286  445
286  508
286  817
286  990
286  832
287  293
287  327
287  552
287  604
287  490
287  587
287  418
287  813
287  884
287  691
287  982
287  537
287  644
287  924
288  653
288  290
288  803
288  948
288  437
288  317
288  584
288  462
288  978
288  985
288  731
288  992
288  756
288  766
289  771
289  715
289  914
289  822
289  381
289  441
289  763
289  540
289  989
289  606
290  675
290  504
290  999
290  492
290  655
290  456
290  948
290  886
290  841
290  792
290  762
291  416
291  992
291  617
291  715
291  396
291  403
291  854
291  969
291  803
291  539
291  572
292  384
292  774
292  968
292  809
292  778
292  299
292  398
292  784
292  786
292  403
292  628
292  757
292  857
292  539
292  860
293  768
293  789
293  581
293  557
293  309
293  312
293  577
293  322
293  709
293  582
293  931
293  470
293  856
293  864
293  865
293  616
293  881
293  761
293  381
294  800
294  454
294  359
294  744
294  462
294  495
294  592
294  785
294  978
294  692
294  601
294  985
294  607
294  444
295  515
295  344
295  541
295  415
295  815
295  328
295  956
295  317
295  840
295  589
295  463
295  339
295  600
295  857
295  479
295  994
295  356
295  628
295  886
295  505
296  653
296  806
296  433
296  570
296  320
296  577
296  962
296  707
296  464
296  859
296  605
296  357
296  592
296  550
296  487
296  752
296  625
297  548
297  449
297  906
297  590
297  349
297  370
297  532
297  917
297  471
297  704
297  801
297  703
298  768
298  513
298  642
298  483
298  932
298  646
298  962
298  561
298  978
298  723
298  564
298  374
298  409
298  793
298  919
298  543
298  350
298  703
299  320
299  649
299  473
299  808
299  968
299  434
299  569
299  444
299  704
299  333
299  462
299  720
299  721
299  984
299  548
299  858
299  604
299  486
299  616
299  745
299  882
300  339
300  805
300  615
300  680
300  426
300  814
300  659
300  757
300  567
300  920
300  602
300  479
300  986
300  318
301  739
301  902
301  486
301  905
301  620
301  783
301  368
301  445
301  371
301  596
301  537
301  953
301  826
301  797
301  345
302  646
302  522
302  782
302  795
302  441
302  839
302  588
302  334
302  605
302  745
302  851
302  895
303  506
303  451
303  423
303  592
303  501
303  567
303  762
303  447
303  668
303  894
303  927
304  772
304  395
304  784
304  402
304  405
304  662
304  665
304  411
304  730
304  429
304  306
304  823
304  696
304  709
304  841
304  858
304  862
304  613
304  998
304  880
304  884
304  889
304  767
304  661
305  488
305  394
305  557
305  943
305  496
305  756
305  798
305  948
305  508
305  381
305  862
306  993
306  645
306  839
306  521
306  375
306  558
306  531
306  470
306  471
306  793
306  795
306  669
306  671
307  640
307  395
307  787
307  534
307  418
307  678
307  308
307  437
307  586
307  860
307  874
308  641
308  775
308  786
308  534
308  674
308  683
308  448
308  726
308  485
308  354
308  721
308  371
308  632
308  378
309  640
309  908
309  653
309  913
309  564
309  310
309  443
309  502
309  327
309  843
309  728
309  360
309  620
309  365
309  367
309  380
310  578
310  707
310  420
310  869
310  774
310  588
310  855
310  447
311  673
311  418
311  519
311  912
311  721
311  594
311  447
311  642
311  335
311  669
311  990
311  442
312  839
312  904
312  521
312  427
312  717
312  398
312  877
312  625
312  658
312  579
312  690
312  835
312  527
312  746
312  621
313  644
313  913
313  530
313  420
313  806
313  808
313  821
313  500
313  712
313  971
313  336
313  851
313  601
313  736
313  865
313  357
313  495
313  880
313  378
314  645
314  775
314  650
314  913
314  799
314  544
314  937
314  555
314  688
314  580
314  838
314  589
314  526
314  598
314  986
314  910
314  482
314  621
315  384
315  566
315  441
315  445
315  757
315  579
315  708
315  970
315  848
315  468
315  859
315  354
315  488
315  748
315  573
315  318
316  401
316  657
316  403
316  937
316  797
316  701
316  833
316  579
316  585
316  462
316  970
316  356
316  487
316  496
316  509
316  639
317  929
317  881
317  455
317  684
317  845
317  911
317  337
317  658
317  847
317  348
317  507
318  655
318  536
318  537
318  924
318  929
318  546
318  547
318  819
318  568
318  702
318  959
318  672
318  978
318  347
318  613
318  485
318  616
318  763
318  510
319  640
319  651
319  657
319  671
319  819
319  951
319  441
319  699
319  586
319  721
319  726
319  751
319  377
320  523
320  788
320  922
320  672
320  804
320  497
320  425
320  692
320  444
320  352
320  841
320  978
320  979
320  986
320  864
320  353
320  401
320  936
321  385
321  403
321  667
321  541
321  933
321  563
321  513
321  735
321  322
321  453
321  326
321  839
321  590
321  463
321  976
321  337
321  863
321  494
321  379
322  496
322  690
322  723
322  505
322  825
322  540
322  882
322  624
322  863
323  514
323  394
323  655
323  661
323  664
323  538
323  928
323  425
323  818
323  694
323  448
323  333
323  593
323  854
323  352
323  489
323  759
324  452
324  808
324  412
324  848
324  946
324  503
324  857
324  508
325  931
325  549
325  550
325  713
325  396
325  405
325  785
325  627
325  841
325  601
325  378
326  418
326  515
326  773
326  456
326  884
326  981
326  439
326  697
326  885
326  575
326  701
326  789
327  528
327  522
327  579
327  997
327  551
327  560
327  616
327  739
327  500
327  817
327  894
327  702
328  832
328  928
328  868
328  869
328  742
328  840
328  521
328  619
328  493
328  732
328  406
328  824
328  539
328  988
328  797
328  766
329  481
329  868
329  520
329  905
329  808
329  943
329  370
329  630
329  983
329  664
329  445
329  815
329  701
330  577
330  643
330  371
330  594
330  469
330  415
330  958
330  799
331  928
331  387
331  682
331  807
331  494
331  509
331  542
331  605
331  975
331  796
331  766
331  981
332  672
332  899
332  967
332  491
332  461
332  559
332  402
332  821
332  918
332  393
332  766
332  543
333  897
333  770
333  518
333  657
333  548
333  949
333  951
333  833
333  841
333  364
333  766
333  764
333  638
333  895
334  775
334  394
334  655
334  660
334  931
334  710
334  806
334  679
334  557
334  439
334  953
334  838
334  841
334  587
334  590
334  872
334  760
335  481
335  798
335  395
335  807
335  457
335  810
335  715
335  435
335  884
335  725
335  632
335  787
335  474
335  894
336  899
336  452
336  494
336  463
336  370
336  627
336  439
336  472
336  477
337  608
337  357
337  488
337  521
337  430
337  529
337  698
337  892
337  797
338  740
338  870
338  838
338  961
338  875
338  941
338  529
338  513
338  980
338  666
338  881
338  509
338  929
339  770
339  804
339  486
339  488
339  905
339  581
339  910
339  913
339  497
339  414
339  439
339  852
339  991
339  831
340  544
340  450
340  611
340  773
340  423
340  552
340  490
340  935
340  877
340  625
340  467
340  968
340  856
340  689
340  476
341  832
341  769
341  739
341  503
341  391
341  647
341  652
341  911
341  919
341  890
341  670
342  992
342  389
342  390
342  805
342  429
342  817
342  434
342  563
342  691
342  726
342  540
342  988
342  862
342  997
343  409
343  834
343  487
343  520
343  905
343  871
343  528
343  921
343  633
343  656
343  795
343  890
344  376
344  375
344  360
344  359
344  776
344  948
344  599
344  952
344  665
344  862
345  522
345  798
345  546
345  421
345  478
345  826
345  833
345  578
345  464
345  471
345  606
345  610
345  617
345  720
346  737
346  834
346  801
346  585
346  426
346  780
346  829
346  824
346  626
346  888
346  508
346  882
347  815
347  361
347  975
347  817
347  448
347  694
347  761
347  696
347  372
347  891
347  525
348  485
348  423
348  682
348  747
348  815
348  976
348  529
348  370
348  989
348  561
348  726
348  727
348  938
348  613
349  526
349  701
349  497
349  851
349  974
349  795
349  925
349  990
349  581
350  641
350  519
350  778
350  652
350  915
350  410
350  671
350  544
350  931
350  937
350  948
350  954
350  959
350  962
350  451
350  980
350  469
350  611
350  748
350  760
350  892
351  608
351  737
351  387
351  585
351  923
351  914
351  469
351  374
351  920
351  731
351  797
352  550
352  870
352  843
352  684
352  718
352  594
352  414
352  934
352  644
352  855
352  411
352  866
352  459
352  991
353  710
353  744
353  713
353  458
353  908
353  494
353  687
353  968
353  470
353  602
353  603
353  636
353  933
354  672
354  800
354  644
354  934
354  561
354  715
354  428
354  786
354  496
354  977
354  850
354  755
354  373
354  662
354  890
354  700
354  607
355  512
355  900
355  517
355  832
355  929
355  714
355  599
355  876
355  418
355  656
355  726
355  681
355  792
355  700
355  826
355  542
356  646
356  784
356  661
356  412
356  803
356  932
356  425
356  810
356  432
356  818
356  957
356  969
356  476
356  733
356  481
356  375
356  852
357  644
357  742
357  454
357  856
357  761
357  762
357  539
357  508
357  799
358  545
358  802
358  997
358  609
358  843
358  664
358  530
358  594
358  533
358  632
358  788
358  442
358  412
358  376
359  901
359  904
359  365
359  801
359  425
359  835
359  842
359  973
359  853
359  749
360  395
360  527
360  707
360  411
360  541
360  674
360  553
360  829
360  703
360  579
360  930
360  988
360  483
360  870
360  615
360  489
360  659
360  382
361  386
361  423
361  808
361  490
361  365
361  881
361  722
361  467
361  501
361  642
361  567
361  859
361  946
362  961
362  879
362  935
362  488
362  620
362  878
362  407
362  564
362  954
362  765
363  699
363  840
363  905
363  369
363  888
363  765
363  862
363  453
364  799
364  443
364  388
364  554
364  432
364  904
364  786
364  980
364  825
364  959
365  918
365  923
365  673
365  549
365  445
365  455
365  976
365  596
365  987
365  860
365  605
365  865
365  484
365  627
366  409
366  964
366  875
366  420
366  481
366  697
366  842
366  464
366  851
366  628
366  691
366  727
366  484
366  794
366  543
366  769
367  931
367  804
367  422
367  871
367  492
367  940
367  751
367  456
367  786
367  969
367  826
368  706
368  709
368  746
368  462
368  477
368  689
368  755
368  534
368  887
368  413
368  633
368  507
368  668
368  925
368  542
368  543
369  640
369  993
369  485
369  647
369  428
369  394
369  396
369  679
369  558
369  781
369  849
369  536
369  825
369  444
369  540
369  382
369  511
370  449
370  930
370  454
370  743
370  509
370  671
370  815
370  573
370  592
370  751
370  860
370  957
370  965
371  807
371  636
371  845
371  688
371  594
371  821
371  566
371  950
371  664
371  507
371  700
371  390
372  641
372  774
372  903
372  395
372  803
372  552
372  568
372  445
372  836
372  996
372  602
372  608
372  483
372  484
372  756
372  511
373  673
373  809
373  689
373  577
373  837
373  457
373  715
373  462
373  745
373  874
373  501
373  759
373  505
374  644
374  395
374  653
374  400
374  791
374  413
374  422
374  811
374  429
374  943
374  820
374  439
374  957
374  962
374  965
374  717
374  975
374  721
374  473
374  862
374  784
374  376
374  890
374  511
375  520
375  655
375  666
375  679
375  937
375  810
375  811
375  694
375  823
375  452
375  721
375  850
375  985
375  997
375  503
375  511
376  480
376  903
376  585
376  876
376  592
376  883
376  885
376  730
376  783
377  651
377  816
377  934
377  944
377  566
377  822
377  459
377  593
377  607
377  622
377  637
378  769
378  586
378  971
378  588
378  530
378  413
378  881
378  850
378  436
378  951
378  822
378  695
378  522
378  405
379  641
379  912
379  924
379  670
379  679
379  687
379  824
379  826
379  451
379  709
379  717
379  466
379  854
379  856
379  862
379  617
379  496
379  881
379  632
380  864
380  516
380  905
380  398
380  882
380  835
380  404
380  609
380  604
381  658
381  531
381  661
381  540
381  926
381  547
381  673
381  587
381  846
381  850
381  998
381  491
382  413
382  670
382  947
382  441
382  699
382  959
382  454
382  588
382  844
382  975
382  724
382  733
382  484
382  613
382  499
382  758
383  896
383  522
383  413
383  674
383  676
383  552
383  684
383  817
383  699
383  906
383  707
383  964
383  842
383  975
383  723
383  852
383  609
383  483
383  745
384  770
384  771
384  903
384  918
384  416
384  823
384  696
384  827
384  842
384  589
384  824
384  981
384  987
384  867
384  746
384  622
384  495
384  891
384  767
385  507
385  485
385  648
385  523
385  913
385  466
385  948
385  789
385  534
385  885
385  440
385  575
385  702
385  725
386  388
386  914
386  406
386  927
386  553
386  561
386  693
386  709
386  710
386  459
386  984
386  740
386  614
386  620
386  749
386  758
386  831
387  901
387  778
387  792
387  540
387  812
387  431
387  961
387  583
387  725
387  470
387  570
387  735
387  736
387  618
388  768
388  644
388  650
388  538
388  551
388  686
388  569
388  779
388  453
388  454
388  893
389  902
389  787
389  533
389  929
389  930
389  945
389  944
389  689
389  444
389  578
389  581
389  583
389  715
389  844
389  975
389  728
389  878
390  640
390  391
390  650
390  551
390  668
390  567
390  825
390  571
390  906
390  608
390  837
390  992
390  485
391  512
391  737
391  419
391  421
391  775
391  470
391  974
391  656
391  785
391  914
391  726
391  793
391  414
391  409
392  587
392  492
392  717
392  494
392  724
392  633
392  859
392  476
392  751
393  932
393  491
393  975
393  871
393  707
393  695
393  505
393  763
394  512
394  516
394  649
394  405
394  434
394  439
394  952
394  699
394  957
394  848
394  858
394  741
394  874
395  675
395  581
395  882
395  643
395  759
395  979
395  469
396  898
396  780
396  525
396  939
396  432
396  695
396  456
396  976
396  471
396  997
396  872
396  757
396  502
397  417
397  935
397  552
397  969
397  810
397  527
397  749
397  835
397  920
397  829
397  414
398  512
398  773
398  550
398  876
398  815
398  786
398  771
398  902
398  729
398  982
398  885
399  962
399  486
399  588
399  557
399  878
399  880
399  531
399  436
399  504
399  500
399  701
399  608
399  799
400  772
400  999
400  650
400  759
400  429
400  637
400  817
400  596
400  919
400  441
400  789
401  907
401  654
401  797
401  818
401  984
401  478
401  876
401  495
401  757
402  640
402  833
402  586
402  581
402  550
402  745
402  522
402  493
402  584
402  660
402  665
402  911
402  447
403  678
403  717
403  719
403  497
403  481
403  628
403  725
403  470
403  503
403  998
403  766
404  641
404  550
404  587
404  445
404  546
404  661
404  664
404  986
404  988
404  782
404  750
405  517
405  651
405  525
405  410
405  808
405  937
405  814
405  703
405  577
405  968
405  970
405  592
405  602
405  615
405  743
405  886
405  631
405  509
406  864
406  641
406  803
406  456
406  880
406  970
406  491
406  751
406  976
406  776
406  436
406  471
406  920
406  536
407  416
407  939
407  783
407  881
407  631
407  664
407  698
407  638
408  645
408  648
408  940
408  650
408  658
408  661
408  791
408  665
408  802
408  933
408  552
408  812
408  813
408  698
408  700
408  577
408  450
408  462
408  596
409  448
409  901
409  937
409  942
409  815
409  561
409  697
409  570
409  702
409  960
409  844
409  468
409  995
409  742
409  621
410  833
410  611
410  485
410  678
410  470
410  585
410  860
410  790
410  633
410  770
410  987
410  668
411  417
411  706
411  998
411  619
411  815
411  436
411  853
411  820
411  836
411  475
411  956
411  925
412  610
412  516
412  942
412  583
412  844
412  814
412  755
412  974
412  902
413  480
413  832
413  734
413  775
413  649
413  490
413  971
413  850
413  853
413  798
413  885
414  953
414  961
414  710
414  503
414  464
414  872
414  887
414  633
415  773
415  456
415  528
415  785
415  857
415  665
415  796
415  601
416  741
416  662
416  998
416  935
416  432
416  531
416  948
416  694
416  888
416  559
416  540
416  766
416  959
417  897
417  438
417  869
417  551
417  847
417  816
417  568
417  886
417  760
417  863
418  430
418  665
418  668
418  924
418  813
418  942
418  799
418  445
418  581
418  585
418  974
418  987
418  744
419  539
419  931
419  741
419  509
419  647
419  428
419  701
419  851
419  853
419  635
419  957
419  638
419  861
420  647
420  541
420  538
420  427
420  942
420  816
420  574
420  963
420  969
420  459
420  481
420  623
421  583
421  843
421  552
421  926
421  951
421  511
422  960
422  929
422  967
422  456
422  681
422  529
422  884
422  981
422  984
422  794
422  924
422  975
423  832
423  999
423  904
423  720
423  529
423  499
423  969
423  632
423  495
423  698
424  896
424  839
424  651
424  461
424  782
424  977
424  497
424  814
424  572
425  769
425  661
425  538
425  935
425  824
425  458
425  525
425  724
425  718
425  975
425  478
425  620
425  509
425  886
425  636
425  765
426  924
426  799
426  800
426  429
426  574
426  834
426  963
426  845
426  849
426  729
426  475
426  476
426  478
426  869
426  616
426  491
426  493
426  497
427  576
427  481
427  866
427  774
427  513
427  938
427  525
427  814
427  816
427  856
427  729
427  984
427  921
427  444
428  822
428  940
428  780
428  429
428  622
428  493
428  628
428  469
428  889
428  559
428  479
429  453
429  646
429  747
429  515
429  547
429  440
429  922
429  604
429  986
429  862
429  511
430  548
430  745
430  908
430  560
430  613
430  739
430  529
430  727
430  440
430  665
430  830
430  869
431  580
431  517
431  713
431  814
431  531
431  981
431  790
431  503
431  883
431  444
431  963
432  518
432  779
432  676
432  559
432  563
432  833
432  454
432  841
432  997
432  614
432  615
432  490
432  491
432  978
432  879
432  503
432  507
433  544
433  516
433  935
433  743
433  688
433  616
433  724
433  597
433  794
434  692
434  481
434  587
434  908
434  623
434  657
434  594
434  835
434  599
434  824
434  793
434  763
434  666
434  485
435  476
435  453
435  904
435  713
435  747
435  914
435  878
435  656
435  978
435  851
435  910
436  481
436  932
436  615
436  776
436  489
436  967
436  972
436  754
437  992
437  802
437  968
437  908
437  590
437  797
437  692
437  758
437  599
437  505
437  796
437  989
437  511
438  963
438  582
438  524
438  971
438  684
438  816
438  725
438  505
438  794
438  571
438  543
439  525
439  542
439  671
439  446
439  459
439  974
439  489
439  618
439  723
439  628
439  630
439  766
439  639
440  789
440  919
440  541
440  561
440  813
440  945
440  823
440  467
440  724
440  854
440  728
440  731
440  742
440  979
440  767
441  513
441  518
441  777
441  780
441  525
441  928
441  774
441  807
441  565
441  972
441  720
441  609
441  760
441  763
442  712
442  777
442  943
442  624
442  563
442  820
442  822
442  535
442  536
442  884
442  863
442  538
442  959
443  672
443  993
443  458
443  618
443  527
443  916
443  504
443  444
443  893
443  767
444  996
444  585
444  720
444  946
444  500
444  814
444  857
444  573
444  990
445  795
445  959
445  583
445  852
445  476
445  477
445  865
445  997
445  766
445  895
446  701
446  866
446  547
446  774
446  712
446  586
446  717
446  782
446  461
446  789
446  783
446  797
447  801
447  579
447  479
447  717
447  942
447  461
447  616
447  594
447  472
447  665
447  602
447  824
447  621
448  513
448  908
448  678
448  528
448  662
448  923
448  800
448  550
448  944
448  834
448  963
448  845
448  729
448  485
448  881
448  502
449  516
449  662
449  769
449  967
449  973
449  974
449  463
449  881
449  918
449  856
449  676
449  634
449  506
450  772
450  630
450  748
450  491
450  812
450  886
450  663
450  868
450  986
450  958
451  640
451  900
451  586
451  747
451  492
451  782
451  498
451  472
451  504
451  761
451  638
451  575
452  514
452  647
452  905
452  524
452  557
452  915
452  919
452  930
452  932
452  808
452  685
452  814
452  706
452  711
452  732
452  749
453  802
453  722
453  727
453  612
453  829
453  799
454  522
454  797
454  723
454  702
454  996
454  810
454  990
455  833
455  738
455  902
455  489
455  590
455  783
455  817
455  594
455  531
455  718
455  755
456  497
456  914
456  984
456  966
456  861
456  574
456  517
457  994
457  997
457  807
457  599
457  930
457  603
458  799
458  843
458  647
458  925
458  816
458  689
458  978
458  535
458  665
458  989
458  927
459  901
459  514
459  934
459  954
459  962
459  836
459  584
459  860
459  994
459  739
459  889
459  767
460  643
460  774
460  623
460  493
460  847
460  554
460  659
460  500
460  983
460  537
460  570
460  495
460  733
460  766
461  896
461  514
461  532
461  802
461  569
461  969
461  980
461  853
461  604
461  870
461  872
461  628
461  574
461  891
462  780
462  533
462  535
462  561
462  585
462  604
462  613
462  678
462  614
462  880
462  895
463  578
463  579
463  997
463  583
463  679
463  995
463  693
463  982
463  567
463  729
463  987
463  769
463  605
464  654
464  928
464  568
464  707
464  967
464  715
464  718
464  848
464  978
464  608
464  482
464  488
465  608
465  900
465  902
465  556
465  748
465  818
465  602
465  914
466  900
466  517
466  535
466  670
466  476
466  561
466  572
466  831
466  835
466  966
466  727
466  860
466  992
466  492
466  937
467  966
467  550
467  809
467  974
467  589
467  584
468  930
468  932
468  918
468  488
468  556
468  750
468  563
468  630
468  885
468  860
469  992
469  770
469  485
469  906
469  712
469  937
469  590
469  497
469  787
469  662
469  925
470  649
470  655
470  662
470  536
470  673
470  685
470  559
470  689
470  821
470  822
470  905
470  826
470  720
471  897
471  613
471  519
471  648
471  554
471  813
471  878
471  883
471  812
471  634
471  957
472  672
472  627
472  716
472  781
472  754
472  883
472  852
472  786
472  559
472  815
472  895
473  772
473  542
473  675
473  582
473  884
473  709
473  966
473  592
473  725
473  727
473  601
473  487
473  492
473  888
473  682
474  960
474  713
474  717
474  881
474  574
474  701
474  605
474  703
475  653
475  673
475  554
475  965
475  711
475  520
475  811
475  782
475  783
475  936
475  606
475  760
475  957
475  734
476  641
476  521
476  656
476  561
476  972
476  975
476  720
476  849
476  867
476  748
476  631
477  768
477  545
477  518
477  561
477  803
477  726
477  602
477  763
477  741
477  926
477  933
478  866
478  635
478  868
478  965
478  902
478  775
478  521
478  973
478  693
478  955
478  893
479  833
479  714
479  875
479  787
479  981
480  512
480  644
480  743
480  650
480  619
480  622
480  499
480  824
480  858
480  543
480  863
481  545
481  845
481  598
481  617
481  956
482  581
482  586
482  621
482  755
482  565
482  727
482  981
483  513
483  706
483  935
483  856
483  798
484  801
484  730
484  920
484  724
484  534
484  570
484  543
484  638
484  927
485  896
485  561
485  764
485  509
486  915
486  872
486  522
486  908
486  720
486  820
486  826
486  493
486  924
486  543
487  736
487  769
487  674
487  725
487  491
487  882
487  510
487  772
487  730
487  855
487  986
487  767
488  640
488  647
488  671
488  933
488  557
488  570
488  965
488  840
488  971
488  493
488  628
489  768
489  653
489  939
489  815
489  689
489  848
489  605
489  613
489  851
489  756
490  515
490  932
490  811
490  953
490  982
490  600
490  748
490  886
491  770
491  522
491  921
491  666
491  551
491  945
491  578
491  844
492  913
492  531
492  661
492  538
492  541
492  935
492  841
492  826
492  957
492  584
492  969
492  659
492  915
492  991
492  883
492  895
493  832
493  996
493  980
493  982
493  791
493  792
493  881
494  775
494  537
494  669
494  933
494  811
494  824
494  572
494  829
494  591
494  856
494  603
494  903
495  539
495  681
495  589
495  563
495  872
495  569
495  571
495  925
495  894
496  877
496  710
496  911
496  531
496  999
497  613
497  813
497  783
497  507
497  842
498  736
498  770
498  740
498  648
498  905
498  668
498  866
498  526
498  687
498  942
498  694
498  860
499  834
499  613
499  519
499  898
499  558
499  884
499  745
499  860
499  766
500  899
500  788
500  535
500  929
500  680
500  947
500  577
500  584
500  862
500  878
500  761
501  866
501  932
501  968
501  855
501  590
501  692
501  695
502  640
502  665
502  808
502  562
502  820
502  954
502  573
502  839
502  599
502  733
502  738
502  882
503  782
503  528
503  794
503  541
503  799
503  697
503  957
503  703
503  716
503  991
503  736
503  868
504  640
504  902
504  908
504  924
504  932
504  699
504  959
504  976
504  612
505  801
505  675
505  676
505  906
505  583
505  882
505  982
505  751
506  576
506  733
506  928
506  864
506  705
506  520
506  904
506  795
506  957
507  800
507  813
507  943
507  851
507  724
507  823
507  985
507  794
507  831
508  531
508  790
508  682
508  562
508  700
508  574
508  579
508  843
508  975
508  996
508  632
508  766
509  554
509  719
509  848
509  835
509  984
510  962
510  678
510  554
510  943
510  914
510  918
510  634
510  815
511  512
511  770
511  781
511  927
511  929
511  947
511  841
511  972
511  744
511  889
512  640
512  687
512  973
512  882
512  757
512  526
512  559
512  938
512  800
513  874
513  583
513  940
513  973
513  753
513  918
513  599
513  729
513  635
513  606
514  962
514  839
514  771
514  725
514  823
514  717
514  575
515  807
515  556
515  646
515  815
515  846
515  713
515  889
515  763
515  585
516  975
516  636
516  943
516  534
516  923
516  637
516  670
517  743
517  525
517  937
517  814
517  521
517  920
517  890
517  574
517  638
518  667
518  836
518  647
518  541
518  561
518  882
518  827
518  892
518  925
519  936
519  938
519  527
519  756
519  598
519  819
520  926
520  673
520  807
520  702
520  705
520  972
520  980
520  766
520  915
520  885
521  963
521  548
521  749
521  558
521  629
521  950
521  793
521  602
521  688
522  647
522  656
522  919
522  797
522  672
522  675
522  934
522  961
522  706
522  581
522  888
523  802
523  995
523  677
523  806
523  551
523  914
523  640
523  925
523  863
524  577
524  745
524  879
524  528
524  995
524  852
524  982
525  762
525  622
525  759
525  793
525  890
525  667
525  602
526  831
526  646
526  774
526  553
526  618
526  861
526  989
526  535
526  698
526  893
526  991
527  994
527  903
527  712
527  821
527  593
527  599
527  729
527  637
527  565
528  781
528  532
528  533
528  537
528  933
528  541
528  565
528  671
528  576
528  579
528  708
528  841
528  639
529  545
529  825
529  617
529  535
529  748
529  813
529  892
529  609
529  857
529  969
529  540
530  978
530  915
530  756
530  725
530  600
530  953
531  900
531  920
531  539
531  546
531  692
531  831
531  606
531  867
531  620
531  761
532  897
532  767
532  740
532  678
532  909
532  826
533  867
533  996
533  688
533  995
533  606
533  768
533  875
533  762
533  571
533  540
533  702
533  901
534  620
534  622
534  593
534  920
535  929
535  965
535  538
535  938
536  900
536  822
536  874
536  587
536  729
537  672
537  644
537  869
537  776
537  845
537  656
537  596
537  713
538  663
538  781
538  660
538  810
538  941
538  569
538  576
538  974
538  600
538  602
538  868
538  872
538  764
538  876
538  879
539  550
539  807
539  870
539  717
539  974
539  635
539  718
539  729
539  879
539  606
540  648
540  666
540  795
540  674
540  939
540  818
540  948
540  570
540  829
540  929
540  840
540  857
540  858
540  731
540  606
540  874
541  748
541  785
541  794
541  931
541  774
541  808
541  692
541  960
541  964
541  696
541  995
541  914
541  879
541  888
541  638
542  736
542  577
542  740
542  711
542  616
542  782
542  657
542  946
542  698
542  655
543  640
543  898
543  648
543  912
543  664
543  549
543  556
543  716
543  600
543  609
543  760
544  966
544  870
544  545
544  968
544  941
544  717
544  818
544  546
544  889
544  915
545  770
545  901
545  918
545  554
545  706
545  585
545  715
545  847
545  985
545  878
545  757
546  769
546  903
546  651
546  854
546  568
546  731
546  702
547  801
547  582
547  663
547  716
547  621
547  562
547  823
547  815
547  837
548  698
548  715
548  861
548  560
548  920
548  957
549  680
549  572
549  939
549  622
549  751
549  973
549  852
549  953
549  860
550  998
550  647
550  756
550  671
551  710
551  554
551  717
551  914
551  986
551  666
551  637
551  917
552  779
552  658
552  915
552  791
552  566
552  576
552  979
552  859
552  741
552  742
552  618
552  629
553  870
553  724
553  728
553  989
553  574
554  768
554  911
554  914
554  791
554  574
554  582
554  734
554  998
554  882
554  761
555  635
555  687
555  755
555  628
555  731
556  650
556  780
556  911
556  709
556  802
556  569
556  589
556  915
556  755
556  628
556  888
557  898
557  560
557  561
557  619
557  855
557  568
557  923
558  903
558  662
558  564
558  570
558  830
558  578
558  964
558  965
558  838
558  839
558  595
558  608
558  767
559  902
559  658
559  671
559  952
559  837
559  971
559  996
559  753
559  763
560  864
560  585
560  778
560  683
560  621
560  775
560  562
560  726
560  984
560  601
560  932
560  956
561  809
561  704
561  835
561  584
561  846
561  975
561  766
562  899
562  781
562  678
562  578
562  718
562  725
562  730
562  733
562  606
562  868
562  763
563  896
563  805
563  614
563  695
563  622
563  753
563  823
564  770
564  655
564  927
564  568
564  735
564  584
564  716
564  592
564  868
564  607
564  737
564  996
564  997
565  929
565  848
565  726
565  856
565  829
565  709
566  775
566  794
566  683
566  685
566  947
566  905
566  580
566  843
566  719
566  977
566  996
566  612
566  872
566  746
567  787
567  796
567  674
567  817
567  694
567  955
567  834
567  846
567  730
568  908
568  666
568  923
568  932
568  935
568  825
568  590
568  804
568  866
568  875
568  764
569  806
569  587
569  750
569  619
569  984
569  604
570  930
570  810
570  951
570  958
570  835
570  966
570  851
570  724
570  983
570  729
570  616
570  630
570  893
571  834
571  899
571  966
571  680
571  659
571  596
571  796
572  740
572  937
572  877
572  978
572  819
572  658
572  953
572  666
572  698
573  643
573  837
573  757
573  918
573  705
574  642
574  685
574  774
574  820
574  853
574  761
574  857
574  874
574  751
575  613
575  812
575  656
575  708
575  868
575  671
576  801
576  778
576  781
576  813
576  977
576  648
576  630
576  759
576  984
576  606
577  640
577  898
577  772
577  911
577  794
577  798
577  676
577  689
577  703
577  581
577  725
577  998
577  755
577  758
578  903
578  919
578  663
578  943
578  838
578  712
578  848
578  849
578  731
578  847
578  739
579  904
579  674
579  675
579  683
579  707
579  968
579  969
579  714
579  587
579  622
579  751
579  886
579  888
580  898
580  581
580  621
580  887
580  767
581  777
581  923
581  720
581  858
581  610
581  746
581  979
582  751
582  625
582  789
582  984
583  776
583  935
583  702
583  704
583  966
583  597
583  620
583  829
583  756
584  929
584  770
584  614
584  639
584  626
584  982
584  703
584  863
585  650
585  822
585  827
585  834
585  866
585  610
585  895
586  608
586  938
586  844
586  597
586  636
587  772
587  936
587  704
587  961
587  837
587  990
587  992
587  788
587  660
588  803
588  906
588  724
589  644
589  969
589  954
590  649
590  788
590  931
590  935
590  697
590  971
590  608
590  622
590  895
591  746
591  899
591  949
591  874
591  734
591  959
592  613
592  842
592  972
592  952
592  979
592  756
592  760
592  860
593  912
593  916
593  691
593  985
593  861
593  606
593  977
593  746
593  619
594  768
594  645
594  666
594  817
594  715
594  974
594  996
594  613
594  614
594  873
595  776
595  745
595  938
595  912
595  851
595  693
595  760
595  857
595  767
595  629
596  673
596  805
596  616
596  631
596  728
596  988
596  989
597  796
597  683
597  844
597  722
597  856
597  761
597  952
598  869
598  714
598  782
598  979
598  605
598  949
598  758
598  695
598  734
598  638
598  767
599  673
599  938
599  707
599  985
599  607
599  998
599  875
599  621
599  637
599  638
600  621
600  973
600  752
600  857
600  986
600  906
601  738
601  964
601  945
601  946
601  824
601  922
601  988
602  897
602  779
602  956
602  829
602  724
602  731
602  885
602  758
602  632
603  776
603  649
603  666
603  675
603  676
603  688
603  904
603  713
603  843
603  853
603  611
604  677
604  935
604  977
604  887
604  919
604  924
604  752
604  837
605  865
605  944
605  658
605  841
605  921
605  735
606  768
606  778
606  796
606  810
606  696
606  845
606  862
607  737
607  761
607  816
607  746
608  939
608  711
608  713
608  994
608  783
608  997
608  876
608  764
609  914
609  750
609  882
609  723
609  724
609  681
609  916
609  829
609  767
610  738
610  804
610  970
610  715
610  815
610  945
610  818
610  979
610  660
610  829
610  709
611  932
611  881
611  946
611  726
612  899
612  742
612  650
612  747
612  911
612  721
612  851
612  792
612  847
612  956
612  778
612  773
613  782
613  673
613  803
613  812
613  817
613  719
613  854
613  983
613  729
613  877
613  636
613  639
614  833
614  935
614  841
614  630
614  951
614  915
614  669
615  833
615  995
615  779
615  652
615  685
615  941
615  695
615  629
615  853
616  649
616  655
616  912
616  788
616  797
616  942
616  842
616  730
616  735
616  992
616  749
616  757
617  651
617  782
617  788
617  679
617  822
617  955
617  830
617  726
617  743
617  756
617  759
618  969
618  688
618  850
618  643
618  740
618  852
618  762
619  704
619  645
619  873
619  655
619  867
619  692
619  675
619  765
619  702
620  678
620  838
620  909
620  939
620  647
620  925
620  821
621  897
621  938
621  941
621  942
621  766
622  662
622  815
622  648
622  918
622  703
622  850
622  764
623  705
623  678
623  646
623  874
623  840
623  804
623  861
623  836
623  901
624  672
624  960
624  999
624  904
624  976
624  668
624  848
625  642
625  657
625  870
625  994
626  771
626  742
626  657
626  968
626  841
626  714
626  642
626  628
626  856
626  985
626  827
627  866
627  903
627  843
627  709
627  826
627  891
627  698
627  927
628  783
628  789
628  936
628  686
628  711
629  903
629  942
629  920
629  957
630  640
630  642
630  773
630  659
630  916
630  720
630  726
630  727
630  737
630  881
630  632
630  894
630  767
631  932
631  901
631  814
631  976
631  697
631  699
631  764
632  746
632  922
632  863
633  873
633  814
633  695
633  635
633  956
633  861
633  958
634  899
634  665
634  837
634  941
634  881
634  821
634  694
634  888
634  697
634  859
635  801
635  715
635  971
635  756
635  663
635  986
635  827
636  773
636  917
636  944
636  707
636  838
636  713
636  747
636  889
636  637
637  653
637  686
637  820
637  965
637  736
637  996
637  767
638  896
638  897
638  914
638  853
638  735
638  990
638  991
639  902
639  874
639  715
639  908
639  973
639  943
639  853
639  836
640  967
640  707
640  669
640  734
641  739
641  904
641  939
641  720
641  913
641  725
641  875
641  861
641  853
642  975
642  656
643  992
643  866
643  904
643  687
643  912
643  817
643  755
643  999
643  700
644  920
644  690
644  856
644  765
645  649
645  939
645  922
645  963
645  786
645  892
645  767
646  826
646  853
646  790
646  920
646  730
646  821
647  780
647  654
647  785
647  670
647  672
647  686
647  650
647  868
648  773
648  720
648  984
648  814
648  824
648  930
649  900
649  664
649  819
649  795
649  987
649  947
649  965
649  716
649  848
649  740
649  741
650  865
650  842
650  877
650  849
651  966
651  747
651  904
651  703
651  809
651  957
651  917
652  867
652  870
652  969
652  931
652  661
652  699
652  769
652  670
653  968
653  969
653  887
653  825
654  994
654  879
654  714
654  939
654  973
654  910
654  893
654  947
654  757
654  911
654  669
654  849
654  881
655  721
655  883
655  739
655  771
655  798
655  795
655  990
656  768
656  802
656  786
656  798
656  914
656  831
657  905
657  785
657  789
657  803
657  814
657  950
657  707
657  988
657  886
658  964
658  675
658  683
658  820
658  823
658  697
658  758
658  969
658  997
658  882
658  886
659  771
659  684
659  782
659  672
659  944
659  688
659  818
659  691
659  950
659  852
659  853
659  857
659  752
660  685
660  945
660  853
660  861
661  811
661  700
661  740
661  988
662  780
662  785
662  816
662  968
662  971
662  849
663  720
663  882
663  788
663  917
663  986
664  902
664  909
664  777
665  898
665  839
665  724
665  865
665  747
665  764
665  767
666  909
666  922
666  813
666  817
666  992
666  993
666  758
666  690
667  674
667  906
667  723
667  838
667  740
667  758
667  792
667  772
667  698
667  783
667  828
668  778
668  929
668  691
668  695
668  880
668  962
668  839
668  862
668  743
668  766
669  903
669  954
669  861
670  681
670  947
670  826
670  955
670  856
670  730
670  871
670  875
670  757
671  919
671  680
671  939
671  698
671  823
671  849
671  853
671  754
672  901
672  925
672  801
672  945
672  973
672  738
672  756
673  897
673  782
673  930
673  681
673  822
673  703
673  973
673  978
673  991
673  875
674  770
674  789
674  682
674  690
674  967
674  969
674  724
674  856
674  997
674  767
675  780
675  923
675  690
675  967
675  970
675  721
675  864
676  866
676  684
676  678
676  940
676  991
677  772
677  719
677  789
677  955
677  991
678  785
678  924
678  952
678  717
678  723
678  742
679  899
679  908
679  983
679  921
679  731
680  904
680  781
680  796
680  941
680  961
680  971
680  886
681  907
681  816
681  688
681  935
681  734
681  862
682  923
682  928
682  691
682  820
682  960
682  833
682  724
682  882
683  967
683  842
683  813
683  845
683  757
684  800
684  993
684  968
684  718
684  947
684  728
684  851
684  701
685  885
685  790
685  820
686  962
686  848
687  772
687  775
687  779
687  931
687  944
687  827
687  836
687  965
687  993
687  977
687  731
687  753
687  758
688  774
688  803
688  830
688  836
688  985
688  736
688  758
688  917
689  763
689  723
689  955
689  901
690  704
690  712
690  940
690  947
690  949
690  860
691  864
691  845
691  910
691  791
691  697
691  893
691  885
692  712
692  973
692  976
692  794
692  891
692  730
693  768
693  771
693  782
693  892
694  812
694  876
694  719
694  810
694  799
695  809
695  814
695  987
695  741
695  743
696  867
696  837
696  950
696  943
696  924
697  900
697  941
697  945
697  978
697  755
697  952
697  731
697  926
697  863
698  709
698  711
698  936
698  976
698  924
699  832
699  896
699  999
699  940
699  879
699  731
699  892
700  773
700  840
700  748
700  791
700  984
700  731
700  734
701  746
701  883
701  766
701  982
701  890
701  958
701  767
702  992
702  803
702  943
702  863
703  976
703  786
703  724
704  901
704  908
704  790
704  955
704  850
704  987
704  892
705  801
705  780
705  909
705  750
705  952
705  730
705  830
706  977
706  749
706  815
706  848
706  726
706  760
706  927
707  770
707  776
707  794
707  807
707  905
707  826
707  841
707  980
707  981
707  989
707  737
707  882
708  898
708  815
708  978
708  730
709  831
709  989
709  901
710  772
710  808
710  842
710  972
710  877
710  854
710  784
710  990
711  897
711  902
711  979
711  953
711  762
711  773
712  785
712  971
712  871
712  872
713  994
713  842
713  835
713  756
713  731
714  722
714  979
715  909
715  814
715  985
716  856
716  891
717  963
717  839
717  817
718  771
718  774
718  810
718  944
718  969
718  826
718  762
718  892
718  906
719  896
719  852
719  922
720  812
720  974
720  866
720  867
720  881
721  896
721  935
721  945
721  754
721  951
721  927
722  827
722  840
722  748
722  818
722  889
722  946
722  997
723  996
723  737
723  803
723  792
723  866
724  792
724  954
724  853
724  854
724  727
724  863
725  773
725  908
725  929
725  842
725  737
725  915
726  982
726  781
726  934
726  736
726  877
726  754
726  891
727  832
727  742
727  938
727  987
728  929
728  998
728  819
728  855
728  889
728  828
728  884
729  778
729  945
729  731
729  866
729  996
729  873
730  990
731  783
731  954
731  843
731  883
732  865
732  997
732  934
732  811
732  911
732  970
732  991
733  954
733  817
733  851
733  878
733  759
733  989
734  800
734  866
734  966
734  872
734  823
734  786
734  978
734  841
735  800
735  813
736  784
736  791
736  942
736  970
736  977
736  985
736  860
736  762
736  763
737  778
737  786
737  802
737  813
737  817
737  821
737  957
737  989
737  877
737  880
737  757
738  897
738  898
738  790
738  984
739  905
739  751
739  926
740  799
740  816
740  819
740  756
741  805
741  751
741  753
741  788
741  974
741  849
741  995
742  757
742  890
742  948
742  966
742  789
743  973
743  783
743  788
743  918
743  952
743  826
744  962
744  868
744  942
744  776
744  783
744  766
745  912
745  899
745  822
745  843
745  858
745  883
745  893
746  993
746  973
746  788
746  949
746  980
747  875
747  773
747  980
747  999
748  838
748  796
749  800
749  941
749  988
749  829
749  901
750  870
750  905
750  898
750  845
750  762
750  863
751  778
751  907
751  787
751  789
751  950
751  857
751  998
751  764
752  932
752  848
752  856
752  789
752  792
752  954
752  911
752  853
753  804
753  839
753  976
753  870
753  952
753  889
753  890
754  801
754  770
754  921
754  990
755  918
755  888
755  958
756  774
756  906
756  794
756  931
756  936
756  821
756  950
756  825
756  828
756  853
756  903
757  916
757  861
758  996
758  956
759  898
759  811
759  822
760  812
760  941
761  864
761  888
762  912
762  790
762  921
762  803
762  943
762  815
762  891
763  797
763  814
763  964
763  862
764  865
764  999
764  907
764  808
764  904
764  767
765  837
765  871
765  877
765  892
766  898
766  774
766  907
766  908
766  930
766  824
766  825
766  990
766  864
767  793
767  936
767  930
767  853
767  989
768  928
768  931
768  949
769  993
769  903
770  900
770  971
770  984
771  965
771  820
771  919
771  787
771  964
771  784
772  939
772  802
772  838
772  974
772  894
772  898
773  967
773  925
774  910
774  986
774  992
774  874
775  777
775  842
775  913
776  892
776  876
776  968
776  984
776  924
777  966
777  969
777  933
778  852
778  892
778  954
778  862
779  974
780  987
780  988
781  811
782  906
782  923
782  931
782  945
782  819
782  959
782  967
782  973
782  975
783  917
783  833
783  861
783  891
784  810
784  883
784  995
785  808
785  885
786  810
786  815
787  801
787  991
787  903
787  845
787  919
787  789
788  928
788  994
788  911
788  846
788  889
788  990
788  837
789  833
789  886
789  840
789  846
789  984
789  860
790  800
790  794
791  877
791  931
791  946
791  863
791  998
791  828
791  875
791  879
792  828
792  980
792  922
792  923
792  892
793  819
793  950
794  912
794  806
794  947
794  880
794  891
795  970
795  815
795  980
795  822
796  900
796  798
796  810
796  837
796  877
796  981
797  869
797  915
797  980
797  868
797  862
798  905
798  920
798  954
798  817
799  844
799  834
799  863
800  930
800  905
800  837
800  839
800  862
800  868
800  884
801  982
801  920
801  826
802  928
802  995
803  901
803  804
803  918
803  855
804  967
804  971
804  962
805  914
805  859
806  954
806  817
806  878
806  983
806  927
807  902
807  813
807  880
807  935
808  847
808  841
809  948
810  900
810  906
810  944
810  947
810  828
810  965
810  996
810  998
811  834
811  899
811  913
812  969
812  940
812  815
812  947
813  904
813  931
813  982
813  862
814  897
814  818
814  975
814  988
814  867
814  869
814  890
815  896
815  899
815  837
816  866
816  901
816  886
816  883
816  916
817  903
817  917
817  968
817  974
817  852
817  993
818  878
818  860
818  974
818  915
818  819
818  892
818  893
819  946
819  961
819  846
819  983
819  865
819  866
819  880
820  864
820  822
820  881
820  899
820  950
820  837
821  850
822  971
822  966
822  870
822  887
823  897
823  901
823  925
823  968
823  862
823  995
823  894
824  925
824  947
824  951
824  835
824  840
824  870
825  903
825  987
826  953
826  963
826  857
826  866
826  877
827  929
827  900
827  942
827  914
828  868
828  842
828  947
828  932
828  890
829  952
830  884
831  899
831  925
831  935
831  954
831  959
831  839
831  990
831  867
832  856
832  953
833  982
833  984
834  911
834  850
834  970
835  940
835  948
835  953
835  959
835  838
835  978
835  881
836  840
836  955
837  921
837  885
837  847
837  888
838  947
838  842
838  864
838  846
838  954
838  956
840  898
840  905
840  967
840  976
840  989
840  935
841  918
841  901
842  978
843  891
843  861
843  882
843  893
844  895
845  955
845  958
846  892
846  913
846  890
846  924
847  928
847  898
847  933
848  945
848  987
849  915
849  959
850  992
850  909
850  956
850  926
851  975
851  905
851  859
851  989
852  900
852  914
852  921
852  951
852  988
852  870
852  892
853  913
853  925
853  940
853  973
853  882
853  886
855  979
855  955
856  915
856  974
857  999
857  918
858  964
858  872
858  947
858  893
859  977
859  900
859  860
859  965
860  898
860  983
860  992
861  923
861  944
861  954
861  887
862  918
862  970
863  940
863  941
863  964
863  986
864  882
864  959
865  903
865  880
865  920
866  974
866  987
867  994
867  869
867  957
867  981
868  943
869  913
869  882
869  889
870  915
870  945
870  880
871  908
871  952
872  902
872  977
872  910
873  930
873  881
873  981
873  952
873  883
874  932
874  933
874  958
874  927
875  879
875  937
876  904
876  885
877  879
878  950
878  902
878  992
878  911
878  990
879  901
879  975
879  899
880  910
880  942
880  987
880  881
881  992
882  966
882  890
882  894
883  930
883  901
883  945
883  895
884  928
884  930
884  985
885  977
885  918
885  915
885  979
888  912
888  913
888  954
889  963
889  916
889  989
890  913
890  947
891  938
891  982
892  947
894  914
895  954
895  979
896  930
896  964
896  902
896  927
897  899
897  901
897  903
897  940
897  985
897  991
898  903
898  957
900  906
900  983
900  959
901  925
903  948
903  985
904  927
904  941
906  920
907  930
907  908
907  984
908  964
908  965
909  961
909  924
910  977
912  961
912  934
913  978
913  987
914  945
916  932
917  978
918  937
918  983
919  945
919  982
920  947
921  968
922  999
922  953
923  940
924  941
925  930
925  934
925  973
926  998
926  937
926  982
926  991
927  983
927  975
929  931
929  983
930  968
932  967
932  978
934  995
935  942
935  957
936  969
937  988
938  994
939  971
939  984
940  978
940  995
942  971
942  972
944  964
946  954
947  992
948  971
949  958
950  989
952  967
953  997
955  998
957  974
959  996
962  976
965  969
967  980
968  970
968  985
968  990
971  993
974  996
976  992
977  979
979  986
981  983
986  996
988  993
989  998
992  996
