0  633
0  649
1  218
1  171
1  387
1  998
2  898
2  549
3  579
3  454
3  739
3  245
3  567
3  185
3  284
4  936
4  313
4  260
4  885
4  854
5  672
5  904
5  915
5  740
5  773
6  897
6  71
6  52
6  566
6  319
7  131
7  612
7  508
7  212
7  950
7  55
7  836
7  315
7  924
8  160
8  576
8  578
8  489
8  749
8  112
8  370
9  480
9  576
9  163
9  806
9  294
9  11
9  812
9  909
9  238
9  653
9  611
9  910
9  697
9  440
9  985
9  175
10  609
10  69
10  566
10  761
11  33
11  258
11  393
11  362
11  875
11  949
12  712
12  249
12  971
12  916
12  657
13  195
13  145
13  916
13  118
13  731
13  796
14  232
14  433
15  74
15  972
15  109
15  369
15  18
15  758
15  538
16  160
16  224
16  604
16  757
16  765
17  704
17  835
17  966
17  493
17  782
17  338
17  123
17  763
18  974
18  272
18  305
18  27
18  861
19  761
19  483
19  588
19  485
19  311
20  706
20  39
20  712
20  619
20  794
20  540
21  705
21  837
21  779
21  492
21  336
21  725
21  602
22  178
22  458
23  759
23  685
23  943
24  418
24  326
24  742
24  426
24  435
24  378
25  384
25  418
25  721
25  812
25  977
25  701
26  153
26  34
26  487
26  740
26  681
27  843
27  386
27  755
28  64
28  776
28  701
29  356
29  878
29  53
29  54
29  216
29  895
30  476
30  243
30  940
30  373
31  120
31  664
31  675
31  620
31  923
32  707
32  645
32  648
32  505
32  122
32  572
32  703
33  137
33  708
33  876
33  303
34  832
34  988
34  334
35  176
35  371
35  812
35  733
36  394
36  445
37  708
37  295
37  462
37  559
37  150
37  761
37  825
38  148
38  730
38  252
38  350
38  321
39  192
39  513
39  706
39  934
39  172
39  86
40  69
40  552
40  553
40  970
40  840
40  434
40  916
40  280
40  314
41  792
41  466
41  786
42  553
42  59
42  507
42  601
42  839
43  113
43  157
43  559
44  834
44  892
44  855
45  449
45  459
45  562
45  887
45  731
45  380
46  968
46  554
46  299
46  785
46  658
46  89
47  841
47  172
47  854
48  68
48  409
48  452
48  936
48  366
48  437
48  791
48  420
49  384
49  417
49  449
49  207
49  117
49  382
49  949
50  344
50  521
50  722
50  227
51  480
51  936
51  303
51  369
51  597
51  695
51  728
51  633
52  316
52  500
52  333
52  335
53  865
53  902
53  838
53  103
53  231
53  591
53  823
54  387
54  779
54  495
54  560
54  945
54  340
54  127
55  320
55  560
56  865
56  516
56  298
56  242
56  627
56  982
56  410
57  80
57  337
57  877
57  982
58  688
58  359
59  992
59  804
59  748
59  365
59  279
59  824
59  251
59  511
60  592
60  634
60  435
60  675
61  576
61  745
61  610
61  79
61  439
62  144
62  884
62  301
62  949
63  129
63  194
63  235
63  589
63  271
63  791
63  920
63  187
64  849
64  642
64  565
64  783
65  900
66  608
66  354
66  867
66  646
66  70
66  113
66  74
66  77
66  817
66  923
66  618
67  157
67  189
67  108
67  629
67  637
68  263
68  553
68  780
68  207
68  694
68  351
68  831
69  515
69  108
70  696
71  613
71  113
71  552
71  646
71  177
71  341
72  80
72  472
72  900
72  655
73  905
73  843
73  176
73  530
73  955
73  735
74  896
74  163
74  100
74  624
74  383
74  668
74  990
74  799
75  584
75  579
76  514
76  355
76  989
76  285
76  499
76  829
77  901
77  258
77  461
77  528
77  372
77  470
78  145
78  274
78  571
78  948
78  785
79  967
80  545
80  708
80  453
80  525
80  110
80  632
80  474
81  422
81  264
81  403
81  725
81  598
81  539
82  200
82  153
82  648
82  212
82  968
83  882
83  811
83  510
83  950
84  996
84  590
85  545
85  456
85  746
85  303
85  976
85  892
85  317
85  479
86  360
86  409
87  427
87  599
88  697
88  514
88  332
88  261
88  678
89  769
89  651
89  197
89  587
89  367
89  600
89  471
89  984
89  575
89  165
90  720
90  969
90  156
90  678
91  969
91  234
91  242
91  287
92  203
92  847
92  272
92  179
92  501
92  853
94  376
94  425
94  106
94  689
94  341
94  504
94  938
95  968
95  912
95  757
95  182
95  250
95  189
95  341
97  330
97  739
98  929
98  290
98  525
98  400
98  721
98  380
99  504
99  164
99  410
99  940
99  607
100  896
100  520
100  588
100  813
100  851
100  405
100  854
100  922
100  986
101  313
101  516
101  972
101  414
101  881
102  880
102  628
102  563
102  796
102  951
103  384
103  393
103  373
103  538
103  693
104  353
104  900
104  270
104  147
104  790
104  316
105  962
105  331
105  444
105  118
105  910
106  264
106  588
106  398
106  919
106  668
107  304
107  683
107  966
107  143
108  748
108  510
109  985
109  459
109  276
110  672
110  140
110  529
110  212
110  189
111  217
111  233
111  717
111  679
112  425
112  748
112  690
112  276
112  639
113  653
113  879
113  913
114  608
114  481
114  944
114  645
114  685
115  969
115  370
116  552
116  649
116  626
116  940
116  190
117  513
117  973
117  613
118  716
118  974
118  243
118  789
118  201
118  345
119  619
119  749
119  189
119  341
119  442
119  701
120  147
120  350
121  304
121  354
121  133
121  908
121  624
121  691
121  855
121  637
122  480
122  786
122  133
122  801
123  212
123  214
123  631
124  304
124  332
124  907
124  804
125  146
125  238
125  562
125  180
125  699
125  543
126  250
126  314
126  206
126  367
127  144
127  519
127  965
127  559
128  653
128  462
129  728
129  522
129  749
129  509
130  240
130  239
131  264
131  513
131  419
132  227
132  903
132  936
132  778
132  139
132  367
132  529
132  948
132  245
133  160
133  839
134  552
134  169
134  611
134  231
134  825
135  432
135  576
135  356
135  965
136  532
136  772
137  612
137  586
137  651
137  461
137  814
137  958
138  740
138  517
138  390
138  749
138  790
138  987
138  701
139  801
139  933
139  346
139  826
139  542
140  226
140  291
140  456
140  718
140  185
141  960
141  907
141  484
141  682
141  971
141  304
141  982
141  413
142  464
142  690
142  718
143  290
143  261
143  680
143  431
143  918
143  574
144  747
144  460
144  951
145  321
145  999
145  941
145  730
145  957
146  682
146  939
146  364
146  401
146  307
146  599
146  345
147  256
147  931
147  342
147  602
148  274
148  748
148  437
148  741
149  368
149  220
149  605
149  942
150  288
150  707
150  716
150  798
151  321
151  715
151  466
151  629
151  759
151  509
152  196
152  338
152  476
152  556
153  923
153  997
153  560
153  915
153  219
154  171
154  932
154  907
154  536
154  824
154  892
156  853
156  914
156  958
157  993
157  517
158  722
158  580
158  190
159  259
159  163
159  230
160  421
160  905
160  524
160  334
160  913
160  470
160  890
160  581
161  259
161  709
161  422
161  456
161  681
161  172
161  921
161  604
161  510
162  536
162  436
162  995
162  972
163  646
163  401
163  690
163  276
163  298
164  419
164  765
164  493
165  584
165  753
165  885
165  474
165  670
165  735
166  416
166  241
166  194
166  467
166  938
167  808
167  859
167  699
167  342
168  930
168  556
168  613
168  302
169  352
169  784
169  731
169  630
170  481
170  993
170  199
170  496
170  543
170  959
171  933
171  646
171  301
171  628
172  197
172  424
172  359
173  252
173  615
173  348
173  998
173  951
174  913
174  386
174  899
174  861
174  182
175  193
175  311
176  231
176  583
176  811
176  878
176  786
176  343
176  479
177  992
177  257
177  841
177  619
177  334
177  402
178  839
178  264
178  590
178  884
178  885
178  632
179  768
179  802
179  885
179  826
179  573
179  479
180  418
180  709
180  559
180  537
180  255
181  580
181  869
181  516
181  937
181  238
181  623
181  601
182  353
182  997
182  520
182  855
182  599
182  475
183  235
183  526
183  625
183  570
183  892
183  730
184  275
184  740
184  190
184  679
185  536
185  306
185  254
186  552
186  333
186  702
186  344
186  345
186  862
187  776
187  474
187  964
187  727
188  576
188  739
188  745
188  782
188  656
188  530
188  762
189  999
189  398
190  486
190  426
190  941
190  755
190  884
190  842
191  553
191  722
191  660
192  324
192  745
192  948
193  421
193  583
193  457
193  559
193  624
193  723
193  948
193  246
193  926
194  773
194  679
194  263
194  942
194  342
194  573
194  581
195  257
195  777
195  239
195  951
195  890
196  355
196  420
196  262
196  329
196  970
196  516
196  638
196  319
197  335
197  700
197  369
198  368
198  608
198  506
198  886
198  423
199  526
199  983
200  343
200  979
200  981
200  442
201  288
201  232
201  523
201  783
201  723
201  573
203  746
203  539
203  615
204  353
204  482
204  524
204  665
205  677
205  742
205  299
205  377
205  701
205  671
206  795
206  387
206  447
206  499
207  514
207  326
207  460
207  474
207  634
208  328
208  352
208  399
208  350
208  471
209  416
209  363
209  317
210  658
210  412
211  636
211  634
211  700
211  621
212  375
212  781
212  726
212  471
212  952
212  924
213  650
213  995
213  405
213  886
213  671
214  514
214  253
214  815
215  669
215  481
215  301
215  733
215  309
215  413
216  248
216  289
216  910
216  461
217  876
217  598
217  695
218  485
218  519
218  225
218  497
218  787
218  507
218  285
219  791
219  243
219  569
219  798
219  447
220  399
220  431
221  523
221  430
221  244
221  686
221  472
221  926
221  853
222  993
222  451
223  252
223  676
223  884
223  929
224  911
225  968
225  724
226  328
226  411
226  541
226  358
227  257
227  934
228  289
228  771
228  836
228  793
228  825
228  996
229  704
229  804
229  423
229  233
229  302
229  817
229  854
229  283
230  932
230  303
230  370
230  857
230  783
231  999
231  281
231  959
232  449
232  648
232  969
232  436
233  285
233  982
234  325
234  742
234  558
234  976
234  441
234  604
235  274
235  372
235  658
236  272
236  512
236  955
236  872
236  255
237  761
237  826
237  299
237  908
238  931
238  932
238  846
238  784
238  297
238  504
238  345
239  773
239  787
239  795
239  956
240  577
240  451
240  651
240  748
241  776
241  603
241  604
241  799
242  548
242  788
242  862
243  457
243  523
243  524
243  313
243  827
244  488
245  800
245  900
245  981
246  992
246  836
246  393
246  650
246  880
246  633
246  888
246  601
247  897
247  551
247  523
247  504
247  818
247  371
247  693
247  696
248  393
248  680
248  704
248  757
249  977
249  535
249  607
250  579
250  389
250  707
250  887
250  733
251  898
251  843
251  284
251  742
252  714
252  620
252  813
252  817
252  538
253  400
253  897
254  802
254  809
254  394
254  267
254  684
254  538
255  642
255  459
255  877
255  445
256  522
256  483
257  961
257  873
257  909
257  860
258  586
258  309
258  728
258  601
259  714
259  866
260  394
260  342
261  364
261  658
261  566
261  441
262  756
262  764
262  831
263  608
263  649
263  823
263  538
264  464
264  857
265  553
265  851
266  703
266  332
266  333
266  871
267  672
267  458
267  803
267  398
268  402
268  591
268  452
268  919
269  512
269  769
269  390
269  486
269  714
269  536
269  892
269  414
269  895
271  453
271  325
271  444
271  974
271  788
271  604
272  385
272  625
272  946
273  794
273  389
273  847
274  342
274  650
274  555
274  716
274  310
274  602
274  763
274  511
276  925
276  989
276  318
277  883
277  519
278  961
278  334
278  518
278  478
278  365
279  593
279  378
279  458
279  733
280  672
280  363
280  591
280  980
280  730
280  284
281  705
281  550
281  993
282  616
282  555
282  719
282  338
282  887
282  669
283  934
283  331
283  876
283  367
283  562
283  314
284  289
284  871
284  894
285  964
285  806
285  658
285  537
286  680
286  844
286  437
287  826
287  698
287  732
287  651
288  493
288  722
288  666
288  317
289  623
289  307
289  405
289  694
289  568
289  633
289  990
290  301
290  665
290  655
290  574
291  390
291  591
291  854
291  413
291  702
292  483
292  837
292  584
292  842
292  311
292  953
294  451
294  685
294  464
294  350
294  319
295  450
295  903
295  841
295  359
295  623
295  633
296  416
296  688
296  423
296  945
297  938
297  556
298  812
298  623
298  628
298  732
299  451
299  518
299  439
299  732
300  840
300  609
301  515
302  609
302  455
302  332
302  562
303  389
303  638
303  891
303  317
303  830
303  869
304  490
304  720
304  945
304  477
305  472
305  989
305  455
306  908
306  498
306  539
306  508
306  510
307  788
308  496
308  937
308  420
308  951
309  503
309  519
310  842
311  869
311  497
311  729
311  410
311  933
312  880
312  553
312  340
312  990
313  740
313  366
314  754
315  409
315  371
315  798
316  667
317  577
317  964
317  847
318  896
319  948
319  757
319  603
319  924
320  420
320  557
320  878
320  348
320  479
321  460
321  620
322  560
322  569
322  989
323  651
323  836
323  469
324  790
324  693
324  806
325  647
325  659
325  378
325  827
326  735
326  590
326  799
327  354
327  997
327  392
327  937
327  778
327  747
327  734
328  747
328  664
328  442
328  571
329  369
329  436
329  697
330  536
330  960
330  840
331  928
331  613
332  389
332  582
332  552
332  779
332  703
333  708
333  582
333  911
333  796
334  993
334  876
334  884
334  666
335  387
335  809
335  978
335  959
336  480
336  772
336  465
336  402
336  566
336  831
337  571
337  405
338  908
338  623
338  473
338  719
339  353
339  355
340  356
340  681
340  341
340  890
341  930
341  868
341  680
341  662
341  503
342  355
342  716
342  941
342  377
342  765
343  568
343  759
344  604
344  790
344  927
345  962
345  912
345  765
345  574
346  487
346  902
346  535
347  369
347  531
347  678
347  913
348  571
348  808
348  379
348  956
349  457
349  525
349  422
349  535
350  397
350  755
350  667
351  492
351  684
351  880
351  990
351  638
351  447
352  468
353  897
353  518
353  793
354  814
354  361
355  806
355  908
355  554
355  750
355  916
355  410
355  509
356  426
356  715
356  877
356  404
358  473
358  747
358  985
359  512
360  795
360  693
361  564
361  675
361  740
361  941
362  566
362  813
362  782
362  878
362  598
363  961
363  548
363  972
363  799
364  582
364  618
364  844
364  692
364  870
364  703
365  646
365  587
365  816
365  691
366  933
366  550
366  973
366  369
366  741
367  706
367  658
368  480
368  836
368  428
368  477
368  799
369  994
369  523
369  601
370  697
370  735
371  928
371  908
372  970
372  858
374  963
374  676
374  807
374  490
374  571
374  572
374  861
376  392
376  977
376  402
376  884
376  762
377  563
377  639
378  614
378  523
378  717
378  435
378  952
378  925
379  760
379  675
379  565
380  514
380  880
380  659
380  470
380  920
381  843
381  383
382  394
382  848
382  754
382  598
382  632
383  721
383  836
383  711
384  558
384  399
385  721
386  996
386  840
386  538
386  635
387  749
388  908
389  580
389  969
389  431
390  582
390  759
391  971
391  782
392  870
393  939
393  399
394  910
394  730
394  796
395  648
395  896
395  948
395  486
395  503
396  729
396  507
396  788
397  487
398  818
398  532
398  758
399  455
399  556
399  534
400  677
400  521
400  852
400  437
400  568
400  701
401  842
401  582
402  992
402  438
402  783
402  821
402  630
402  604
403  640
403  768
403  993
403  710
403  935
403  446
404  545
404  955
404  575
404  791
405  777
405  466
405  855
406  484
406  541
406  942
407  851
407  935
407  727
407  799
408  723
408  428
409  579
409  965
409  885
409  412
409  797
410  618
410  596
410  990
410  790
410  510
410  891
410  638
411  685
411  749
412  795
412  802
412  454
413  731
414  790
415  473
415  922
416  633
417  795
417  727
417  777
418  682
419  802
419  708
419  926
420  557
420  507
420  636
421  530
421  715
421  621
422  882
422  755
423  426
424  640
424  742
424  599
425  481
427  725
428  599
428  993
429  971
429  766
430  470
430  762
430  747
430  838
431  846
432  521
432  731
433  645
434  736
434  914
434  762
434  763
434  477
435  485
435  744
435  788
437  778
437  892
438  904
438  990
439  867
439  917
439  954
439  891
439  703
440  888
440  775
440  965
440  781
441  936
441  550
441  967
442  516
442  850
442  755
442  991
443  505
443  694
443  919
444  454
444  492
444  655
444  668
444  477
445  849
445  775
447  793
447  940
448  736
448  747
449  513
449  859
449  880
449  535
449  537
449  923
449  989
450  697
451  519
451  510
451  669
451  575
452  517
452  526
452  695
452  954
452  510
453  931
453  940
453  995
453  473
453  665
454  508
455  968
455  692
456  587
456  909
456  694
456  471
456  789
457  936
457  468
458  722
459  673
459  691
459  854
460  480
460  515
460  475
461  540
461  992
463  600
463  913
464  496
464  891
465  594
465  694
466  621
466  853
467  932
467  778
467  557
467  996
467  859
468  635
468  784
469  800
469  644
469  712
469  766
469  830
470  577
471  747
471  625
472  964
472  877
472  943
472  787
472  635
473  967
473  712
473  499
473  885
473  536
473  634
473  862
473  607
474  631
474  505
474  965
475  644
475  933
475  679
475  791
476  672
476  995
476  745
476  660
477  670
477  702
478  536
479  645
479  569
480  769
480  554
480  717
480  667
481  912
482  547
483  614
483  838
483  904
483  634
485  928
486  561
488  519
488  766
488  790
488  761
488  893
488  958
489  764
489  727
490  611
490  788
491  673
491  692
491  756
492  738
493  840
493  915
493  508
494  801
494  519
494  789
494  597
494  993
495  850
495  890
496  502
497  935
498  783
499  648
499  622
500  948
500  558
500  766
501  944
501  539
501  734
502  544
502  609
503  946
503  523
504  962
504  623
504  848
504  639
505  833
505  738
505  942
505  882
505  665
506  576
506  616
506  910
506  729
507  904
507  683
509  960
509  722
510  551
512  549
513  562
513  990
514  950
514  907
515  952
516  709
517  707
517  965
517  808
517  651
517  531
517  630
518  962
518  784
518  538
520  556
521  864
521  971
521  719
521  532
521  702
521  543
522  539
523  640
523  552
523  751
523  955
523  863
524  966
524  749
524  892
525  736
525  597
526  665
527  852
527  591
528  788
528  999
530  972
530  975
530  883
530  573
531  718
531  911
531  976
531  725
532  933
532  666
532  990
534  885
535  897
535  948
535  629
535  859
536  901
536  556
536  687
537  642
537  718
537  630
538  863
539  727
539  986
541  747
541  806
542  619
543  931
543  652
543  915
543  820
543  793
544  688
544  668
545  704
545  960
545  800
546  760
546  829
548  754
548  978
549  686
549  751
550  580
550  946
550  601
551  680
553  891
553  637
554  561
554  774
555  972
556  612
556  780
556  616
556  680
557  591
557  592
557  661
557  857
558  648
558  904
558  599
558  825
559  725
560  876
560  718
560  757
560  792
561  628
561  846
561  997
562  615
562  876
562  847
562  816
563  948
564  835
564  805
564  568
564  855
564  632
564  636
565  618
565  631
566  651
566  725
566  858
566  602
567  856
568  832
568  681
569  641
569  779
569  654
569  975
569  886
569  921
569  924
570  680
570  883
570  877
572  732
572  756
572  784
573  902
573  722
573  661
573  766
574  609
574  813
574  819
574  893
575  994
575  801
576  864
576  865
576  588
576  829
577  739
577  966
577  746
577  847
579  772
579  591
579  827
580  755
581  968
582  835
582  684
582  874
582  957
583  853
583  584
583  957
584  969
584  852
585  653
586  907
586  878
587  774
587  718
587  815
588  802
589  882
589  868
589  986
589  599
590  773
590  969
590  635
591  834
591  820
592  810
592  686
593  849
595  635
595  709
595  814
597  898
597  908
597  894
598  622
598  718
598  792
599  800
599  601
600  863
601  892
602  759
603  667
604  788
604  671
605  786
606  700
606  754
606  788
606  734
607  666
608  849
609  704
609  782
609  849
610  819
611  646
611  808
611  719
612  754
612  793
612  797
612  670
613  845
613  689
613  989
614  764
614  675
614  715
615  985
615  763
616  653
617  643
618  905
618  951
619  995
619  713
619  663
619  972
619  755
619  766
620  964
621  699
621  663
623  802
623  660
624  832
624  739
624  901
624  789
625  776
626  784
627  681
627  874
628  664
629  760
629  717
630  880
632  931
632  645
632  952
633  662
634  912
636  994
636  940
636  716
636  981
636  957
637  813
637  728
637  796
638  775
638  749
639  705
639  713
639  788
639  701
640  769
640  741
640  908
640  794
641  668
641  758
643  767
643  961
646  903
646  792
646  788
647  817
647  766
647  871
648  859
649  744
649  908
650  953
651  988
654  699
655  743
656  896
656  908
657  994
658  875
659  988
659  943
661  848
661  864
661  750
662  919
664  708
664  799
665  970
666  893
667  888
668  739
668  740
668  809
669  819
670  867
671  997
671  809
671  889
673  717
673  950
674  697
675  981
677  699
677  899
677  966
678  736
679  966
679  823
680  834
680  898
680  787
681  928
681  869
682  842
683  945
683  738
684  879
684  959
685  843
686  843
687  915
687  804
690  905
690  694
690  956
691  735
691  977
693  928
694  968
695  875
695  972
695  790
695  825
697  784
698  793
698  947
699  944
699  946
699  755
700  740
700  764
701  862
704  879
704  852
704  933
705  870
706  976
707  832
707  975
708  963
708  823
709  897
710  885
712  802
712  994
713  906
714  922
714  763
715  824
715  892
717  968
718  994
718  837
718  972
718  942
719  740
721  785
722  875
723  873
724  761
724  809
725  760
725  853
726  908
726  797
727  772
730  760
731  765
731  743
731  963
731  951
731  925
732  867
732  785
733  841
733  982
734  751
735  857
736  907
738  746
739  943
739  947
739  982
740  900
740  851
740  855
746  898
746  751
747  890
748  993
748  803
748  756
750  953
750  930
751  812
752  898
753  988
753  997
754  997
754  816
756  875
756  781
756  879
756  819
756  766
757  929
757  851
759  867
759  948
759  956
760  809
760  788
761  808
762  933
762  970
762  907
762  908
763  861
764  859
768  853
769  870
771  968
772  973
775  995
776  848
779  787
780  912
780  919
780  967
781  966
782  802
782  951
783  855
785  802
785  870
785  831
786  938
786  788
787  874
787  974
788  922
789  899
790  895
794  834
794  822
796  898
796  978
796  860
797  894
799  927
800  919
800  829
801  975
801  846
801  886
802  815
803  920
805  857
806  907
806  954
807  959
809  897
809  996
811  952
814  960
817  977
819  903
825  948
828  862
830  850
833  905
839  934
842  886
842  988
843  888
844  952
847  973
847  881
853  894
856  887
858  960
860  899
861  881
862  934
862  954
865  872
866  995
867  986
868  912
869  875
871  983
873  942
883  975
884  961
885  941
890  981
892  974
892  990
896  909
897  917
898  924
899  923
905  978
906  926
906  969
908  959
909  936
909  923
910  966
914  978
915  958
923  970
923  953
924  947
927  991
929  969
929  982
929  954
931  956
933  947
933  985
935  971
938  959
942  998
942  956
944  984
947  990
950  977
951  966
965  992
967  975
969  997
977  984
986  996
