0  768
0  195
0  261
0  62
0  940
0  334
0  349
0  948
0  21
0  951
0  954
0  154
0  350
0  981
1  24
1  979
1  493
1  910
1  751
2  355
2  196
2  776
2  463
2  114
2  213
2  982
2  572
2  382
2  191
3  458
3  690
3  787
3  980
3  149
3  186
4  960
4  112
4  902
4  936
4  650
4  77
4  269
4  240
4  342
4  572
4  734
5  225
5  772
5  14
5  341
5  57
5  733
5  478
6  388
6  869
6  439
6  431
6  976
6  790
6  791
6  153
6  186
6  239
6  282
7  32
7  321
7  579
7  104
7  556
7  908
7  941
7  782
7  143
7  784
7  339
7  87
7  217
7  540
7  766
8  289
8  473
8  40
8  714
8  268
8  621
8  29
8  19
8  758
8  55
8  696
8  633
8  955
8  522
8  479
9  994
9  99
9  402
9  690
9  793
9  444
9  30
10  325
10  333
10  174
10  624
10  337
10  852
10  837
10  762
10  636
10  895
11  704
11  496
11  387
11  390
11  999
11  220
11  781
11  813
11  592
11  533
11  824
11  287
11  988
11  382
11  95
12  166
12  840
12  688
12  884
12  149
12  796
12  863
13  65
13  450
13  388
13  261
13  847
13  500
13  600
13  479
13  293
14  289
14  130
14  103
14  975
14  17
14  180
14  950
14  184
14  276
14  513
14  892
14  517
15  736
15  682
15  349
15  405
15  88
15  473
15  922
15  571
15  266
16  193
16  674
16  484
16  111
16  438
16  759
16  943
17  227
17  292
17  901
17  135
17  232
17  457
17  611
17  116
17  535
17  216
17  154
17  346
18  685
18  546
18  932
18  199
18  73
18  44
18  34
18  462
18  109
18  817
18  594
18  371
18  308
18  478
18  536
18  364
18  851
18  510
19  91
19  421
19  905
19  394
19  813
19  444
19  111
19  497
19  404
19  506
19  207
19  732
19  746
20  576
20  34
20  933
20  903
20  332
20  530
20  174
20  754
20  46
20  152
20  25
21  739
21  164
21  678
21  942
21  445
21  509
22  425
22  427
22  716
22  804
22  903
23  825
23  75
23  823
23  195
23  831
24  775
24  333
24  499
24  918
24  215
25  899
25  327
25  909
25  942
25  463
25  753
25  883
25  659
25  728
25  762
25  59
25  312
26  914
26  931
26  452
27  769
27  67
27  310
27  262
27  935
27  269
27  174
27  413
27  221
27  275
27  662
27  957
28  66
28  485
28  455
28  840
28  681
28  298
28  396
28  88
28  266
29  231
29  393
29  743
29  973
29  840
29  278
29  155
30  129
30  262
30  434
30  757
30  214
30  663
30  472
30  58
30  894
31  320
31  833
31  554
31  521
31  42
31  364
31  950
31  793
31  106
32  576
32  84
32  229
32  326
32  297
32  592
32  561
32  564
32  276
32  634
32  892
33  456
33  489
33  106
33  300
33  941
33  598
33  312
33  700
33  682
34  320
34  835
34  808
34  329
34  618
34  683
34  269
34  174
34  527
34  867
34  981
34  841
34  445
34  314
34  283
34  362
34  223
35  737
35  901
35  146
35  631
35  653
35  913
35  242
35  86
35  695
35  568
36  505
36  934
36  523
36  333
36  973
36  853
36  887
36  761
36  314
37  225
37  578
37  147
37  647
37  40
37  112
37  935
37  302
37  847
37  880
37  81
37  339
37  628
37  504
37  188
38  643
38  965
38  711
38  361
38  107
38  844
38  847
38  785
38  725
38  118
38  955
39  705
39  484
39  197
39  304
39  366
39  335
39  496
39  433
39  414
39  537
39  91
39  606
39  191
40  611
40  551
40  361
40  235
40  723
40  374
40  425
40  537
40  60
41  384
41  636
41  130
41  359
41  840
41  905
41  44
41  174
41  175
41  82
41  567
41  377
41  764
42  802
42  838
42  232
42  877
42  942
42  461
42  498
42  180
42  762
42  574
43  74
43  940
43  397
43  334
43  719
43  432
43  979
43  286
43  599
43  541
43  94
44  194
44  278
44  748
44  436
44  981
44  790
44  825
44  317
44  414
45  761
45  154
45  331
45  100
45  222
46  292
46  873
46  207
46  150
46  216
46  446
46  255
47  288
47  833
47  322
47  579
47  425
47  797
47  180
47  309
47  957
48  288
48  320
48  228
48  102
48  929
48  476
48  299
48  76
48  636
49  516
49  389
49  124
49  140
49  528
49  497
49  531
49  731
49  60
49  830
50  579
50  901
50  909
50  57
50  269
50  271
50  560
50  978
50  149
50  214
50  537
50  793
50  79
50  501
51  57
51  811
51  68
51  622
51  873
52  707
52  389
52  775
52  776
52  881
52  85
52  56
52  188
52  126
53  64
53  770
53  228
53  422
53  487
53  968
53  145
53  936
53  530
53  529
53  982
53  793
53  474
53  219
54  642
54  587
54  846
54  239
54  880
54  241
54  505
54  826
54  79
54  605
55  96
55  544
55  453
55  422
55  138
55  238
55  719
55  562
55  179
55  374
55  672
55  702
56  768
56  363
56  196
56  229
56  550
56  328
56  713
56  394
56  875
56  995
56  694
56  599
56  692
56  282
57  526
57  79
57  400
57  952
57  917
57  823
57  984
57  185
57  830
58  935
58  300
58  275
58  342
58  445
59  801
59  711
59  809
59  471
59  716
59  112
59  630
59  905
59  796
60  834
60  163
60  165
60  78
60  888
60  293
61  246
61  967
61  746
61  76
61  914
61  854
61  254
61  421
62  769
62  648
62  204
62  914
62  761
62  414
63  750
63  265
63  366
63  528
63  881
63  430
63  408
63  410
63  863
64  354
64  164
64  700
64  642
64  174
64  337
64  371
64  692
64  759
64  377
64  794
64  892
64  893
64  469
65  118
65  454
65  657
65  776
65  170
65  983
65  812
65  461
65  785
65  949
65  470
65  759
65  313
65  411
65  330
65  215
66  757
66  226
66  806
66  518
66  425
66  746
66  911
66  627
66  373
66  837
67  214
67  406
67  550
67  907
67  494
67  559
67  113
67  814
67  86
67  661
68  897
68  164
68  167
68  169
68  810
68  423
68  782
68  402
68  916
68  670
69  288
69  833
69  514
69  714
69  623
69  85
69  345
69  477
69  223
70  357
70  230
70  140
70  204
70  429
70  368
70  852
70  857
70  282
70  645
71  674
71  239
71  945
71  404
71  917
71  381
71  543
72  996
72  684
72  270
72  753
72  946
72  334
72  351
73  939
73  101
73  273
73  427
73  208
73  881
73  883
73  822
73  219
73  956
74  324
74  168
74  428
74  812
74  142
74  904
74  809
74  612
75  81
75  300
75  965
75  421
76  898
76  356
76  550
76  361
76  426
76  408
76  948
76  920
76  348
76  124
76  799
77  288
77  320
77  323
77  718
77  111
77  754
77  442
77  847
77  221
77  542
78  160
78  227
78  646
78  394
78  527
78  977
78  178
78  282
78  762
79  676
79  392
79  362
79  331
79  205
79  143
79  602
79  964
79  490
79  287
80  706
80  587
80  968
80  553
80  395
80  977
80  534
80  508
80  862
81  230
81  273
81  360
81  938
81  939
81  776
81  264
81  182
81  635
82  292
82  677
82  359
82  363
82  781
82  367
82  521
82  187
82  733
82  478
83  419
83  168
83  464
83  341
83  667
83  607
84  261
84  651
84  109
84  334
84  655
84  470
84  667
84  924
85  196
85  391
85  969
85  306
85  750
85  626
85  918
85  153
85  379
85  797
85  165
86  256
86  230
86  619
86  910
86  893
86  515
86  341
86  505
86  851
86  250
86  447
87  545
87  461
87  157
87  697
87  281
87  539
87  701
87  446
88  741
88  572
88  756
88  183
88  539
88  413
89  736
89  291
89  231
89  907
89  621
89  878
89  739
89  183
89  857
90  929
90  490
90  843
90  365
90  983
90  601
90  766
91  115
91  622
91  695
92  360
92  969
92  395
92  302
92  694
92  508
93  956
93  970
93  651
93  846
93  753
93  596
93  213
93  988
93  351
94  99
94  847
94  752
94  594
94  153
94  474
94  765
95  897
95  935
95  508
95  682
95  428
95  273
95  499
95  601
95  921
95  538
95  571
95  860
95  701
96  511
96  519
96  335
96  124
96  973
96  367
96  720
96  626
96  595
96  564
96  120
96  506
96  831
96  732
96  927
97  130
97  196
97  296
97  297
97  108
97  653
97  335
97  816
97  286
97  117
97  182
97  857
97  541
97  898
98  448
98  674
98  531
98  500
98  537
98  604
98  125
99  547
99  134
99  423
99  363
99  748
99  880
99  627
99  841
99  251
99  447
100  450
100  262
100  905
100  300
100  590
100  624
100  177
100  350
100  631
100  154
100  988
100  478
101  171
101  555
101  308
101  183
101  891
102  903
102  877
102  464
102  113
102  378
103  224
103  521
103  714
103  303
103  432
103  789
103  630
103  252
104  448
104  386
104  234
104  269
104  144
104  371
104  447
104  379
104  522
104  511
105  833
105  194
105  969
105  298
105  429
105  910
105  493
105  113
105  370
105  183
105  623
106  512
106  610
106  548
106  168
106  802
106  470
106  601
106  445
107  161
107  321
107  361
107  624
107  690
107  630
107  280
107  637
107  830
108  481
108  485
108  257
108  371
108  333
108  882
108  627
108  950
108  183
109  198
109  132
109  229
109  582
109  458
109  146
109  685
109  242
109  902
109  951
109  409
109  538
109  586
110  481
110  514
110  836
110  549
110  326
110  520
110  619
110  622
110  943
110  273
110  509
111  480
111  353
111  931
111  934
111  364
111  221
111  368
111  114
111  216
111  947
111  638
112  376
112  733
112  136
112  847
112  648
112  915
112  856
112  827
112  957
113  225
113  386
113  291
113  273
113  682
113  189
113  814
113  349
113  529
113  146
113  563
113  502
113  218
113  541
113  362
114  323
114  756
115  160
115  496
115  387
115  292
115  233
115  431
115  880
115  596
115  695
115  122
116  931
116  292
116  743
116  938
116  366
116  463
116  599
116  143
117  640
117  996
117  901
117  330
117  435
117  655
117  496
117  915
117  764
117  765
118  203
118  492
118  815
118  146
118  179
118  340
118  665
118  285
118  447
119  481
119  296
119  910
119  687
119  782
119  572
119  287
120  547
120  196
120  326
120  873
120  876
120  336
120  695
120  477
121  708
121  645
121  968
121  202
121  299
121  524
121  559
121  677
121  507
121  318
121  741
122  291
122  392
122  681
122  621
122  880
122  853
122  536
122  857
122  378
122  859
122  988
122  931
122  315
123  608
123  321
123  781
123  368
123  209
123  986
123  510
124  609
124  260
124  615
124  263
124  429
124  750
124  207
124  990
124  250
124  923
124  476
124  893
124  719
125  219
125  456
125  938
125  844
125  765
125  840
125  712
125  968
125  469
125  151
125  536
125  251
125  861
126  513
126  357
126  391
126  937
126  716
126  273
126  754
126  865
127  482
127  835
127  965
127  232
127  354
127  504
127  412
128  172
128  175
128  850
128  276
128  312
128  383
129  673
129  677
129  808
129  364
129  210
129  754
129  858
130  896
130  443
130  869
130  491
130  143
130  273
130  457
130  891
131  768
131  197
131  265
131  434
131  530
131  915
131  471
131  888
132  672
132  900
132  710
132  590
132  498
132  148
133  416
133  513
133  236
133  335
133  914
133  147
134  409
134  619
134  817
135  288
135  344
135  962
135  387
135  425
135  202
135  464
135  370
135  536
135  315
136  545
136  644
136  198
136  971
136  719
136  467
136  868
136  761
136  624
137  611
137  699
137  876
137  625
137  850
137  891
137  894
138  931
138  964
138  809
138  558
138  309
138  383
138  223
139  454
139  775
139  843
139  495
139  598
139  856
140  360
140  651
140  912
140  168
140  210
140  264
141  163
141  581
141  359
141  456
141  715
141  396
141  461
141  688
141  849
141  946
141  823
141  613
142  929
142  483
142  811
142  684
142  995
142  661
142  950
142  949
143  737
143  407
143  458
143  775
143  461
143  592
143  754
143  935
143  534
143  151
143  879
143  447
144  770
144  355
144  581
144  207
144  660
144  249
144  568
144  537
144  603
144  414
145  771
145  902
145  237
145  707
145  791
145  861
145  862
145  341
146  846
146  365
146  387
146  974
146  755
146  429
146  539
146  445
147  676
147  677
147  393
147  222
147  830
147  734
148  934
148  716
148  172
148  813
148  751
148  436
148  698
148  603
149  230
149  974
149  495
149  724
149  983
149  735
150  416
150  780
150  237
150  724
150  187
150  893
151  291
151  550
151  173
151  594
151  563
151  468
151  381
151  954
151  958
152  288
152  868
152  295
152  394
152  555
152  172
152  272
153  439
153  849
153  233
153  359
153  752
153  913
153  937
153  888
153  379
153  189
154  609
154  611
154  709
154  396
154  207
154  591
154  209
154  436
154  920
154  666
154  911
154  894
154  881
155  201
155  812
155  850
155  659
155  500
155  885
155  247
155  606
156  583
156  814
156  623
156  214
156  855
156  655
156  670
157  650
157  917
157  639
158  512
158  802
158  998
158  654
158  947
158  887
158  509
159  640
159  360
159  203
159  558
159  982
159  410
160  166
160  331
160  916
160  855
160  760
160  761
160  186
160  252
161  240
161  730
161  531
161  713
162  993
162  963
162  647
162  268
162  272
162  241
162  254
162  252
162  990
163  367
163  208
163  350
163  319
163  478
163  863
164  320
164  196
164  297
164  654
164  752
164  498
164  275
164  244
164  313
165  515
165  198
165  361
165  877
165  884
165  214
165  510
166  384
166  900
166  390
166  801
166  715
166  932
166  223
167  675
167  206
167  756
167  566
167  856
167  956
167  573
168  930
168  611
168  423
168  686
168  911
168  344
168  984
168  921
168  570
168  958
169  908
169  399
169  368
169  210
169  796
170  194
170  196
170  930
170  660
170  695
170  728
170  478
171  262
171  711
171  788
171  821
171  856
172  997
172  873
172  752
172  179
172  566
172  184
172  505
172  378
173  368
173  891
173  614
173  483
174  292
174  582
174  294
174  940
174  781
174  628
174  893
175  290
175  806
175  723
175  553
175  602
175  891
176  772
176  773
176  712
176  777
176  362
176  812
176  464
176  274
176  315
177  387
177  451
177  717
177  814
177  333
177  976
177  369
177  499
177  473
177  603
177  349
178  225
178  357
178  390
178  299
178  492
178  980
178  789
178  763
178  220
179  899
179  773
179  935
179  871
179  757
179  663
179  287
180  385
180  325
180  456
180  504
180  819
180  398
180  888
180  731
180  380
181  544
181  576
181  832
181  958
181  841
181  659
181  341
181  250
181  282
181  979
182  802
182  490
182  972
182  750
182  669
183  577
183  994
183  835
183  486
183  596
183  670
183  664
183  794
183  763
183  894
184  746
184  683
184  860
185  647
185  809
185  561
185  860
185  637
185  222
186  801
186  484
186  965
186  748
186  973
186  527
186  688
186  625
186  213
186  247
186  281
186  853
187  833
187  484
187  902
187  806
187  519
187  273
187  498
187  934
187  728
187  924
187  286
188  327
188  974
188  477
188  912
188  849
188  309
188  925
189  943
189  432
189  853
189  598
190  784
190  738
190  203
190  628
190  447
191  870
191  201
191  428
191  738
191  302
191  207
192  578
192  965
192  268
192  305
192  758
192  472
192  634
192  765
192  575
193  641
193  772
193  741
193  456
193  809
193  492
193  526
193  712
193  313
194  579
194  879
194  595
194  660
194  565
194  472
194  639
194  863
195  832
195  748
195  271
195  245
196  527
196  977
196  612
196  856
196  860
197  299
197  776
197  779
197  786
197  821
197  279
198  837
198  946
198  920
198  921
198  381
199  482
199  707
199  748
199  848
199  376
200  291
200  330
200  395
200  982
200  605
200  606
201  227
201  655
201  561
201  914
201  311
201  541
201  477
202  288
202  353
202  773
202  712
202  942
202  271
202  417
202  346
202  509
202  543
203  809
203  204
203  527
203  253
204  551
204  297
204  302
204  623
204  350
204  827
205  359
205  493
205  304
205  340
205  317
205  767
206  742
206  749
206  717
206  408
206  946
206  984
206  796
206  381
207  705
207  323
207  230
207  842
207  971
207  547
207  659
207  599
207  986
207  215
208  232
208  416
209  950
209  624
209  883
209  500
209  630
209  474
209  348
209  410
210  322
210  780
210  490
210  497
210  787
210  361
211  384
211  489
211  695
211  826
211  285
211  287
212  672
212  904
212  372
212  861
212  702
213  936
213  239
213  248
213  411
213  477
213  318
214  416
214  843
214  411
214  695
214  631
214  731
214  860
215  515
215  423
215  490
215  461
215  221
215  627
215  789
215  661
215  765
215  831
216  928
216  423
216  796
216  747
216  656
216  949
216  247
216  988
216  221
216  927
217  871
217  456
217  583
217  637
217  499
217  659
217  949
217  441
217  669
217  734
218  962
218  839
218  590
218  282
218  766
219  288
219  778
219  717
219  590
219  593
219  856
219  411
219  312
220  483
220  644
220  879
220  661
220  695
220  572
220  415
221  453
221  586
221  374
222  673
222  581
222  239
222  595
222  911
222  923
222  229
223  714
223  943
223  368
223  965
224  322
224  522
224  391
224  333
224  880
224  344
224  935
224  984
224  479
225  619
225  261
225  902
225  232
225  553
225  683
225  635
225  976
225  434
225  565
225  726
225  859
225  925
226  843
226  744
226  555
226  304
226  628
226  283
227  289
227  497
227  872
227  746
227  978
227  627
227  758
227  250
228  481
228  458
228  786
228  372
228  756
228  891
228  636
228  477
229  737
229  304
229  947
229  282
229  733
230  644
230  428
230  271
230  562
230  569
230  894
231  640
231  674
231  587
231  296
231  905
231  778
231  779
231  273
231  729
231  970
231  766
232  354
232  908
232  813
232  781
232  825
232  303
232  956
233  788
233  796
233  935
234  327
234  297
234  268
234  336
234  488
234  316
234  285
235  491
235  524
235  434
235  467
235  952
235  633
235  669
236  712
236  457
236  594
236  344
236  601
236  924
237  904
237  305
237  308
237  855
237  732
238  960
238  898
238  523
238  325
238  902
238  875
238  882
238  598
238  766
239  897
239  451
239  776
239  639
239  724
239  991
239  669
239  831
240  512
240  613
240  253
240  434
240  350
240  501
240  573
240  510
241  676
241  903
241  721
241  692
242  290
242  298
242  514
242  669
242  951
242  413
242  857
242  586
243  672
243  260
243  839
243  586
243  943
243  851
243  948
243  981
243  664
243  479
244  960
244  829
244  870
244  765
244  986
244  319
244  282
244  991
245  560
245  824
245  603
245  503
246  356
246  485
246  454
246  298
246  939
246  973
246  366
246  980
246  398
246  804
246  440
246  676
246  494
247  321
247  427
247  847
247  272
247  913
247  563
247  891
247  956
247  794
248  932
248  329
248  779
248  973
248  851
248  532
248  713
249  800
249  289
249  969
249  695
249  540
249  816
250  962
250  355
250  277
250  453
250  617
250  648
250  521
250  812
250  500
250  823
250  415
250  773
251  517
251  277
251  857
251  572
252  391
252  911
252  400
252  918
252  508
253  901
253  908
253  301
253  303
253  785
253  628
253  472
254  779
254  677
254  363
254  621
254  463
254  306
254  565
254  694
254  847
254  933
255  438
255  587
255  493
255  349
255  278
255  407
255  280
255  284
255  573
255  830
255  959
256  493
256  590
256  980
256  398
256  662
256  732
256  606
257  483
257  840
257  617
257  535
257  717
257  815
257  819
257  436
257  343
257  761
257  975
257  830
257  361
258  586
258  995
258  594
258  775
259  299
259  772
259  745
259  779
259  623
259  393
259  335
259  380
259  733
260  322
260  358
260  297
260  652
260  790
261  934
261  454
261  332
261  527
261  593
261  316
261  319
262  897
262  967
262  649
262  878
262  307
262  471
262  825
263  685
263  943
263  561
263  885
263  567
263  797
264  547
264  325
264  432
264  979
264  280
264  799
265  520
265  907
265  589
265  796
266  292
266  711
266  375
266  408
266  370
266  919
266  696
267  674
267  835
267  776
267  907
267  812
267  910
267  854
267  606
268  432
268  396
268  770
268  592
268  342
268  313
268  410
268  382
269  352
269  343
269  882
269  407
269  510
270  327
270  300
270  851
270  405
270  374
270  600
270  316
270  926
270  895
271  354
271  677
271  552
271  525
271  911
271  693
271  565
271  535
271  538
271  796
271  735
272  577
272  393
272  457
272  753
272  276
272  504
272  793
273  640
273  996
273  777
273  770
273  626
273  404
273  853
273  567
273  443
273  329
273  799
274  420
274  626
274  280
274  516
274  926
274  639
275  803
275  324
275  615
275  682
275  460
275  750
275  626
275  821
275  919
275  924
275  349
276  997
276  391
276  904
276  299
276  368
276  813
276  717
276  337
276  530
276  947
276  854
276  953
276  559
277  698
277  517
277  465
277  972
277  911
277  529
277  852
277  986
278  640
278  932
278  422
278  553
278  848
278  634
278  475
279  608
279  810
279  465
279  663
279  792
279  731
279  280
279  319
280  618
280  300
280  653
280  558
281  417
281  895
281  966
281  679
281  809
281  967
281  398
281  372
281  969
281  859
281  929
282  770
282  521
282  563
282  532
283  290
283  484
283  363
283  364
283  430
283  341
283  855
283  860
284  656
284  627
284  781
284  990
285  580
285  310
285  889
285  571
285  796
285  778
286  868
286  417
286  972
286  527
286  656
286  305
286  568
287  708
287  711
287  616
287  842
287  428
287  914
287  698
288  486
288  873
288  400
288  769
289  944
289  484
289  359
289  827
289  394
289  976
289  836
289  506
289  987
289  604
290  741
290  712
290  588
290  433
290  853
290  796
291  361
291  909
291  979
291  375
291  745
291  539
292  865
292  867
292  548
292  520
292  876
292  727
293  837
293  710
293  716
293  943
293  753
293  980
293  372
293  724
293  317
294  897
294  997
294  438
294  857
294  383
295  864
295  928
295  389
295  597
295  378
296  613
296  425
296  363
296  399
296  921
296  414
297  355
297  745
297  682
297  823
297  983
297  760
297  298
298  591
298  853
298  889
298  506
299  710
299  496
299  341
299  950
299  760
299  349
299  565
300  522
300  565
300  921
300  442
301  408
301  755
301  470
301  959
302  616
302  341
302  791
302  509
303  484
303  390
303  583
303  461
303  597
303  920
303  891
303  860
304  480
304  931
304  847
304  497
304  565
304  879
304  767
304  965
305  864
305  610
305  837
305  518
305  456
305  878
305  367
305  584
305  762
305  476
305  826
306  833
306  423
306  715
306  820
306  662
306  407
306  474
306  693
307  320
307  899
307  326
307  358
307  518
307  582
307  660
307  438
307  379
307  860
308  384
308  644
308  459
308  716
308  337
308  566
308  762
308  818
309  845
309  585
309  907
309  333
310  672
310  577
310  332
310  946
311  440
311  719
311  880
311  465
311  404
311  856
311  958
311  415
312  611
312  609
312  494
312  335
312  945
312  762
312  382
313  331
313  812
313  974
313  591
313  886
313  441
313  509
313  743
314  353
314  333
314  659
314  661
314  956
315  993
315  811
315  337
316  704
316  706
316  342
316  910
316  464
316  337
316  757
316  758
316  479
316  746
316  837
317  745
317  622
317  621
317  432
317  980
317  381
318  534
318  990
319  356
319  657
319  685
319  399
319  849
319  452
319  508
319  798
320  485
320  711
320  754
320  371
321  448
321  391
321  463
321  807
322  585
322  526
322  976
322  946
322  820
322  920
322  923
323  961
323  643
323  334
323  431
323  604
323  719
324  577
324  451
324  870
324  715
324  977
324  692
324  472
325  604
325  383
326  388
326  519
326  978
326  695
326  568
326  689
327  817
327  918
327  542
327  607
328  979
328  332
328  717
329  678
329  582
329  521
329  752
329  947
329  361
329  376
329  702
330  709
330  712
330  648
330  466
330  534
330  795
330  861
330  949
331  337
331  818
331  598
331  409
332  832
332  610
332  451
332  394
332  430
332  881
332  531
332  564
332  667
332  604
332  989
332  475
332  767
333  485
333  936
333  913
333  378
334  674
334  678
334  711
334  557
334  657
334  839
334  819
334  825
335  388
335  966
335  424
335  362
335  715
335  949
335  567
335  925
335  606
336  672
336  774
336  904
336  939
336  748
336  397
336  622
336  493
336  824
336  554
337  804
337  557
337  861
338  619
338  958
339  360
339  608
339  587
340  498
340  884
340  666
341  483
341  823
341  984
341  501
342  681
342  621
342  877
342  496
342  535
342  890
343  550
343  620
343  462
343  891
343  861
344  801
344  389
344  520
344  648
344  974
344  431
344  819
344  792
344  378
344  732
344  581
345  801
345  586
345  749
345  718
345  657
345  874
346  993
346  356
346  556
346  367
346  945
346  657
346  666
346  701
347  456
347  916
347  824
347  767
347  893
347  350
347  735
348  456
348  618
348  846
348  883
348  564
349  835
349  628
349  597
349  925
350  525
350  722
350  852
350  664
351  772
351  518
351  382
351  663
351  420
351  795
351  926
352  930
352  389
352  366
352  788
352  699
352  703
353  609
353  548
353  462
353  847
354  355
354  937
354  599
354  707
354  855
354  472
354  943
354  573
355  676
355  549
355  491
355  532
355  727
356  361
356  791
356  573
356  671
357  768
357  449
357  906
357  496
357  596
358  651
358  812
358  433
358  435
358  884
358  983
358  824
358  794
359  832
359  419
359  612
359  582
359  833
359  993
359  835
359  830
359  534
359  649
359  952
359  725
359  606
359  894
359  469
360  672
360  897
360  694
360  496
360  626
360  758
360  851
360  703
361  464
361  969
362  384
362  454
362  909
363  705
363  742
363  523
363  686
363  719
363  488
363  724
363  639
364  448
364  420
364  424
364  842
364  652
364  525
364  520
364  949
364  796
365  421
365  906
365  908
365  765
365  542
366  547
366  616
366  949
366  790
366  444
366  927
367  384
367  571
367  493
367  399
367  995
367  986
367  891
367  861
367  410
368  800
368  955
368  523
368  974
368  483
368  986
368  795
368  415
369  389
369  649
369  684
369  909
369  814
369  883
369  725
369  406
369  915
369  789
370  870
370  406
370  810
371  593
371  682
371  494
371  785
371  927
372  612
372  810
372  495
372  860
372  445
373  864
373  812
373  621
373  436
373  949
374  609
374  772
374  758
374  729
374  954
375  536
375  418
375  974
376  976
376  877
376  941
376  720
376  435
376  641
377  992
377  422
377  936
377  687
377  788
377  663
377  475
377  765
377  895
378  512
378  620
378  617
378  593
378  502
379  609
379  774
379  460
379  570
379  799
380  612
380  454
380  399
381  426
381  889
381  985
381  986
382  805
382  497
382  554
382  445
382  913
382  755
382  967
382  861
383  897
383  680
383  911
383  624
384  706
384  475
384  716
384  453
384  581
384  796
384  812
384  429
384  942
384  783
384  789
384  659
384  860
384  853
385  395
385  440
385  823
385  824
385  636
386  802
386  742
386  523
386  652
386  726
386  921
387  452
387  713
387  911
387  948
387  567
387  443
387  669
387  979
387  543
388  706
388  731
388  879
388  866
388  869
389  613
389  742
389  458
389  556
390  741
390  618
391  866
391  934
391  551
391  906
391  651
391  524
391  537
392  805
392  712
392  590
392  562
392  659
392  757
392  911
392  702
393  549
393  838
393  489
393  451
393  728
393  542
394  452
394  421
394  769
394  976
394  690
394  726
394  760
394  826
395  448
395  517
395  449
395  780
395  626
395  953
395  506
395  443
395  767
396  739
397  928
397  865
397  425
397  943
397  405
397  889
397  954
397  757
398  839
398  519
398  812
398  921
398  538
399  421
399  746
399  432
399  498
399  617
399  476
399  446
400  867
400  842
400  751
400  625
400  663
400  443
400  606
401  996
401  551
401  562
401  631
401  570
401  924
402  961
402  741
402  523
402  496
402  566
402  439
402  408
403  707
403  741
403  554
403  917
403  986
403  827
403  765
403  670
404  481
404  935
404  651
404  942
404  559
404  530
404  756
404  725
404  790
404  979
405  800
405  870
405  972
405  524
405  782
405  537
406  962
406  681
406  844
406  909
406  974
406  752
406  948
406  408
406  475
407  769
407  707
407  906
407  563
407  604
408  808
408  653
408  872
408  883
408  797
409  737
409  968
409  588
409  654
409  845
409  948
409  859
410  652
410  785
410  823
410  728
410  575
410  764
410  926
411  647
411  425
411  746
411  940
411  695
411  673
411  702
411  949
412  928
412  545
412  967
412  520
412  656
412  593
412  694
412  860
413  487
413  436
413  959
414  548
414  582
414  807
414  942
414  467
415  576
415  482
415  613
415  715
415  943
415  951
415  975
416  736
416  871
416  616
416  780
416  494
416  975
416  822
416  857
416  861
417  653
417  770
417  898
417  589
417  479
417  863
418  873
418  443
418  510
418  967
419  517
419  679
419  652
419  847
419  465
419  691
420  738
420  679
420  424
420  558
420  815
420  629
420  856
420  665
420  954
421  608
421  932
421  613
421  976
421  761
421  920
421  889
421  493
421  572
421  787
421  447
422  456
422  683
422  528
422  947
422  797
423  678
423  624
423  616
423  597
423  868
424  995
424  522
424  628
424  980
424  830
425  901
425  912
425  691
425  756
425  727
425  761
425  738
426  857
426  650
426  945
427  867
427  435
427  919
427  926
428  577
428  524
428  821
428  825
428  603
428  702
429  580
429  971
429  886
430  982
430  680
430  652
430  918
431  614
431  935
431  466
431  942
431  690
431  467
431  697
431  443
431  850
432  873
432  814
432  881
432  691
432  603
433  678
433  615
433  730
433  895
434  780
434  717
434  691
434  501
434  985
434  538
434  699
435  538
436  646
436  840
436  557
436  622
436  562
436  596
437  784
437  907
437  501
438  800
438  737
438  871
438  491
438  622
438  628
438  765
438  926
438  848
439  739
439  648
439  617
439  651
439  717
439  815
440  685
440  461
440  498
440  658
441  993
441  620
441  941
441  982
441  635
442  477
442  539
442  855
443  905
443  881
443  850
443  610
443  632
443  559
444  902
445  697
446  933
446  470
446  886
447  758
447  487
447  457
447  619
447  848
447  531
447  677
448  902
448  806
448  865
448  994
448  892
448  605
449  704
449  518
449  909
449  526
449  534
450  646
450  777
450  490
450  754
450  789
450  475
451  992
451  491
451  526
451  548
451  474
451  954
452  704
452  548
452  999
452  543
453  837
453  454
453  650
453  494
453  879
453  861
454  836
454  693
454  917
455  560
455  839
455  948
455  919
456  737
456  676
456  626
456  856
456  794
456  987
456  670
457  643
457  709
457  588
457  931
457  853
457  684
457  983
458  738
458  810
458  559
458  728
458  723
458  824
458  931
459  624
459  489
459  693
459  521
460  736
460  770
460  972
460  751
460  701
461  736
461  614
461  759
461  911
461  530
461  845
462  492
462  773
463  869
463  751
463  816
463  945
463  659
463  601
464  806
464  685
464  535
465  482
465  804
465  743
465  651
465  722
465  798
465  926
466  670
466  806
467  513
467  774
467  908
467  785
467  595
467  665
467  669
468  997
468  719
468  630
468  791
468  923
469  512
469  674
469  873
469  780
469  506
470  627
470  828
470  863
471  608
471  520
471  816
471  533
472  717
472  948
472  629
472  700
473  512
473  960
473  963
473  586
473  495
473  602
473  959
474  484
474  713
474  623
474  596
474  986
474  767
475  905
475  815
475  631
475  986
475  933
476  576
476  877
476  821
476  505
476  493
477  867
477  935
477  588
477  573
477  497
477  599
477  890
478  480
478  614
478  659
478  948
478  517
479  524
479  812
479  877
479  786
479  916
479  766
479  854
479  937
479  798
480  832
480  546
480  708
480  685
480  559
480  925
481  832
481  613
481  806
481  693
481  532
482  930
482  941
482  572
483  970
483  492
483  983
483  985
483  629
484  993
484  740
484  493
484  781
484  757
484  920
484  621
484  751
485  904
485  681
485  852
485  888
485  634
486  842
487  706
487  519
487  872
487  962
487  880
487  531
487  546
487  916
487  603
487  828
488  613
488  852
488  665
488  828
489  960
489  662
489  760
490  577
490  836
490  939
490  853
490  655
490  764
491  779
491  573
492  644
492  554
492  630
492  632
492  996
492  586
493  777
493  522
493  914
493  546
493  683
493  575
493  966
493  844
493  603
493  860
493  735
493  761
494  783
494  630
494  856
495  763
495  650
495  559
495  976
495  689
495  955
496  880
496  875
496  917
497  547
497  542
497  917
498  776
498  948
498  695
498  796
499  964
499  837
499  615
499  655
499  912
499  765
500  640
500  931
500  710
500  647
500  975
500  561
500  917
501  834
501  616
501  626
501  974
501  796
502  744
502  892
502  652
502  947
502  853
502  953
502  924
503  838
503  648
503  844
503  627
503  788
503  884
504  640
504  846
504  984
504  861
505  768
505  686
505  631
505  760
505  858
505  732
505  598
505  862
506  836
506  865
506  592
506  722
506  704
506  768
507  657
507  658
507  814
507  857
508  746
508  624
508  532
508  886
508  855
508  671
509  709
509  971
509  947
509  927
510  745
510  619
510  844
511  577
511  962
511  739
511  753
511  619
511  684
511  817
512  869
512  774
512  871
512  840
512  679
512  782
512  999
512  857
513  517
513  872
513  878
513  764
513  701
514  584
514  553
514  779
514  756
514  517
515  995
515  740
515  556
515  526
515  985
515  860
515  927
516  720
516  868
516  805
516  840
516  874
516  848
516  533
517  609
517  843
517  889
517  574
518  807
518  721
518  865
519  524
519  846
519  570
519  830
520  834
520  806
520  818
520  627
520  852
520  821
520  636
520  990
521  966
521  749
521  851
521  855
522  585
522  906
522  687
522  723
522  632
522  764
523  896
523  811
523  684
523  894
524  642
524  872
524  596
524  565
524  696
524  735
524  959
525  645
525  655
525  695
525  665
525  986
525  859
526  645
526  810
526  747
526  537
526  700
527  938
528  808
528  812
528  975
528  945
528  694
528  695
529  864
529  737
529  959
530  674
530  868
530  840
530  745
530  890
531  772
531  998
531  619
531  972
531  877
531  878
531  727
531  817
532  544
532  642
532  934
532  743
532  905
532  843
532  876
532  811
532  628
532  597
532  662
533  774
533  652
533  564
533  949
534  675
534  953
534  922
535  582
535  969
535  716
535  621
535  795
535  638
536  670
536  863
537  640
537  583
537  809
537  557
537  945
537  663
537  601
537  575
538  816
538  542
538  894
539  546
539  775
539  885
539  570
540  993
540  675
540  936
540  713
540  919
540  850
540  759
540  697
540  605
541  553
542  733
543  742
543  617
543  785
543  601
543  955
544  624
544  643
544  999
544  776
544  720
544  950
544  665
544  829
544  597
545  802
545  555
546  550
547  759
547  879
548  802
548  878
548  763
548  573
548  638
548  767
549  737
549  699
549  971
549  717
549  786
549  995
549  827
550  770
550  746
550  686
550  568
550  986
551  780
551  697
551  699
551  638
552  596
552  693
552  662
552  859
552  828
552  926
553  897
553  645
553  999
553  813
553  914
554  645
554  908
554  911
554  784
554  948
555  962
555  999
555  846
555  947
555  918
555  699
555  733
555  575
556  941
557  865
557  708
557  714
558  610
559  778
559  627
559  695
559  953
559  591
559  575
560  865
560  915
560  668
561  578
561  973
562  576
562  772
562  718
562  854
562  988
563  775
563  985
563  763
564  859
564  607
565  931
565  694
565  703
566  842
566  956
566  575
567  610
567  843
567  943
567  658
567  719
568  684
568  739
568  570
568  666
568  863
569  902
569  839
569  946
569  919
569  701
570  578
570  740
570  593
570  601
570  991
571  899
571  670
572  751
572  848
572  881
572  956
573  741
573  778
573  866
573  753
573  659
573  917
573  699
573  828
573  970
574  656
574  743
574  587
574  912
574  852
574  665
574  732
575  837
575  588
575  692
575  828
576  709
576  944
577  999
577  663
578  912
578  692
578  985
579  820
579  854
579  761
579  797
579  735
580  983
580  888
580  890
580  669
581  996
581  718
581  696
581  948
581  919
582  801
582  805
582  710
582  660
582  988
582  767
583  668
584  931
584  870
584  585
584  619
584  939
585  704
585  768
585  947
585  923
586  832
586  931
586  658
586  792
588  783
588  627
588  694
588  856
589  627
589  891
589  651
590  738
590  870
590  712
590  821
590  917
591  742
591  825
591  734
591  735
592  930
592  997
592  913
592  665
592  986
593  675
593  758
593  887
594  649
594  654
595  912
596  928
596  719
596  656
596  881
596  925
596  862
598  876
598  718
598  662
599  897
599  619
599  930
599  855
600  857
600  891
600  854
601  816
601  797
602  935
602  970
602  716
602  633
603  745
603  627
603  905
603  937
603  636
603  947
603  735
604  781
604  693
604  725
605  707
605  965
605  874
605  715
605  847
606  929
606  836
606  823
606  990
607  704
607  644
607  716
607  749
607  785
607  900
608  926
609  772
610  835
610  652
610  702
610  671
611  803
611  874
611  779
611  776
612  642
613  615
613  682
613  651
613  751
613  734
614  992
614  981
615  683
615  908
615  658
615  629
615  761
615  789
616  868
616  880
616  691
616  629
616  983
616  831
616  765
616  979
617  969
617  792
618  747
618  781
618  723
618  822
618  697
618  667
619  675
619  965
619  748
619  956
620  772
620  808
620  783
620  665
620  634
621  630
621  914
622  741
622  743
622  744
622  687
622  755
622  819
622  815
623  677
623  755
623  799
624  656
624  840
625  956
626  720
626  657
626  816
627  855
627  681
627  848
627  674
627  986
628  815
628  816
628  823
628  638
630  655
630  688
631  640
631  838
631  714
631  977
631  765
632  673
632  996
632  806
632  774
632  744
632  973
632  791
632  733
633  683
633  657
633  951
634  879
634  849
635  936
635  731
636  915
636  696
637  708
637  683
637  778
637  779
638  653
638  881
638  699
638  895
639  841
639  816
639  756
640  716
640  877
640  691
640  987
641  805
641  886
642  704
642  785
642  895
643  719
643  691
643  662
644  930
644  805
644  839
644  650
644  962
644  686
644  750
644  916
644  698
644  764
644  925
645  771
645  836
645  752
645  787
645  750
645  761
645  899
646  673
646  899
646  713
646  700
646  927
647  740
647  776
647  812
647  908
647  828
648  805
648  774
648  905
648  693
648  810
648  991
649  803
649  939
649  652
650  728
652  653
652  706
653  933
653  730
653  923
654  779
654  915
654  755
654  956
655  993
655  676
655  747
655  888
655  821
656  847
656  728
657  844
657  974
657  751
658  677
658  815
659  837
659  778
659  970
660  837
660  780
660  759
660  940
660  881
660  754
660  916
660  983
660  953
660  763
660  924
661  898
661  935
661  938
662  898
662  943
662  824
663  866
663  996
663  809
663  879
663  926
664  672
664  717
664  798
664  831
665  870
665  903
665  684
665  818
665  991
666  858
667  867
667  965
668  928
668  717
668  753
668  920
669  762
669  894
670  978
670  740
670  793
670  763
671  780
671  941
671  945
671  978
671  790
672  856
672  793
673  682
673  822
674  938
674  879
674  959
675  763
676  704
676  736
676  937
676  760
677  723
677  909
677  855
677  734
677  735
678  705
678  993
678  709
679  962
679  940
680  879
681  833
681  996
681  935
681  853
681  933
682  974
682  977
682  766
683  859
683  703
684  870
684  973
684  816
684  761
685  934
685  935
685  848
685  798
686  897
686  984
686  699
687  960
687  816
687  855
687  729
688  914
689  711
689  947
689  799
690  738
691  804
691  816
691  766
692  820
692  887
692  916
693  992
693  718
693  786
694  770
694  878
695  825
695  999
695  887
695  985
695  892
695  735
696  748
696  913
696  755
696  958
697  933
697  936
697  950
697  953
697  911
698  739
698  976
699  814
699  883
699  726
699  905
699  797
699  766
700  867
700  996
700  791
702  812
702  848
702  818
702  953
704  935
704  817
704  917
705  773
705  839
705  826
705  956
706  810
706  910
706  913
706  947
707  769
707  809
708  754
708  735
709  998
709  712
709  858
710  747
711  769
711  928
711  942
711  733
711  958
711  718
712  829
712  728
712  859
713  960
713  838
713  869
714  836
715  769
715  872
715  905
715  989
715  918
715  829
716  960
716  808
716  975
716  980
717  776
717  831
719  867
719  772
719  942
720  841
720  785
720  924
721  790
722  962
722  742
722  756
723  806
723  746
723  941
723  918
724  765
724  751
724  762
724  925
725  929
725  901
725  748
725  814
725  849
725  990
726  995
726  868
726  988
727  911
727  889
727  836
727  985
728  931
728  749
728  913
729  811
729  876
729  794
730  817
731  770
731  843
731  898
731  793
731  762
732  994
732  887
732  958
733  973
733  886
733  869
734  903
734  839
734  978
734  915
735  874
735  780
735  786
735  823
735  793
736  824
736  827
737  819
738  834
738  997
738  840
738  747
738  882
738  921
738  894
739  968
739  817
740  753
741  851
741  884
741  922
741  859
741  797
742  870
742  940
742  756
743  865
743  770
743  934
743  843
743  930
743  753
743  854
744  836
744  944
745  765
746  773
747  929
747  939
747  787
747  951
747  920
747  847
748  940
748  787
748  915
748  885
749  943
750  998
750  904
750  751
750  753
751  969
752  775
752  942
752  976
753  965
753  906
753  829
753  788
754  763
754  967
754  845
755  802
755  758
755  854
755  828
756  872
756  825
757  809
757  915
757  930
758  998
758  939
759  788
759  820
760  939
760  900
760  860
760  829
761  771
761  955
762  834
762  778
762  861
765  952
766  998
766  872
767  846
767  955
767  924
767  991
768  843
768  799
769  804
769  838
769  957
770  771
770  781
770  785
771  993
774  834
774  788
774  863
775  940
775  815
776  947
776  884
777  804
777  821
778  873
778  938
778  939
778  846
778  792
779  836
779  812
779  802
779  973
779  910
779  796
780  845
781  934
781  883
781  831
782  998
782  985
782  829
783  807
783  974
785  856
785  796
786  919
788  869
789  833
789  919
789  890
790  960
790  931
790  804
790  948
791  902
791  844
791  853
792  812
793  929
793  861
794  961
794  874
794  911
795  896
795  873
795  875
795  946
796  896
796  926
797  853
798  867
798  840
798  923
799  967
799  859
799  893
802  805
802  942
802  888
803  805
803  908
803  822
804  977
804  837
805  946
806  879
806  976
806  862
807  943
807  914
807  862
807  860
808  999
808  885
809  893
810  902
810  911
811  842
812  944
812  814
813  838
813  918
814  898
814  868
814  919
814  987
815  833
816  870
816  853
816  895
817  868
817  914
817  957
818  861
819  896
819  849
820  868
820  837
821  962
821  980
821  949
821  947
822  939
822  909
823  918
823  858
824  899
824  946
824  890
824  861
825  879
826  963
826  929
826  957
829  930
830  862
832  966
832  967
832  885
834  890
835  962
835  863
836  841
836  922
837  992
837  995
837  945
837  979
838  966
839  873
839  945
840  875
840  969
841  892
843  896
846  881
847  970
847  941
847  879
848  931
849  955
850  872
850  944
850  984
851  976
852  942
853  893
854  993
854  893
856  965
856  913
856  872
860  983
860  953
862  910
864  869
865  905
865  868
867  941
867  979
867  923
868  953
868  987
868  964
871  933
872  879
873  955
874  918
875  928
875  933
875  969
876  893
877  954
878  880
879  903
879  999
880  994
880  931
881  923
883  904
884  911
885  901
887  936
887  906
887  892
891  935
891  954
891  990
892  930
892  900
892  975
893  894
895  958
896  993
896  997
896  927
897  970
897  940
898  947
900  980
900  949
901  996
901  915
902  907
902  972
902  909
902  981
903  919
905  945
907  980
909  978
910  966
910  921
911  912
911  913
912  983
913  995
914  937
915  921
916  956
918  934
919  931
923  933
926  959
931  984
932  951
933  935
935  966
936  983
938  998
940  970
943  995
944  996
947  963
947  964
947  954
952  981
956  980
966  977
966  979
967  982
968  977
971  974
973  974
