0  1
0  2
0  3
1  4
1  5
1  6
2  8
2  9
2  7
3  10
3  11
3  12
4  13
4  14
4  15
5  16
5  18
5  17
6  19
6  20
6  21
7  24
7  22
7  23
8  25
8  27
8  26
9  28
9  29
9  30
10  32
10  33
10  31
11  35
11  34
11  36
12  37
12  38
12  39
13  40
13  41
13  42
14  44
14  43
14  45
15  48
15  46
15  47
16  49
16  50
16  51
17  52
17  54
17  53
18  56
18  57
18  55
19  58
19  59
19  60
20  62
20  61
20  63
21  64
21  65
21  66
22  67
22  68
22  69
23  72
23  71
23  70
24  73
24  74
24  75
25  76
25  77
25  78
26  80
26  81
26  79
27  82
27  83
27  84
28  85
28  86
28  87
29  88
29  90
29  89
30  91
30  92
30  93
31  96
31  94
31  95
32  97
32  99
32  98
33  100
33  101
33  102
34  104
34  105
34  103
35  107
35  106
35  108
36  109
36  110
36  111
37  112
37  113
37  114
38  116
38  115
38  117
39  120
39  118
39  119
40  121
40  122
40  123
41  124
41  126
41  125
42  128
42  129
42  127
43  130
43  131
43  132
44  135
44  133
44  134
45  136
45  137
45  138
46  139
46  140
46  141
47  144
47  143
47  142
48  145
48  146
48  147
49  148
49  149
49  150
50  152
50  153
50  151
51  154
51  155
51  156
52  157
52  158
52  159
53  160
53  162
53  161
54  163
54  164
54  165
55  168
55  166
55  167
56  169
56  171
56  170
57  172
57  173
57  174
58  176
58  177
58  175
59  178
59  180
59  179
60  181
60  182
60  183
61  184
61  185
61  186
62  188
62  187
62  189
63  192
63  190
63  191
64  193
64  194
64  195
65  196
65  198
65  197
66  200
66  201
66  199
67  202
67  203
67  204
68  206
68  205
68  207
69  208
69  209
69  210
70  211
70  212
70  213
71  216
71  215
71  214
72  217
72  218
72  219
73  220
73  221
73  222
74  224
74  225
74  223
75  226
75  227
75  228
76  229
76  230
76  231
77  232
77  234
77  233
78  235
78  236
78  237
79  240
79  238
79  239
80  241
80  243
80  242
81  244
81  245
81  246
82  248
82  249
82  247
83  250
83  252
83  251
84  253
84  254
84  255
85  256
85  257
85  258
86  260
86  259
86  261
87  264
87  262
87  263
88  265
88  266
88  267
89  268
89  270
89  269
90  272
90  273
90  271
91  274
91  275
91  276
92  278
92  277
92  279
93  280
93  281
93  282
94  283
94  284
94  285
95  288
95  287
95  286
96  289
96  290
96  291
97  292
97  293
97  294
98  296
98  297
98  295
99  298
99  299
99  300
100  301
100  302
100  303
101  304
101  306
101  305
102  307
102  308
102  309
103  312
103  310
103  311
104  313
104  315
104  314
105  316
105  317
105  318
106  320
106  321
106  319
107  323
107  322
107  324
108  325
108  326
108  327
109  328
109  329
109  330
110  332
110  331
110  333
111  336
111  334
111  335
112  337
112  338
112  339
113  340
113  342
113  341
114  344
114  345
114  343
115  346
115  347
115  348
116  350
116  349
116  351
117  352
117  353
117  354
118  355
118  356
118  357
119  360
119  359
119  358
120  361
120  362
120  363
121  364
121  365
121  366
122  368
122  369
122  367
123  370
123  371
123  372
124  373
124  374
124  375
125  376
125  378
125  377
126  379
126  380
126  381
127  384
127  382
127  383
128  385
128  387
128  386
129  388
129  389
129  390
130  392
130  393
130  391
131  396
131  394
131  395
132  397
132  398
132  399
133  400
133  401
133  402
134  404
134  403
134  405
135  408
135  406
135  407
136  409
136  410
136  411
137  412
137  414
137  413
138  416
138  417
138  415
139  418
139  419
139  420
140  423
140  421
140  422
141  424
141  425
141  426
142  427
142  428
142  429
143  432
143  431
143  430
144  433
144  434
144  435
145  436
145  437
145  438
146  440
146  441
146  439
147  442
147  443
147  444
148  445
148  446
148  447
149  448
149  450
149  449
150  451
150  452
150  453
151  456
151  454
151  455
152  457
152  459
152  458
153  460
153  461
153  462
154  464
154  465
154  463
155  466
155  468
155  467
156  469
156  470
156  471
157  472
157  473
157  474
158  476
158  475
158  477
159  480
159  478
159  479
160  481
160  482
160  483
161  484
161  486
161  485
162  488
162  489
162  487
163  490
163  491
163  492
164  494
164  493
164  495
165  496
165  497
165  498
166  499
166  500
166  501
167  504
167  503
167  502
168  505
168  506
168  507
169  508
169  509
169  510
170  512
170  513
170  511
171  514
171  515
171  516
172  517
172  518
172  519
173  520
173  522
173  521
174  523
174  524
174  525
175  528
175  526
175  527
176  529
176  531
176  530
177  532
177  533
177  534
178  536
178  537
178  535
179  539
179  538
179  540
180  541
180  542
180  543
181  544
181  545
181  546
182  548
182  547
182  549
183  552
183  550
183  551
184  553
184  554
184  555
185  556
185  558
185  557
186  560
186  561
186  559
187  562
187  563
187  564
188  566
188  565
188  567
189  568
189  569
189  570
190  571
190  572
190  573
191  576
191  575
191  574
192  577
192  578
192  579
193  580
193  581
193  582
194  584
194  585
194  583
195  586
195  587
195  588
196  589
196  590
196  591
197  592
197  594
197  593
198  595
198  596
198  597
199  600
199  598
199  599
200  601
200  603
200  602
201  604
201  605
201  606
202  608
202  609
202  607
203  611
203  610
203  612
204  613
204  614
204  615
205  616
205  617
205  618
206  620
206  619
206  621
207  624
207  622
207  623
208  625
208  626
208  627
209  628
209  630
209  629
210  632
210  633
210  631
211  634
211  635
211  636
212  638
212  637
212  639
213  640
213  641
213  642
214  643
214  644
214  645
215  648
215  647
215  646
216  649
216  650
216  651
217  652
217  653
217  654
218  656
218  657
218  655
219  658
219  659
219  660
220  661
220  662
220  663
221  664
221  666
221  665
222  667
222  668
222  669
223  672
223  670
223  671
224  673
224  675
224  674
225  676
225  677
225  678
226  680
226  681
226  679
227  682
227  684
227  683
228  685
228  686
228  687
229  688
229  689
229  690
230  692
230  691
230  693
231  696
231  694
231  695
232  697
232  698
232  699
233  700
233  702
233  701
234  704
234  705
234  703
235  706
235  707
235  708
236  710
236  709
236  711
237  712
237  713
237  714
238  715
238  716
238  717
239  720
239  719
239  718
240  721
240  722
240  723
241  724
241  725
241  726
242  728
242  729
242  727
243  730
243  731
243  732
244  733
244  734
244  735
245  736
245  738
245  737
246  739
246  740
246  741
247  744
247  742
247  743
248  745
248  747
248  746
249  748
249  749
249  750
250  752
250  753
250  751
251  754
251  756
251  755
252  757
252  758
252  759
253  760
253  761
253  762
254  764
254  763
254  765
255  768
255  766
255  767
256  769
256  770
256  771
257  772
257  774
257  773
258  776
258  777
258  775
259  778
259  779
259  780
260  782
260  781
260  783
261  784
261  785
261  786
262  787
262  788
262  789
263  792
263  791
263  790
264  793
264  794
264  795
265  796
265  797
265  798
266  800
266  801
266  799
267  802
267  803
267  804
268  805
268  806
268  807
269  808
269  810
269  809
270  811
270  812
270  813
271  816
271  814
271  815
272  817
272  819
272  818
273  820
273  821
273  822
274  824
274  825
274  823
275  827
275  826
275  828
276  829
276  830
276  831
277  832
277  833
277  834
278  836
278  835
278  837
279  840
279  838
279  839
280  841
280  842
280  843
281  844
281  846
281  845
282  848
282  849
282  847
283  850
283  851
283  852
284  854
284  853
284  855
285  856
285  857
285  858
286  859
286  860
286  861
287  864
287  863
287  862
288  865
288  866
288  867
289  868
289  869
289  870
290  872
290  873
290  871
291  874
291  875
291  876
292  877
292  878
292  879
293  880
293  882
293  881
294  883
294  884
294  885
295  888
295  886
295  887
296  889
296  891
296  890
297  892
297  893
297  894
298  896
298  897
298  895
299  900
299  898
299  899
300  901
300  902
300  903
301  904
301  905
301  906
302  908
302  907
302  909
303  912
303  910
303  911
304  913
304  914
304  915
305  916
305  918
305  917
306  920
306  921
306  919
307  922
307  923
307  924
308  927
308  925
308  926
309  928
309  929
309  930
310  931
310  932
310  933
311  936
311  935
311  934
312  937
312  938
312  939
313  940
313  941
313  942
314  944
314  945
314  943
315  946
315  947
315  948
316  949
316  950
316  951
317  952
317  954
317  953
318  955
318  956
318  957
319  960
319  958
319  959
320  961
320  963
320  962
321  964
321  965
321  966
322  968
322  969
322  967
323  970
323  972
323  971
324  973
324  974
324  975
325  976
325  977
325  978
326  980
326  979
326  981
327  984
327  982
327  983
328  985
328  986
328  987
329  988
329  990
329  989
330  992
330  993
330  991
331  994
331  995
331  996
332  998
332  997
332  999
333  1000
333  1001
333  1002
334  1003
334  1004
334  1005
335  1008
335  1007
335  1006
336  1009
336  1010
336  1011
337  1012
337  1013
337  1014
338  1016
338  1017
338  1015
339  1018
339  1019
339  1020
340  1021
340  1022
340  1023
341  1024
341  1026
341  1025
342  1027
342  1028
342  1029
343  1032
343  1030
343  1031
344  1033
344  1035
344  1034
345  1036
345  1037
345  1038
346  1040
346  1041
346  1039
347  1043
347  1042
347  1044
348  1045
348  1046
348  1047
349  1048
349  1049
349  1050
350  1052
350  1051
350  1053
351  1056
351  1054
351  1055
352  1057
352  1058
352  1059
353  1060
353  1062
353  1061
354  1064
354  1065
354  1063
355  1066
355  1067
355  1068
356  1070
356  1069
356  1071
357  1072
357  1073
357  1074
358  1075
358  1076
358  1077
359  1080
359  1079
359  1078
360  1081
360  1082
360  1083
361  1084
361  1085
361  1086
362  1088
362  1089
362  1087
363  1090
363  1091
363  1092
364  1093
364  1094
364  1095
365  1096
365  1098
365  1097
366  1099
366  1100
366  1101
367  1104
367  1102
367  1103
368  1105
368  1107
368  1106
369  1108
369  1109
369  1110
370  1112
370  1113
370  1111
371  1116
371  1114
371  1115
372  1117
372  1118
372  1119
373  1120
373  1121
373  1122
374  1124
374  1123
374  1125
375  1128
375  1126
375  1127
376  1129
376  1130
376  1131
377  1132
377  1134
377  1133
378  1136
378  1137
378  1135
379  1138
379  1139
379  1140
380  1142
380  1141
380  1143
381  1144
381  1145
381  1146
382  1147
382  1148
382  1149
383  1152
383  1151
383  1150
384  1153
384  1154
384  1155
385  1156
385  1157
385  1158
386  1160
386  1161
386  1159
387  1162
387  1163
387  1164
388  1165
388  1166
388  1167
389  1168
389  1170
389  1169
390  1171
390  1172
390  1173
391  1176
391  1174
391  1175
392  1177
392  1179
392  1178
393  1180
393  1181
393  1182
394  1184
394  1185
394  1183
395  1186
395  1188
395  1187
396  1189
396  1190
396  1191
397  1192
397  1193
397  1194
398  1196
398  1195
398  1197
399  1200
399  1198
399  1199
400  1201
400  1202
400  1203
401  1204
401  1206
401  1205
402  1208
402  1209
402  1207
403  1210
403  1211
403  1212
404  1215
404  1213
404  1214
405  1216
405  1217
405  1218
406  1219
406  1220
406  1221
407  1224
407  1223
407  1222
408  1225
408  1226
408  1227
409  1228
409  1229
409  1230
410  1232
410  1233
410  1231
411  1234
411  1235
411  1236
412  1237
412  1238
412  1239
413  1240
413  1242
413  1241
414  1243
414  1244
414  1245
415  1248
415  1246
415  1247
416  1249
416  1251
416  1250
417  1252
417  1253
417  1254
418  1256
418  1257
418  1255
419  1258
419  1260
419  1259
420  1261
420  1262
420  1263
421  1264
421  1265
421  1266
422  1268
422  1267
422  1269
423  1272
423  1270
423  1271
424  1273
424  1274
424  1275
425  1276
425  1278
425  1277
426  1280
426  1281
426  1279
427  1282
427  1283
427  1284
428  1286
428  1285
428  1287
429  1288
429  1289
429  1290
430  1291
430  1292
430  1293
431  1296
431  1295
431  1294
432  1297
432  1298
432  1299
433  1300
433  1301
433  1302
434  1304
434  1305
434  1303
435  1306
435  1307
435  1308
436  1309
436  1310
436  1311
437  1312
437  1314
437  1313
438  1315
438  1316
438  1317
439  1320
439  1318
439  1319
440  1321
440  1323
440  1322
441  1324
441  1325
441  1326
442  1328
442  1329
442  1327
443  1331
443  1330
443  1332
444  1333
444  1334
444  1335
445  1336
445  1337
445  1338
446  1340
446  1339
446  1341
447  1344
447  1342
447  1343
448  1345
448  1346
448  1347
449  1348
449  1350
449  1349
450  1352
450  1353
450  1351
451  1354
451  1355
451  1356
452  1358
452  1357
452  1359
453  1360
453  1361
453  1362
454  1363
454  1364
454  1365
455  1368
455  1367
455  1366
456  1369
456  1370
456  1371
457  1372
457  1373
457  1374
458  1376
458  1377
458  1375
459  1378
459  1379
459  1380
460  1381
460  1382
460  1383
461  1384
461  1386
461  1385
462  1387
462  1388
462  1389
463  1392
463  1390
463  1391
464  1393
464  1395
464  1394
465  1396
465  1397
465  1398
466  1400
466  1401
466  1399
467  1403
467  1402
467  1404
468  1405
468  1406
468  1407
469  1408
469  1409
469  1410
470  1412
470  1411
470  1413
471  1416
471  1414
471  1415
472  1417
472  1418
472  1419
473  1420
473  1422
473  1421
474  1424
474  1425
474  1423
475  1426
475  1427
475  1428
476  1430
476  1429
476  1431
477  1432
477  1433
477  1434
478  1435
478  1436
478  1437
479  1440
479  1439
479  1438
480  1441
480  1442
480  1443
481  1444
481  1445
481  1446
482  1448
482  1449
482  1447
483  1450
483  1451
483  1452
484  1453
484  1454
484  1455
485  1456
485  1458
485  1457
486  1459
486  1460
486  1461
487  1464
487  1462
487  1463
488  1465
488  1467
488  1466
489  1468
489  1469
489  1470
490  1472
490  1473
490  1471
491  1474
491  1476
491  1475
492  1477
492  1478
492  1479
493  1480
493  1481
493  1482
494  1484
494  1483
494  1485
495  1488
495  1486
495  1487
496  1489
496  1490
496  1491
497  1492
497  1494
497  1493
498  1496
498  1497
498  1495
499  1498
499  1499
499  1500
500  1502
500  1501
500  1503
501  1504
501  1505
501  1506
502  1507
502  1508
502  1509
503  1512
503  1511
503  1510
504  1513
504  1514
504  1515
505  1516
505  1517
505  1518
506  1520
506  1521
506  1519
507  1522
507  1523
507  1524
508  1525
508  1526
508  1527
509  1528
509  1530
509  1529
510  1531
510  1532
510  1533
511  1536
511  1534
511  1535
512  1537
512  1539
512  1538
513  1540
513  1541
513  1542
514  1544
514  1545
514  1543
515  1547
515  1546
515  1548
516  1549
516  1550
516  1551
517  1552
517  1553
517  1554
518  1556
518  1555
518  1557
519  1560
519  1558
519  1559
520  1561
520  1562
520  1563
521  1564
521  1566
521  1565
522  1568
522  1569
522  1567
523  1570
523  1571
523  1572
524  1574
524  1573
524  1575
525  1576
525  1577
525  1578
526  1579
526  1580
526  1581
527  1584
527  1583
527  1582
528  1585
528  1586
528  1587
529  1588
529  1589
529  1590
530  1592
530  1593
530  1591
531  1594
531  1595
531  1596
532  1597
532  1598
532  1599
533  1600
533  1602
533  1601
534  1603
534  1604
534  1605
535  1608
535  1606
535  1607
536  1609
536  1611
536  1610
537  1612
537  1613
537  1614
538  1616
538  1617
538  1615
539  1620
539  1618
539  1619
540  1621
540  1622
540  1623
541  1624
541  1625
541  1626
542  1628
542  1627
542  1629
543  1632
543  1630
543  1631
544  1633
544  1634
544  1635
545  1636
545  1638
545  1637
546  1640
546  1641
546  1639
547  1642
547  1643
547  1644
548  1646
548  1645
548  1647
549  1648
549  1649
549  1650
550  1651
550  1652
550  1653
551  1656
551  1655
551  1654
552  1657
552  1658
552  1659
553  1660
553  1661
553  1662
554  1664
554  1665
554  1663
555  1666
555  1667
555  1668
556  1669
556  1670
556  1671
557  1672
557  1674
557  1673
558  1675
558  1676
558  1677
559  1680
559  1678
559  1679
560  1681
560  1683
560  1682
561  1684
561  1685
561  1686
562  1688
562  1689
562  1687
563  1692
563  1690
563  1691
564  1693
564  1694
564  1695
565  1696
565  1697
565  1698
566  1700
566  1699
566  1701
567  1704
567  1702
567  1703
568  1705
568  1706
568  1707
569  1708
569  1710
569  1709
570  1712
570  1713
570  1711
571  1714
571  1715
571  1716
572  1719
572  1717
572  1718
573  1720
573  1721
573  1722
574  1723
574  1724
574  1725
575  1728
575  1727
575  1726
576  1729
576  1730
576  1731
577  1732
577  1733
577  1734
578  1736
578  1737
578  1735
579  1738
579  1739
579  1740
580  1741
580  1742
580  1743
581  1744
581  1746
581  1745
582  1747
582  1748
582  1749
583  1752
583  1750
583  1751
584  1753
584  1755
584  1754
585  1756
585  1757
585  1758
586  1760
586  1761
586  1759
587  1762
587  1764
587  1763
588  1765
588  1766
588  1767
589  1768
589  1769
589  1770
590  1772
590  1771
590  1773
591  1776
591  1774
591  1775
592  1777
592  1778
592  1779
593  1780
593  1782
593  1781
594  1784
594  1785
594  1783
595  1786
595  1787
595  1788
596  1790
596  1789
596  1791
597  1792
597  1793
597  1794
598  1795
598  1796
598  1797
599  1800
599  1799
599  1798
600  1801
600  1802
600  1803
601  1804
601  1805
601  1806
602  1808
602  1809
602  1807
603  1810
603  1811
603  1812
604  1813
604  1814
604  1815
605  1816
605  1818
605  1817
606  1819
606  1820
606  1821
607  1824
607  1822
607  1823
608  1825
608  1827
608  1826
609  1828
609  1829
609  1830
610  1832
610  1833
610  1831
611  1835
611  1834
611  1836
612  1837
612  1838
612  1839
613  1840
613  1841
613  1842
614  1844
614  1843
614  1845
615  1848
615  1846
615  1847
616  1849
616  1850
616  1851
617  1852
617  1854
617  1853
618  1856
618  1857
618  1855
619  1858
619  1859
619  1860
620  1862
620  1861
620  1863
621  1864
621  1865
621  1866
622  1867
622  1868
622  1869
623  1872
623  1871
623  1870
624  1873
624  1874
624  1875
625  1876
625  1877
625  1878
626  1880
626  1881
626  1879
627  1882
627  1883
627  1884
628  1885
628  1886
628  1887
629  1888
629  1890
629  1889
630  1891
630  1892
630  1893
631  1896
631  1894
631  1895
632  1897
632  1899
632  1898
633  1900
633  1901
633  1902
634  1904
634  1905
634  1903
635  1907
635  1906
635  1908
636  1909
636  1910
636  1911
637  1912
637  1913
637  1914
638  1916
638  1915
638  1917
639  1920
639  1918
639  1919
640  1921
640  1922
640  1923
641  1924
641  1926
641  1925
642  1928
642  1929
642  1927
643  1930
643  1931
643  1932
644  1934
644  1933
644  1935
645  1936
645  1937
645  1938
646  1939
646  1940
646  1941
647  1944
647  1943
647  1942
648  1945
648  1946
648  1947
649  1948
649  1949
649  1950
650  1952
650  1953
650  1951
651  1954
651  1955
651  1956
652  1957
652  1958
652  1959
653  1960
653  1962
653  1961
654  1963
654  1964
654  1965
655  1968
655  1966
655  1967
656  1969
656  1971
656  1970
657  1972
657  1973
657  1974
658  1976
658  1977
658  1975
659  1978
659  1980
659  1979
660  1981
660  1982
660  1983
661  1984
661  1985
661  1986
662  1988
662  1987
662  1989
663  1992
663  1990
663  1991
664  1993
664  1994
664  1995
665  1996
665  1998
665  1997
666  1999
