0  1
0  2
0  3
0  4
0  5
1  6
1  7
1  8
1  9
1  10
2  11
2  12
2  13
2  14
2  15
3  16
3  17
3  18
3  19
3  20
4  21
4  22
4  23
4  24
4  25
5  26
5  27
5  28
5  29
5  30
6  32
6  34
6  35
6  33
6  31
7  36
7  37
7  38
7  39
7  40
8  41
8  42
8  43
8  44
8  45
9  46
9  47
9  48
9  49
9  50
10  51
10  52
10  53
10  54
10  55
11  56
11  57
11  58
11  59
11  60
12  64
12  65
12  61
12  62
12  63
13  67
13  68
13  69
13  70
13  66
14  71
14  72
14  73
14  74
14  75
15  76
15  77
15  78
15  79
15  80
16  81
16  82
16  83
16  84
16  85
17  86
17  87
17  88
17  89
17  90
18  91
18  92
18  93
18  94
18  95
19  96
19  97
19  98
19  100
19  99
20  101
20  102
20  103
20  104
20  105
21  106
21  107
21  108
21  109
21  110
22  111
22  112
22  113
22  114
22  115
23  116
23  117
23  118
23  119
23  120
24  121
24  122
24  123
24  124
24  125
25  128
25  129
25  130
25  126
25  127
26  131
26  132
26  134
26  135
26  133
27  136
27  137
27  138
27  139
27  140
28  141
28  142
28  143
28  144
28  145
29  146
29  147
29  148
29  149
29  150
30  151
30  152
30  153
30  154
30  155
31  160
31  156
31  157
31  158
31  159
32  161
32  162
32  163
32  164
32  165
33  166
33  167
33  168
33  169
33  170
34  171
34  172
34  173
34  174
34  175
35  176
35  177
35  178
35  179
35  180
36  181
36  182
36  183
36  184
36  185
37  186
37  187
37  188
37  189
37  190
38  192
38  193
38  194
38  195
38  191
39  196
39  197
39  198
39  199
39  200
40  201
40  202
40  203
40  204
40  205
41  206
41  207
41  208
41  209
41  210
42  211
42  212
42  213
42  214
42  215
43  216
43  217
43  218
43  219
43  220
44  224
44  225
44  221
44  222
44  223
45  226
45  227
45  228
45  229
45  230
46  231
46  232
46  234
46  235
46  233
47  236
47  237
47  238
47  239
47  240
48  241
48  242
48  243
48  244
48  245
49  246
49  247
49  248
49  249
49  250
50  251
50  252
50  253
50  254
50  255
51  256
51  257
51  258
51  259
51  260
52  261
52  262
52  263
52  264
52  265
53  267
53  268
53  269
53  270
53  266
54  271
54  272
54  273
54  274
54  275
55  276
55  277
55  278
55  279
55  280
56  281
56  282
56  283
56  284
56  285
57  288
57  289
57  290
57  286
57  287
58  291
58  292
58  293
58  294
58  295
59  299
59  296
59  297
59  298
59  300
60  301
60  302
60  303
60  304
60  305
61  306
61  307
61  308
61  309
61  310
62  311
62  312
62  313
62  314
62  315
63  320
63  316
63  317
63  318
63  319
64  321
64  322
64  323
64  324
64  325
65  326
65  327
65  328
65  329
65  330
66  331
66  332
66  334
66  335
66  333
67  336
67  337
67  338
67  339
67  340
68  341
68  342
68  343
68  344
68  345
69  346
69  347
69  348
69  349
69  350
70  352
70  353
70  354
70  355
70  351
71  356
71  357
71  358
71  359
71  360
72  361
72  362
72  363
72  364
72  365
73  366
73  367
73  368
73  369
73  370
74  371
74  372
74  373
74  374
74  375
75  376
75  377
75  378
75  379
75  380
76  384
76  385
76  381
76  382
76  383
77  386
77  387
77  388
77  389
77  390
78  391
78  392
78  393
78  394
78  395
79  396
79  397
79  398
79  399
79  400
80  401
80  402
80  403
80  404
80  405
81  406
81  407
81  408
81  409
81  410
82  411
82  412
82  413
82  414
82  415
83  416
83  417
83  418
83  419
83  420
84  421
84  422
84  423
84  424
84  425
85  426
85  427
85  428
85  429
85  430
86  433
86  431
86  432
86  434
86  435
87  436
87  437
87  438
87  439
87  440
88  441
88  442
88  443
88  444
88  445
89  448
89  449
89  450
89  446
89  447
90  451
90  452
90  453
90  454
90  455
91  456
91  457
91  458
91  459
91  460
92  461
92  462
92  463
92  464
92  465
93  466
93  467
93  468
93  469
93  470
94  471
94  472
94  473
94  474
94  475
95  480
95  476
95  477
95  478
95  479
96  481
96  482
96  483
96  484
96  485
97  486
97  487
97  488
97  489
97  490
98  491
98  492
98  493
98  494
98  495
99  499
99  496
99  497
99  498
99  500
100  501
100  502
100  503
100  504
100  505
101  506
101  507
101  508
101  509
101  510
102  512
102  513
102  514
102  515
102  511
103  516
103  517
103  518
103  519
103  520
104  521
104  522
104  523
104  524
104  525
105  526
105  527
105  528
105  529
105  530
106  531
106  532
106  534
106  535
106  533
107  536
107  537
107  538
107  539
107  540
108  544
108  545
108  541
108  542
108  543
109  546
109  547
109  548
109  549
109  550
110  551
110  552
110  553
110  554
110  555
111  556
111  557
111  558
111  559
111  560
112  561
112  562
112  563
112  564
112  565
113  566
113  567
113  568
113  569
113  570
114  571
114  572
114  573
114  574
114  575
115  576
115  577
115  578
115  579
115  580
116  581
116  582
116  583
116  584
116  585
117  586
117  587
117  588
117  589
117  590
118  591
118  592
118  593
118  594
118  595
119  596
119  597
119  598
119  599
119  600
120  601
120  602
120  603
120  604
120  605
121  608
121  609
121  610
121  606
121  607
122  611
122  612
122  613
122  614
122  615
123  616
123  617
123  618
123  619
123  620
124  621
124  622
124  623
124  624
124  625
125  626
125  627
125  628
125  629
125  630
126  631
126  633
126  632
126  634
126  635
127  640
127  636
127  637
127  638
127  639
128  641
128  642
128  643
128  644
128  645
129  646
129  647
129  648
129  649
129  650
130  651
130  652
130  653
130  654
130  655
131  656
131  657
131  658
131  659
131  660
132  661
132  662
132  663
132  664
132  665
133  669
133  667
133  668
133  666
133  670
134  672
134  673
134  674
134  675
134  671
135  676
135  677
135  678
135  679
135  680
136  681
136  682
136  683
136  684
136  685
137  686
137  687
137  688
137  689
137  690
138  691
138  692
138  693
138  694
138  695
139  699
139  696
139  697
139  698
139  700
140  704
140  705
140  701
140  702
140  703
141  706
141  707
141  708
141  709
141  710
142  711
142  712
142  713
142  714
142  715
143  716
143  717
143  718
143  719
143  720
144  721
144  722
144  723
144  724
144  725
145  726
145  727
145  728
145  729
145  730
146  733
146  731
146  732
146  734
146  735
147  736
147  737
147  738
147  739
147  740
148  741
148  742
148  743
148  744
148  745
149  746
149  747
149  748
149  749
149  750
150  751
150  752
150  753
150  754
150  755
151  756
151  757
151  758
151  759
151  760
152  761
152  762
152  763
152  764
152  765
153  768
153  769
153  770
153  766
153  767
154  771
154  772
154  773
154  774
154  775
155  776
155  777
155  778
155  779
155  780
156  781
156  782
156  783
156  784
156  785
157  786
157  787
157  788
157  789
157  790
158  791
158  792
158  793
158  794
158  795
159  800
159  796
159  797
159  798
159  799
160  801
160  802
160  803
160  804
160  805
161  806
161  807
161  808
161  809
161  810
162  811
162  812
162  813
162  814
162  815
163  816
163  817
163  818
163  819
163  820
164  821
164  822
164  823
164  824
164  825
165  826
165  827
165  828
165  829
165  830
166  832
166  834
166  835
166  833
166  831
167  836
167  837
167  838
167  839
167  840
168  841
168  842
168  843
168  844
168  845
169  846
169  847
169  848
169  849
169  850
170  851
170  852
170  853
170  854
170  855
171  856
171  857
171  858
171  859
171  860
172  864
172  865
172  861
172  862
172  863
173  867
173  868
173  869
173  870
173  866
174  871
174  872
174  873
174  874
174  875
175  876
175  877
175  878
175  879
175  880
176  881
176  882
176  883
176  884
176  885
177  886
177  887
177  888
177  889
177  890
178  891
178  892
178  893
178  894
178  895
179  896
179  897
179  898
179  900
179  899
180  901
180  902
180  903
180  904
180  905
181  906
181  907
181  908
181  909
181  910
182  911
182  912
182  913
182  914
182  915
183  916
183  917
183  918
183  919
183  920
184  921
184  922
184  923
184  924
184  925
185  928
185  929
185  930
185  926
185  927
186  931
186  932
186  934
186  935
186  933
187  936
187  937
187  938
187  939
187  940
188  941
188  942
188  943
188  944
188  945
189  946
189  947
189  948
189  949
189  950
190  951
190  952
190  953
190  954
190  955
191  960
191  956
191  957
191  958
191  959
192  961
192  962
192  963
192  964
192  965
193  966
193  967
193  968
193  969
193  970
194  971
194  972
194  973
194  974
194  975
195  976
195  977
195  978
195  979
195  980
196  981
196  982
196  983
196  984
196  985
197  986
197  987
197  988
197  989
197  990
198  992
198  993
198  994
198  995
198  991
199  996
199  997
199  998
199  999
199  1000
200  1001
200  1002
200  1003
200  1004
200  1005
201  1006
201  1007
201  1008
201  1009
201  1010
202  1011
202  1012
202  1013
202  1014
202  1015
203  1016
203  1017
203  1018
203  1019
203  1020
204  1024
204  1025
204  1021
204  1022
204  1023
205  1026
205  1027
205  1028
205  1029
205  1030
206  1031
206  1032
206  1034
206  1035
206  1033
207  1036
207  1037
207  1038
207  1039
207  1040
208  1041
208  1042
208  1043
208  1044
208  1045
209  1046
209  1047
209  1048
209  1049
209  1050
210  1051
210  1052
210  1053
210  1054
210  1055
211  1056
211  1057
211  1058
211  1059
211  1060
212  1061
212  1062
212  1063
212  1064
212  1065
213  1067
213  1068
213  1069
213  1070
213  1066
214  1071
214  1072
214  1073
214  1074
214  1075
215  1076
215  1077
215  1078
215  1079
215  1080
216  1081
216  1082
216  1083
216  1084
216  1085
217  1088
217  1089
217  1090
217  1086
217  1087
218  1091
218  1092
218  1093
218  1094
218  1095
219  1099
219  1096
219  1097
219  1098
219  1100
220  1101
220  1102
220  1103
220  1104
220  1105
221  1106
221  1107
221  1108
221  1109
221  1110
222  1111
222  1112
222  1113
222  1114
222  1115
223  1120
223  1116
223  1117
223  1118
223  1119
224  1121
224  1122
224  1123
224  1124
224  1125
225  1126
225  1127
225  1128
225  1129
225  1130
226  1133
226  1131
226  1132
226  1134
226  1135
227  1136
227  1137
227  1138
227  1139
227  1140
228  1141
228  1142
228  1143
228  1144
228  1145
229  1146
229  1147
229  1148
229  1149
229  1150
230  1152
230  1153
230  1154
230  1155
230  1151
231  1156
231  1157
231  1158
231  1159
231  1160
232  1161
232  1162
232  1163
232  1164
232  1165
233  1166
233  1167
233  1168
233  1169
233  1170
234  1171
234  1172
234  1173
234  1174
234  1175
235  1176
235  1177
235  1178
235  1179
235  1180
236  1184
236  1185
236  1181
236  1182
236  1183
237  1186
237  1187
237  1188
237  1189
237  1190
238  1191
238  1192
238  1193
238  1194
238  1195
239  1196
239  1197
239  1198
239  1199
239  1200
240  1201
240  1202
240  1203
240  1204
240  1205
241  1206
241  1207
241  1208
241  1209
241  1210
242  1211
242  1212
242  1213
242  1214
242  1215
243  1216
243  1217
243  1218
243  1219
243  1220
244  1221
244  1222
244  1223
244  1224
244  1225
245  1226
245  1227
245  1228
245  1229
245  1230
246  1233
246  1231
246  1232
246  1234
246  1235
247  1236
247  1237
247  1238
247  1239
247  1240
248  1241
248  1242
248  1243
248  1244
248  1245
249  1248
249  1249
249  1250
249  1246
249  1247
250  1251
250  1252
250  1253
250  1254
250  1255
251  1256
251  1257
251  1258
251  1259
251  1260
252  1261
252  1262
252  1263
252  1264
252  1265
253  1266
253  1267
253  1268
253  1269
253  1270
254  1271
254  1272
254  1273
254  1274
254  1275
255  1280
255  1276
255  1277
255  1278
255  1279
256  1281
256  1282
256  1283
256  1284
256  1285
257  1286
257  1287
257  1288
257  1289
257  1290
258  1291
258  1292
258  1293
258  1294
258  1295
259  1299
259  1296
259  1297
259  1298
259  1300
260  1301
260  1302
260  1303
260  1304
260  1305
261  1306
261  1307
261  1308
261  1309
261  1310
262  1312
262  1313
262  1314
262  1315
262  1311
263  1316
263  1317
263  1318
263  1319
263  1320
264  1321
264  1322
264  1323
264  1324
264  1325
265  1326
265  1327
265  1328
265  1329
265  1330
266  1331
266  1332
266  1334
266  1335
266  1333
267  1336
267  1337
267  1338
267  1339
267  1340
268  1344
268  1345
268  1341
268  1342
268  1343
269  1346
269  1347
269  1348
269  1349
269  1350
270  1351
270  1352
270  1353
270  1354
270  1355
271  1356
271  1357
271  1358
271  1359
271  1360
272  1361
272  1362
272  1363
272  1364
272  1365
273  1366
273  1367
273  1368
273  1369
273  1370
274  1371
274  1372
274  1373
274  1374
274  1375
275  1376
275  1377
275  1378
275  1379
275  1380
276  1381
276  1382
276  1383
276  1384
276  1385
277  1386
277  1387
277  1388
277  1389
277  1390
278  1391
278  1392
278  1393
278  1394
278  1395
279  1396
279  1397
279  1398
279  1399
279  1400
280  1401
280  1402
280  1403
280  1404
280  1405
281  1408
281  1409
281  1410
281  1406
281  1407
282  1411
282  1412
282  1413
282  1414
282  1415
283  1416
283  1417
283  1418
283  1419
283  1420
284  1421
284  1422
284  1423
284  1424
284  1425
285  1426
285  1427
285  1428
285  1429
285  1430
286  1431
286  1433
286  1432
286  1434
286  1435
287  1440
287  1436
287  1437
287  1438
287  1439
288  1441
288  1442
288  1443
288  1444
288  1445
289  1446
289  1447
289  1448
289  1449
289  1450
290  1451
290  1452
290  1453
290  1454
290  1455
291  1456
291  1457
291  1458
291  1459
291  1460
292  1461
292  1462
292  1463
292  1464
292  1465
293  1469
293  1467
293  1468
293  1466
293  1470
294  1472
294  1473
294  1474
294  1475
294  1471
295  1476
295  1477
295  1478
295  1479
295  1480
296  1481
296  1482
296  1483
296  1484
296  1485
297  1486
297  1487
297  1488
297  1489
297  1490
298  1491
298  1492
298  1493
298  1494
298  1495
299  1499
299  1496
299  1497
299  1498
299  1500
300  1504
300  1505
300  1501
300  1502
300  1503
301  1506
301  1507
301  1508
301  1509
301  1510
302  1511
302  1512
302  1513
302  1514
302  1515
303  1516
303  1517
303  1518
303  1519
303  1520
304  1521
304  1522
304  1523
304  1524
304  1525
305  1526
305  1527
305  1528
305  1529
305  1530
306  1533
306  1531
306  1532
306  1534
306  1535
307  1536
307  1537
307  1538
307  1539
307  1540
308  1541
308  1542
308  1543
308  1544
308  1545
309  1546
309  1547
309  1548
309  1549
309  1550
310  1551
310  1552
310  1553
310  1554
310  1555
311  1556
311  1557
311  1558
311  1559
311  1560
312  1561
312  1562
312  1563
312  1564
312  1565
313  1568
313  1569
313  1570
313  1566
313  1567
314  1571
314  1572
314  1573
314  1574
314  1575
315  1576
315  1577
315  1578
315  1579
315  1580
316  1581
316  1582
316  1583
316  1584
316  1585
317  1586
317  1587
317  1588
317  1589
317  1590
318  1591
318  1592
318  1593
318  1594
318  1595
319  1600
319  1596
319  1597
319  1598
319  1599
320  1601
320  1602
320  1603
320  1604
320  1605
321  1606
321  1607
321  1608
321  1609
321  1610
322  1611
322  1612
322  1613
322  1614
322  1615
323  1616
323  1617
323  1618
323  1619
323  1620
324  1621
324  1622
324  1623
324  1624
324  1625
325  1626
325  1627
325  1628
325  1629
325  1630
326  1632
326  1634
326  1635
326  1633
326  1631
327  1636
327  1637
327  1638
327  1639
327  1640
328  1641
328  1642
328  1643
328  1644
328  1645
329  1646
329  1647
329  1648
329  1649
329  1650
330  1651
330  1652
330  1653
330  1654
330  1655
331  1656
331  1657
331  1658
331  1659
331  1660
332  1664
332  1665
332  1661
332  1662
332  1663
333  1667
333  1668
333  1669
333  1670
333  1666
334  1671
334  1672
334  1673
334  1674
334  1675
335  1676
335  1677
335  1678
335  1679
335  1680
336  1681
336  1682
336  1683
336  1684
336  1685
337  1686
337  1687
337  1688
337  1689
337  1690
338  1691
338  1692
338  1693
338  1694
338  1695
339  1696
339  1697
339  1698
339  1700
339  1699
340  1701
340  1702
340  1703
340  1704
340  1705
341  1706
341  1707
341  1708
341  1709
341  1710
342  1711
342  1712
342  1713
342  1714
342  1715
343  1716
343  1717
343  1718
343  1719
343  1720
344  1721
344  1722
344  1723
344  1724
344  1725
345  1728
345  1729
345  1730
345  1726
345  1727
346  1731
346  1732
346  1734
346  1735
346  1733
347  1736
347  1737
347  1738
347  1739
347  1740
348  1741
348  1742
348  1743
348  1744
348  1745
349  1746
349  1747
349  1748
349  1749
349  1750
350  1751
350  1752
350  1753
350  1754
350  1755
351  1760
351  1756
351  1757
351  1758
351  1759
352  1761
352  1762
352  1763
352  1764
352  1765
353  1766
353  1767
353  1768
353  1769
353  1770
354  1771
354  1772
354  1773
354  1774
354  1775
355  1776
355  1777
355  1778
355  1779
355  1780
356  1781
356  1782
356  1783
356  1784
356  1785
357  1786
357  1787
357  1788
357  1789
357  1790
358  1792
358  1793
358  1794
358  1795
358  1791
359  1796
359  1797
359  1798
359  1799
359  1800
360  1801
360  1802
360  1803
360  1804
360  1805
361  1806
361  1807
361  1808
361  1809
361  1810
362  1811
362  1812
362  1813
362  1814
362  1815
363  1816
363  1817
363  1818
363  1819
363  1820
364  1824
364  1825
364  1821
364  1822
364  1823
365  1826
365  1827
365  1828
365  1829
365  1830
366  1831
366  1832
366  1834
366  1835
366  1833
367  1836
367  1837
367  1838
367  1839
367  1840
368  1841
368  1842
368  1843
368  1844
368  1845
369  1846
369  1847
369  1848
369  1849
369  1850
370  1851
370  1852
370  1853
370  1854
370  1855
371  1856
371  1857
371  1858
371  1859
371  1860
372  1861
372  1862
372  1863
372  1864
372  1865
373  1867
373  1868
373  1869
373  1870
373  1866
374  1871
374  1872
374  1873
374  1874
374  1875
375  1876
375  1877
375  1878
375  1879
375  1880
376  1881
376  1882
376  1883
376  1884
376  1885
377  1888
377  1889
377  1890
377  1886
377  1887
378  1891
378  1892
378  1893
378  1894
378  1895
379  1899
379  1896
379  1897
379  1898
379  1900
380  1901
380  1902
380  1903
380  1904
380  1905
381  1906
381  1907
381  1908
381  1909
381  1910
382  1911
382  1912
382  1913
382  1914
382  1915
383  1920
383  1916
383  1917
383  1918
383  1919
384  1921
384  1922
384  1923
384  1924
384  1925
385  1926
385  1927
385  1928
385  1929
385  1930
386  1933
386  1931
386  1932
386  1934
386  1935
387  1936
387  1937
387  1938
387  1939
387  1940
388  1941
388  1942
388  1943
388  1944
388  1945
389  1946
389  1947
389  1948
389  1949
389  1950
390  1952
390  1953
390  1954
390  1955
390  1951
391  1956
391  1957
391  1958
391  1959
391  1960
392  1961
392  1962
392  1963
392  1964
392  1965
393  1966
393  1967
393  1968
393  1969
393  1970
394  1971
394  1972
394  1973
394  1974
394  1975
395  1976
395  1977
395  1978
395  1979
395  1980
396  1984
396  1985
396  1981
396  1982
396  1983
397  1986
397  1987
397  1988
397  1989
397  1990
398  1991
398  1992
398  1993
398  1994
398  1995
399  1999
399  1996
399  1997
399  1998
