0  1
0  2
0  3
0  4
0  5
0  6
1  7
1  8
1  9
1  10
1  11
1  12
2  13
2  14
2  15
2  16
2  17
2  18
3  19
3  20
3  21
3  22
3  23
3  24
4  25
4  26
4  27
4  28
4  29
4  30
5  32
5  34
5  35
5  36
5  33
5  31
6  37
6  38
6  39
6  40
6  41
6  42
7  43
7  44
7  45
7  46
7  47
7  48
8  49
8  50
8  51
8  52
8  53
8  54
9  55
9  56
9  57
9  58
9  59
9  60
10  64
10  66
10  65
10  61
10  62
10  63
11  67
11  68
11  69
11  70
11  71
11  72
12  73
12  74
12  75
12  76
12  77
12  78
13  79
13  80
13  81
13  82
13  83
13  84
14  85
14  86
14  87
14  88
14  89
14  90
15  96
15  91
15  92
15  93
15  94
15  95
16  97
16  99
16  100
16  101
16  102
16  98
17  103
17  104
17  105
17  106
17  107
17  108
18  109
18  110
18  111
18  112
18  113
18  114
19  115
19  116
19  117
19  118
19  119
19  120
20  121
20  122
20  123
20  124
20  125
20  126
21  128
21  129
21  130
21  132
21  131
21  127
22  133
22  134
22  135
22  136
22  137
22  138
23  139
23  140
23  141
23  142
23  143
23  144
24  145
24  146
24  147
24  148
24  149
24  150
25  151
25  152
25  153
25  154
25  155
25  156
26  160
26  161
26  162
26  157
26  158
26  159
27  163
27  164
27  165
27  166
27  167
27  168
28  169
28  170
28  171
28  172
28  173
28  174
29  175
29  176
29  177
29  178
29  179
29  180
30  181
30  182
30  183
30  184
30  185
30  186
31  192
31  187
31  188
31  189
31  190
31  191
32  193
32  194
32  195
32  196
32  198
32  197
33  199
33  200
33  201
33  202
33  203
33  204
34  205
34  206
34  207
34  208
34  209
34  210
35  211
35  212
35  213
35  214
35  215
35  216
36  217
36  218
36  219
36  220
36  221
36  222
37  224
37  225
37  226
37  227
37  228
37  223
38  229
38  230
38  231
38  232
38  233
38  234
39  235
39  236
39  237
39  238
39  239
39  240
40  241
40  242
40  243
40  244
40  245
40  246
41  247
41  248
41  249
41  250
41  251
41  252
42  256
42  257
42  258
42  253
42  254
42  255
43  259
43  260
43  261
43  262
43  263
43  264
44  265
44  266
44  267
44  268
44  269
44  270
45  271
45  272
45  273
45  274
45  275
45  276
46  277
46  278
46  279
46  280
46  281
46  282
47  288
47  283
47  284
47  285
47  286
47  287
48  289
48  290
48  291
48  292
48  293
48  294
49  295
49  297
49  298
49  299
49  300
49  296
50  301
50  302
50  303
50  304
50  305
50  306
51  307
51  308
51  309
51  310
51  311
51  312
52  313
52  314
52  315
52  316
52  317
52  318
53  320
53  321
53  322
53  323
53  324
53  319
54  325
54  326
54  327
54  329
54  330
54  328
55  331
55  332
55  333
55  334
55  335
55  336
56  337
56  338
56  339
56  340
56  341
56  342
57  343
57  344
57  345
57  346
57  347
57  348
58  352
58  353
58  354
58  349
58  350
58  351
59  355
59  356
59  357
59  358
59  359
59  360
60  362
60  363
60  364
60  365
60  366
60  361
61  367
61  368
61  369
61  370
61  371
61  372
62  373
62  374
62  375
62  376
62  377
62  378
63  384
63  379
63  380
63  381
63  382
63  383
64  385
64  386
64  387
64  388
64  389
64  390
65  391
65  392
65  393
65  395
65  396
65  394
66  397
66  398
66  399
66  400
66  401
66  402
67  403
67  404
67  405
67  406
67  407
67  408
68  409
68  410
68  411
68  412
68  413
68  414
69  416
69  417
69  418
69  419
69  420
69  415
70  421
70  422
70  423
70  424
70  425
70  426
71  427
71  428
71  429
71  430
71  431
71  432
72  433
72  434
72  435
72  436
72  437
72  438
73  439
73  440
73  441
73  442
73  443
73  444
74  448
74  449
74  450
74  445
74  446
74  447
75  451
75  452
75  453
75  454
75  455
75  456
76  457
76  458
76  459
76  461
76  462
76  460
77  463
77  464
77  465
77  466
77  467
77  468
78  469
78  470
78  471
78  472
78  473
78  474
79  480
79  475
79  476
79  477
79  478
79  479
80  481
80  482
80  483
80  484
80  485
80  486
81  487
81  488
81  489
81  490
81  491
81  492
82  494
82  495
82  496
82  497
82  498
82  493
83  499
83  500
83  501
83  502
83  503
83  504
84  505
84  506
84  507
84  508
84  509
84  510
85  512
85  513
85  514
85  515
85  516
85  511
86  517
86  518
86  519
86  520
86  521
86  522
87  523
87  524
87  525
87  526
87  527
87  528
88  529
88  530
88  531
88  532
88  533
88  534
89  535
89  536
89  537
89  538
89  539
89  540
90  544
90  545
90  546
90  541
90  542
90  543
91  547
91  548
91  549
91  550
91  551
91  552
92  553
92  554
92  555
92  556
92  557
92  558
93  559
93  560
93  561
93  562
93  563
93  564
94  565
94  566
94  567
94  568
94  569
94  570
95  576
95  571
95  572
95  573
95  574
95  575
96  577
96  578
96  579
96  580
96  581
96  582
97  583
97  584
97  585
97  586
97  587
97  588
98  589
98  590
98  591
98  592
98  593
98  594
99  595
99  596
99  597
99  598
99  599
99  600
100  601
100  602
100  603
100  604
100  605
100  606
101  608
101  609
101  610
101  611
101  612
101  607
102  613
102  614
102  615
102  616
102  617
102  618
103  619
103  620
103  621
103  622
103  623
103  624
104  625
104  626
104  627
104  628
104  629
104  630
105  631
105  632
105  633
105  634
105  635
105  636
106  640
106  641
106  642
106  637
106  638
106  639
107  643
107  644
107  645
107  646
107  647
107  648
108  649
108  650
108  651
108  652
108  653
108  654
109  655
109  656
109  657
109  658
109  659
109  660
110  661
110  662
110  663
110  664
110  665
110  666
111  672
111  667
111  668
111  669
111  670
111  671
112  673
112  674
112  675
112  676
112  677
112  678
113  679
113  680
113  681
113  682
113  683
113  684
114  685
114  686
114  687
114  688
114  689
114  690
115  692
115  691
115  694
115  695
115  696
115  693
116  697
116  698
116  699
116  700
116  701
116  702
117  704
117  705
117  706
117  707
117  708
117  703
118  709
118  710
118  711
118  712
118  713
118  714
119  715
119  716
119  717
119  718
119  719
119  720
120  723
120  721
120  722
120  724
120  725
120  726
121  727
121  728
121  729
121  730
121  731
121  732
122  736
122  737
122  738
122  733
122  734
122  735
123  739
123  740
123  741
123  742
123  743
123  744
124  745
124  746
124  747
124  748
124  749
124  750
125  751
125  752
125  753
125  754
125  755
125  756
126  757
126  758
126  759
126  760
126  761
126  762
127  768
127  763
127  764
127  765
127  766
127  767
128  769
128  770
128  771
128  772
128  773
128  774
129  775
129  776
129  777
129  778
129  779
129  780
130  781
130  782
130  783
130  784
130  785
130  786
131  787
131  788
131  790
131  791
131  792
131  789
132  793
132  794
132  795
132  796
132  797
132  798
133  800
133  801
133  802
133  803
133  804
133  799
134  805
134  806
134  807
134  808
134  809
134  810
135  811
135  812
135  813
135  814
135  815
135  816
136  817
136  818
136  819
136  820
136  821
136  822
137  823
137  824
137  825
137  826
137  827
137  828
138  832
138  833
138  834
138  829
138  830
138  831
139  835
139  836
139  837
139  838
139  839
139  840
140  841
140  842
140  843
140  844
140  845
140  846
141  847
141  848
141  849
141  850
141  851
141  852
142  853
142  854
142  855
142  856
142  857
142  858
143  864
143  859
143  860
143  861
143  862
143  863
144  865
144  866
144  867
144  868
144  869
144  870
145  871
145  872
145  873
145  874
145  875
145  876
146  877
146  878
146  879
146  880
146  881
146  882
147  883
147  884
147  885
147  886
147  887
147  888
148  889
148  890
148  891
148  892
148  893
148  894
149  896
149  897
149  898
149  899
149  900
149  895
150  901
150  902
150  903
150  904
150  905
150  906
151  907
151  908
151  909
151  910
151  911
151  912
152  913
152  914
152  915
152  916
152  917
152  918
153  919
153  920
153  921
153  922
153  923
153  924
154  928
154  929
154  930
154  925
154  926
154  927
155  931
155  932
155  933
155  934
155  935
155  936
156  937
156  938
156  939
156  940
156  941
156  942
157  943
157  944
157  945
157  946
157  947
157  948
158  949
158  950
158  951
158  952
158  953
158  954
159  960
159  955
159  956
159  957
159  958
159  959
160  961
160  962
160  963
160  964
160  965
160  966
161  967
161  968
161  969
161  970
161  971
161  972
162  973
162  974
162  975
162  976
162  977
162  978
163  979
163  980
163  981
163  982
163  983
163  984
164  987
164  985
164  986
164  988
164  989
164  990
165  992
165  993
165  994
165  995
165  996
165  991
166  997
166  998
166  999
166  1000
166  1001
166  1002
167  1003
167  1004
167  1005
167  1006
167  1007
167  1008
168  1009
168  1010
168  1011
168  1012
168  1013
168  1014
169  1015
169  1016
169  1017
169  1018
169  1019
169  1020
170  1024
170  1025
170  1026
170  1021
170  1022
170  1023
171  1027
171  1028
171  1029
171  1030
171  1031
171  1032
172  1033
172  1034
172  1035
172  1036
172  1037
172  1038
173  1039
173  1040
173  1041
173  1042
173  1043
173  1044
174  1045
174  1046
174  1047
174  1048
174  1049
174  1050
175  1056
175  1051
175  1052
175  1053
175  1054
175  1055
176  1057
176  1058
176  1059
176  1060
176  1061
176  1062
177  1063
177  1064
177  1065
177  1066
177  1067
177  1068
178  1069
178  1070
178  1071
178  1072
178  1073
178  1074
179  1075
179  1076
179  1077
179  1078
179  1079
179  1080
180  1081
180  1082
180  1083
180  1084
180  1085
180  1086
181  1088
181  1089
181  1090
181  1091
181  1092
181  1087
182  1093
182  1094
182  1095
182  1096
182  1097
182  1098
183  1099
183  1100
183  1101
183  1102
183  1103
183  1104
184  1105
184  1106
184  1107
184  1108
184  1109
184  1110
185  1111
185  1112
185  1113
185  1114
185  1115
185  1116
186  1120
186  1121
186  1122
186  1117
186  1118
186  1119
187  1123
187  1124
187  1125
187  1126
187  1127
187  1128
188  1129
188  1130
188  1131
188  1132
188  1133
188  1134
189  1135
189  1136
189  1137
189  1138
189  1139
189  1140
190  1141
190  1142
190  1143
190  1144
190  1145
190  1146
191  1152
191  1151
191  1147
191  1148
191  1149
191  1150
192  1153
192  1154
192  1155
192  1156
192  1157
192  1158
193  1159
193  1160
193  1161
193  1162
193  1163
193  1164
194  1165
194  1166
194  1167
194  1168
194  1169
194  1170
195  1171
195  1172
195  1173
195  1174
195  1175
195  1176
196  1177
196  1178
196  1179
196  1180
196  1181
196  1182
197  1184
197  1186
197  1187
197  1188
197  1185
197  1183
198  1189
198  1190
198  1191
198  1192
198  1193
198  1194
199  1195
199  1196
199  1197
199  1198
199  1199
199  1200
200  1201
200  1202
200  1203
200  1204
200  1205
200  1206
201  1207
201  1208
201  1209
201  1210
201  1211
201  1212
202  1216
202  1218
202  1217
202  1213
202  1214
202  1215
203  1219
203  1220
203  1221
203  1222
203  1223
203  1224
204  1225
204  1226
204  1227
204  1228
204  1229
204  1230
205  1231
205  1232
205  1233
205  1234
205  1235
205  1236
206  1237
206  1238
206  1239
206  1240
206  1241
206  1242
207  1248
207  1243
207  1244
207  1245
207  1246
207  1247
208  1249
208  1251
208  1252
208  1253
208  1254
208  1250
209  1255
209  1256
209  1257
209  1258
209  1259
209  1260
210  1261
210  1262
210  1263
210  1264
210  1265
210  1266
211  1267
211  1268
211  1269
211  1270
211  1271
211  1272
212  1273
212  1274
212  1275
212  1276
212  1277
212  1278
213  1280
213  1281
213  1282
213  1284
213  1283
213  1279
214  1285
214  1286
214  1287
214  1288
214  1289
214  1290
215  1291
215  1292
215  1293
215  1294
215  1295
215  1296
216  1297
216  1298
216  1299
216  1300
216  1301
216  1302
217  1303
217  1304
217  1305
217  1306
217  1307
217  1308
218  1312
218  1313
218  1314
218  1309
218  1310
218  1311
219  1315
219  1316
219  1317
219  1318
219  1319
219  1320
220  1321
220  1322
220  1323
220  1324
220  1325
220  1326
221  1327
221  1328
221  1329
221  1330
221  1331
221  1332
222  1333
222  1334
222  1335
222  1336
222  1337
222  1338
223  1344
223  1339
223  1340
223  1341
223  1342
223  1343
224  1345
224  1346
224  1347
224  1348
224  1350
224  1349
225  1351
225  1352
225  1353
225  1354
225  1355
225  1356
226  1357
226  1358
226  1359
226  1360
226  1361
226  1362
227  1363
227  1364
227  1365
227  1366
227  1367
227  1368
228  1369
228  1370
228  1371
228  1372
228  1373
228  1374
229  1376
229  1377
229  1378
229  1379
229  1380
229  1375
230  1381
230  1382
230  1383
230  1384
230  1385
230  1386
231  1387
231  1388
231  1389
231  1390
231  1391
231  1392
232  1393
232  1394
232  1395
232  1396
232  1397
232  1398
233  1399
233  1400
233  1401
233  1402
233  1403
233  1404
234  1408
234  1409
234  1410
234  1405
234  1406
234  1407
235  1411
235  1412
235  1413
235  1414
235  1415
235  1416
236  1417
236  1418
236  1419
236  1420
236  1421
236  1422
237  1423
237  1424
237  1425
237  1426
237  1427
237  1428
238  1429
238  1430
238  1431
238  1432
238  1433
238  1434
239  1440
239  1435
239  1436
239  1437
239  1438
239  1439
240  1441
240  1442
240  1443
240  1444
240  1445
240  1446
241  1447
241  1449
241  1450
241  1451
241  1452
241  1448
242  1453
242  1454
242  1455
242  1456
242  1457
242  1458
243  1459
243  1460
243  1461
243  1462
243  1463
243  1464
244  1465
244  1466
244  1467
244  1468
244  1469
244  1470
245  1472
245  1473
245  1474
245  1475
245  1476
245  1471
246  1477
246  1478
246  1479
246  1481
246  1482
246  1480
247  1483
247  1484
247  1485
247  1486
247  1487
247  1488
248  1489
248  1490
248  1491
248  1492
248  1493
248  1494
249  1495
249  1496
249  1497
249  1498
249  1499
249  1500
250  1504
250  1505
250  1506
250  1501
250  1502
250  1503
251  1507
251  1508
251  1509
251  1510
251  1511
251  1512
252  1514
252  1515
252  1516
252  1517
252  1518
252  1513
253  1519
253  1520
253  1521
253  1522
253  1523
253  1524
254  1525
254  1526
254  1527
254  1528
254  1529
254  1530
255  1536
255  1531
255  1532
255  1533
255  1534
255  1535
256  1537
256  1538
256  1539
256  1540
256  1541
256  1542
257  1543
257  1544
257  1545
257  1547
257  1548
257  1546
258  1549
258  1550
258  1551
258  1552
258  1553
258  1554
259  1555
259  1556
259  1557
259  1558
259  1559
259  1560
260  1561
260  1562
260  1563
260  1564
260  1565
260  1566
261  1568
261  1569
261  1570
261  1571
261  1572
261  1567
262  1573
262  1574
262  1575
262  1576
262  1577
262  1578
263  1579
263  1580
263  1581
263  1582
263  1583
263  1584
264  1585
264  1586
264  1587
264  1588
264  1589
264  1590
265  1591
265  1592
265  1593
265  1594
265  1595
265  1596
266  1600
266  1601
266  1602
266  1597
266  1598
266  1599
267  1603
267  1604
267  1605
267  1606
267  1607
267  1608
268  1609
268  1610
268  1611
268  1612
268  1613
268  1614
269  1615
269  1616
269  1617
269  1618
269  1619
269  1620
270  1621
270  1622
270  1623
270  1624
270  1625
270  1626
271  1632
271  1627
271  1628
271  1629
271  1630
271  1631
272  1633
272  1634
272  1635
272  1636
272  1637
272  1638
273  1639
273  1640
273  1641
273  1642
273  1643
273  1644
274  1646
274  1647
274  1648
274  1649
274  1650
274  1645
275  1651
275  1652
275  1653
275  1654
275  1655
275  1656
276  1657
276  1658
276  1659
276  1660
276  1661
276  1662
277  1664
277  1665
277  1666
277  1667
277  1668
277  1663
278  1669
278  1670
278  1671
278  1672
278  1673
278  1674
279  1675
279  1676
279  1677
279  1678
279  1679
279  1680
280  1681
280  1682
280  1683
280  1684
280  1685
280  1686
281  1687
281  1688
281  1689
281  1690
281  1691
281  1692
282  1696
282  1697
282  1698
282  1693
282  1694
282  1695
283  1699
283  1700
283  1701
283  1702
283  1703
283  1704
284  1705
284  1706
284  1707
284  1708
284  1709
284  1710
285  1711
285  1712
285  1713
285  1714
285  1715
285  1716
286  1717
286  1718
286  1719
286  1720
286  1721
286  1722
287  1728
287  1723
287  1724
287  1725
287  1726
287  1727
288  1729
288  1730
288  1731
288  1732
288  1733
288  1734
289  1735
289  1736
289  1737
289  1738
289  1739
289  1740
290  1741
290  1742
290  1743
290  1744
290  1745
290  1746
291  1747
291  1748
291  1749
291  1750
291  1751
291  1752
292  1753
292  1754
292  1755
292  1756
292  1757
292  1758
293  1760
293  1761
293  1762
293  1763
293  1764
293  1759
294  1765
294  1766
294  1767
294  1768
294  1769
294  1770
295  1771
295  1772
295  1773
295  1774
295  1775
295  1776
296  1777
296  1778
296  1779
296  1780
296  1781
296  1782
297  1783
297  1784
297  1785
297  1786
297  1787
297  1788
298  1792
298  1793
298  1794
298  1789
298  1790
298  1791
299  1795
299  1796
299  1797
299  1798
299  1799
299  1800
300  1801
300  1802
300  1803
300  1804
300  1805
300  1806
301  1807
301  1808
301  1809
301  1810
301  1811
301  1812
302  1813
302  1814
302  1815
302  1816
302  1817
302  1818
303  1824
303  1819
303  1820
303  1821
303  1822
303  1823
304  1825
304  1826
304  1827
304  1828
304  1829
304  1830
305  1831
305  1832
305  1833
305  1834
305  1835
305  1836
306  1837
306  1838
306  1839
306  1840
306  1841
306  1842
307  1843
307  1844
307  1845
307  1846
307  1847
307  1848
308  1849
308  1850
308  1851
308  1852
308  1853
308  1854
309  1856
309  1857
309  1858
309  1859
309  1860
309  1855
310  1861
310  1862
310  1863
310  1864
310  1865
310  1866
311  1867
311  1868
311  1869
311  1870
311  1871
311  1872
312  1873
312  1874
312  1876
312  1877
312  1878
312  1875
313  1879
313  1880
313  1881
313  1882
313  1883
313  1884
314  1888
314  1889
314  1890
314  1885
314  1886
314  1887
315  1891
315  1892
315  1893
315  1894
315  1895
315  1896
316  1897
316  1898
316  1899
316  1900
316  1901
316  1902
317  1903
317  1904
317  1905
317  1906
317  1907
317  1908
318  1909
318  1910
318  1911
318  1912
318  1913
318  1914
319  1920
319  1915
319  1916
319  1917
319  1918
319  1919
320  1921
320  1922
320  1923
320  1924
320  1925
320  1926
321  1927
321  1928
321  1929
321  1930
321  1931
321  1932
322  1933
322  1934
322  1935
322  1936
322  1937
322  1938
323  1939
323  1940
323  1942
323  1943
323  1944
323  1941
324  1945
324  1946
324  1947
324  1948
324  1949
324  1950
325  1952
325  1953
325  1954
325  1955
325  1956
325  1951
326  1957
326  1958
326  1959
326  1960
326  1961
326  1962
327  1963
327  1964
327  1965
327  1966
327  1967
327  1968
328  1969
328  1970
328  1971
328  1972
328  1973
328  1974
329  1975
329  1976
329  1977
329  1978
329  1979
329  1980
330  1984
330  1985
330  1986
330  1981
330  1982
330  1983
331  1987
331  1988
331  1989
331  1990
331  1991
331  1992
332  1993
332  1994
332  1995
332  1996
332  1997
332  1998
333  1999
333  2000
333  2001
333  2002
333  2003
333  2004
334  2005
334  2006
334  2007
334  2008
334  2009
334  2010
335  2016
335  2011
335  2012
335  2013
335  2014
335  2015
336  2017
336  2018
336  2019
336  2020
336  2021
336  2022
337  2023
337  2024
337  2025
337  2026
337  2027
337  2028
338  2029
338  2030
338  2031
338  2032
338  2033
338  2034
339  2035
339  2036
339  2037
339  2038
339  2039
339  2040
340  2041
340  2042
340  2043
340  2044
340  2045
340  2046
341  2048
341  2049
341  2050
341  2051
341  2052
341  2047
342  2053
342  2054
342  2055
342  2056
342  2057
342  2058
343  2059
343  2060
343  2061
343  2062
343  2063
343  2064
344  2065
344  2066
344  2067
344  2068
344  2069
344  2070
345  2071
345  2072
345  2073
345  2074
345  2075
345  2076
346  2080
346  2081
346  2082
346  2077
346  2078
346  2079
347  2083
347  2084
347  2085
347  2086
347  2087
347  2088
348  2089
348  2090
348  2091
348  2092
348  2093
348  2094
349  2095
349  2096
349  2097
349  2098
349  2099
349  2100
350  2101
350  2102
350  2103
350  2104
350  2105
350  2106
351  2112
351  2107
351  2108
351  2109
351  2110
351  2111
352  2113
352  2114
352  2115
352  2116
352  2117
352  2118
353  2119
353  2120
353  2121
353  2122
353  2123
353  2124
354  2125
354  2126
354  2127
354  2128
354  2129
354  2130
355  2131
355  2132
355  2133
355  2134
355  2135
355  2136
356  2137
356  2138
356  2139
356  2140
356  2141
356  2142
357  2144
357  2145
357  2146
357  2147
357  2148
357  2143
358  2149
358  2150
358  2151
358  2152
358  2153
358  2154
359  2155
359  2156
359  2157
359  2158
359  2159
359  2160
360  2161
360  2162
360  2163
360  2164
360  2165
360  2166
361  2167
361  2168
361  2169
361  2170
361  2171
361  2172
362  2176
362  2177
362  2178
362  2173
362  2174
362  2175
363  2179
363  2180
363  2181
363  2182
363  2183
363  2184
364  2185
364  2186
364  2187
364  2188
364  2189
364  2190
365  2191
365  2192
365  2193
365  2194
365  2195
365  2196
366  2197
366  2198
366  2199
366  2200
366  2201
366  2202
367  2208
367  2203
367  2204
367  2205
367  2206
367  2207
368  2209
368  2210
368  2211
368  2212
368  2213
368  2214
369  2215
369  2216
369  2217
369  2218
369  2219
369  2220
370  2221
370  2222
370  2223
370  2224
370  2225
370  2226
371  2227
371  2228
371  2229
371  2230
371  2231
371  2232
372  2233
372  2234
372  2235
372  2236
372  2237
372  2238
373  2240
373  2241
373  2242
373  2243
373  2244
373  2239
374  2245
374  2246
374  2247
374  2248
374  2249
374  2250
375  2251
375  2252
375  2253
375  2254
375  2255
375  2256
376  2257
376  2258
376  2259
376  2260
376  2261
376  2262
377  2263
377  2264
377  2265
377  2266
377  2267
377  2268
378  2272
378  2273
378  2274
378  2269
378  2270
378  2271
379  2275
379  2276
379  2277
379  2278
379  2279
379  2280
380  2281
380  2282
380  2283
380  2284
380  2285
380  2286
381  2287
381  2288
381  2289
381  2290
381  2291
381  2292
382  2293
382  2294
382  2295
382  2296
382  2297
382  2298
383  2304
383  2303
383  2299
383  2300
383  2301
383  2302
384  2305
384  2306
384  2307
384  2308
384  2309
384  2310
385  2311
385  2312
385  2313
385  2314
385  2315
385  2316
386  2317
386  2318
386  2319
386  2320
386  2321
386  2322
387  2323
387  2324
387  2325
387  2326
387  2327
387  2328
388  2329
388  2330
388  2331
388  2332
388  2333
388  2334
389  2336
389  2338
389  2339
389  2340
389  2337
389  2335
390  2341
390  2342
390  2343
390  2344
390  2345
390  2346
391  2347
391  2348
391  2349
391  2350
391  2351
391  2352
392  2353
392  2354
392  2355
392  2356
392  2357
392  2358
393  2359
393  2360
393  2361
393  2362
393  2363
393  2364
394  2368
394  2370
394  2369
394  2365
394  2366
394  2367
395  2371
395  2372
395  2373
395  2374
395  2375
395  2376
396  2377
396  2378
396  2379
396  2380
396  2381
396  2382
397  2383
397  2384
397  2385
397  2386
397  2387
397  2388
398  2389
398  2390
398  2391
398  2392
398  2393
398  2394
399  2400
399  2395
399  2396
399  2397
399  2398
399  2399
400  2401
400  2403
400  2404
400  2405
400  2406
400  2402
401  2407
401  2408
401  2409
401  2410
401  2411
401  2412
402  2413
402  2414
402  2415
402  2416
402  2417
402  2418
403  2419
403  2420
403  2421
403  2422
403  2423
403  2424
404  2425
404  2426
404  2427
404  2428
404  2429
404  2430
405  2432
405  2433
405  2434
405  2436
405  2435
405  2431
406  2437
406  2438
406  2439
406  2440
406  2441
406  2442
407  2443
407  2444
407  2445
407  2446
407  2447
407  2448
408  2449
408  2450
408  2451
408  2452
408  2453
408  2454
409  2455
409  2456
409  2457
409  2458
409  2459
409  2460
410  2464
410  2465
410  2466
410  2461
410  2462
410  2463
411  2467
411  2468
411  2469
411  2470
411  2471
411  2472
412  2473
412  2474
412  2475
412  2476
412  2477
412  2478
413  2479
413  2480
413  2481
413  2482
413  2483
413  2484
414  2485
414  2486
414  2487
414  2488
414  2489
414  2490
415  2496
415  2491
415  2492
415  2493
415  2494
415  2495
416  2497
416  2498
416  2499
416  2500
416  2502
416  2501
417  2503
417  2504
417  2505
417  2506
417  2507
417  2508
418  2509
418  2510
418  2511
418  2512
418  2513
418  2514
419  2515
419  2516
419  2517
419  2518
419  2519
419  2520
420  2521
420  2522
420  2523
420  2524
420  2525
420  2526
421  2528
421  2529
421  2530
421  2531
421  2532
421  2527
422  2533
422  2534
422  2535
422  2536
422  2537
422  2538
423  2539
423  2540
423  2541
423  2542
423  2543
423  2544
424  2545
424  2546
424  2547
424  2548
424  2549
424  2550
425  2551
425  2552
425  2553
425  2554
425  2555
425  2556
426  2560
426  2561
426  2562
426  2557
426  2558
426  2559
427  2563
427  2564
427  2565
427  2566
427  2567
427  2568
428  2569
428  2570
428  2571
428  2572
428  2573
428  2574
429  2575
429  2576
429  2577
429  2578
429  2579
429  2580
430  2581
430  2582
430  2583
430  2584
430  2585
430  2586
431  2592
431  2587
431  2588
431  2589
431  2590
431  2591
432  2593
432  2594
432  2595
432  2596
432  2597
432  2598
433  2599
433  2601
433  2602
433  2603
433  2604
433  2600
434  2605
434  2606
434  2607
434  2608
434  2609
434  2610
435  2611
435  2612
435  2613
435  2614
435  2615
435  2616
436  2617
436  2618
436  2619
436  2620
436  2621
436  2622
437  2624
437  2625
437  2626
437  2627
437  2628
437  2623
438  2629
438  2630
438  2631
438  2633
438  2634
438  2632
439  2635
439  2636
439  2637
439  2638
439  2639
439  2640
440  2641
440  2642
440  2643
440  2644
440  2645
440  2646
441  2647
441  2648
441  2649
441  2650
441  2651
441  2652
442  2656
442  2657
442  2658
442  2653
442  2654
442  2655
443  2659
443  2660
443  2661
443  2662
443  2663
443  2664
444  2666
444  2667
444  2668
444  2669
444  2670
444  2665
445  2671
445  2672
445  2673
445  2674
445  2675
445  2676
446  2677
446  2678
446  2679
446  2680
446  2681
446  2682
447  2688
447  2683
447  2684
447  2685
447  2686
447  2687
448  2689
448  2690
448  2691
448  2692
448  2693
448  2694
449  2695
449  2696
449  2697
449  2699
449  2700
449  2698
450  2701
450  2702
450  2703
450  2704
450  2705
450  2706
451  2707
451  2708
451  2709
451  2710
451  2711
451  2712
452  2713
452  2714
452  2715
452  2716
452  2717
452  2718
453  2720
453  2721
453  2722
453  2723
453  2724
453  2719
454  2725
454  2726
454  2727
454  2728
454  2729
454  2730
455  2731
455  2732
455  2733
455  2734
455  2735
455  2736
456  2737
456  2738
456  2739
456  2740
456  2741
456  2742
457  2743
457  2744
457  2745
457  2746
457  2747
457  2748
458  2752
458  2753
458  2754
458  2749
458  2750
458  2751
459  2755
459  2756
459  2757
459  2758
459  2759
459  2760
460  2764
460  2761
460  2762
460  2763
460  2765
460  2766
461  2767
461  2768
461  2769
461  2770
461  2771
461  2772
462  2773
462  2774
462  2775
462  2776
462  2777
462  2778
463  2784
463  2779
463  2780
463  2781
463  2782
463  2783
464  2785
464  2786
464  2787
464  2788
464  2789
464  2790
465  2791
465  2792
465  2793
465  2794
465  2795
465  2796
466  2797
466  2798
466  2799
466  2800
466  2801
466  2802
467  2803
467  2804
467  2805
467  2806
467  2807
467  2808
468  2809
468  2810
468  2811
468  2812
468  2813
468  2814
469  2816
469  2817
469  2818
469  2819
469  2820
469  2815
470  2821
470  2822
470  2823
470  2824
470  2825
470  2826
471  2827
471  2828
471  2829
471  2830
471  2831
471  2832
472  2833
472  2834
472  2835
472  2836
472  2837
472  2838
473  2839
473  2840
473  2841
473  2842
473  2843
473  2844
474  2848
474  2849
474  2850
474  2845
474  2846
474  2847
475  2851
475  2852
475  2853
475  2854
475  2855
475  2856
476  2857
476  2858
476  2859
476  2860
476  2861
476  2862
477  2863
477  2864
477  2865
477  2866
477  2867
477  2868
478  2869
478  2870
478  2871
478  2872
478  2873
478  2874
479  2880
479  2875
479  2876
479  2877
479  2878
479  2879
480  2881
480  2882
480  2883
480  2884
480  2885
480  2886
481  2887
481  2888
481  2889
481  2890
481  2891
481  2892
482  2893
482  2894
482  2895
482  2896
482  2897
482  2898
483  2899
483  2900
483  2901
483  2902
483  2903
483  2904
484  2905
484  2906
484  2907
484  2908
484  2909
484  2910
485  2912
485  2913
485  2914
485  2915
485  2916
485  2911
486  2917
486  2918
486  2919
486  2920
486  2921
486  2922
487  2923
487  2924
487  2925
487  2926
487  2927
487  2928
488  2929
488  2930
488  2931
488  2932
488  2933
488  2934
489  2935
489  2936
489  2937
489  2938
489  2939
489  2940
490  2944
490  2945
490  2946
490  2941
490  2942
490  2943
491  2947
491  2948
491  2949
491  2950
491  2951
491  2952
492  2953
492  2954
492  2955
492  2956
492  2957
492  2958
493  2959
493  2960
493  2961
493  2962
493  2963
493  2964
494  2965
494  2966
494  2967
494  2968
494  2969
494  2970
495  2976
495  2971
495  2972
495  2973
495  2974
495  2975
496  2977
496  2978
496  2979
496  2980
496  2981
496  2982
497  2983
497  2984
497  2985
497  2986
497  2987
497  2988
498  2989
498  2990
498  2991
498  2992
498  2993
498  2994
499  2996
499  2997
499  2998
499  2999
499  3000
499  2995
500  3001
500  3002
500  3003
500  3004
500  3005
500  3006
501  3008
501  3009
501  3010
501  3011
501  3012
501  3007
502  3013
502  3014
502  3015
502  3016
502  3017
502  3018
503  3019
503  3020
503  3021
503  3022
503  3023
503  3024
504  3025
504  3026
504  3028
504  3029
504  3030
504  3027
505  3031
505  3032
505  3033
505  3034
505  3035
505  3036
506  3040
506  3041
506  3042
506  3037
506  3038
506  3039
507  3043
507  3044
507  3045
507  3046
507  3047
507  3048
508  3049
508  3050
508  3051
508  3052
508  3053
508  3054
509  3055
509  3056
509  3057
509  3058
509  3059
509  3060
510  3061
510  3062
510  3063
510  3064
510  3065
510  3066
511  3072
511  3067
511  3068
511  3069
511  3070
511  3071
512  3073
512  3074
512  3075
512  3076
512  3077
512  3078
513  3079
513  3080
513  3081
513  3082
513  3083
513  3084
514  3085
514  3086
514  3087
514  3088
514  3089
514  3090
515  3091
515  3092
515  3094
515  3095
515  3096
515  3093
516  3097
516  3098
516  3099
516  3100
516  3101
516  3102
517  3104
517  3105
517  3106
517  3107
517  3108
517  3103
518  3109
518  3110
518  3111
518  3112
518  3113
518  3114
519  3115
519  3116
519  3117
519  3118
519  3119
519  3120
520  3121
520  3122
520  3123
520  3124
520  3125
520  3126
521  3127
521  3128
521  3129
521  3130
521  3131
521  3132
522  3136
522  3137
522  3138
522  3133
522  3134
522  3135
523  3139
523  3140
523  3141
523  3142
523  3143
523  3144
524  3145
524  3146
524  3147
524  3148
524  3149
524  3150
525  3151
525  3152
525  3153
525  3154
525  3155
525  3156
526  3157
526  3158
526  3159
526  3160
526  3161
526  3162
527  3168
527  3163
527  3164
527  3165
527  3166
527  3167
528  3169
528  3170
528  3171
528  3172
528  3173
528  3174
529  3175
529  3176
529  3177
529  3178
529  3179
529  3180
530  3181
530  3182
530  3183
530  3184
530  3185
530  3186
531  3187
531  3188
531  3189
531  3190
531  3191
531  3192
532  3193
532  3194
532  3195
532  3196
532  3197
532  3198
533  3200
533  3201
533  3202
533  3203
533  3204
533  3199
534  3205
534  3206
534  3207
534  3208
534  3209
534  3210
535  3211
535  3212
535  3213
535  3214
535  3215
535  3216
536  3217
536  3218
536  3219
536  3220
536  3221
536  3222
537  3223
537  3224
537  3225
537  3226
537  3227
537  3228
538  3232
538  3233
538  3234
538  3229
538  3230
538  3231
539  3235
539  3236
539  3237
539  3238
539  3239
539  3240
540  3241
540  3242
540  3243
540  3244
540  3245
540  3246
541  3247
541  3248
541  3249
541  3250
541  3251
541  3252
542  3253
542  3254
542  3255
542  3256
542  3257
542  3258
543  3264
543  3259
543  3260
543  3261
543  3262
543  3263
544  3265
544  3266
544  3267
544  3268
544  3269
544  3270
545  3271
545  3272
545  3273
545  3274
545  3275
545  3276
546  3277
546  3278
546  3279
546  3280
546  3281
546  3282
547  3283
547  3284
547  3285
547  3286
547  3287
547  3288
548  3291
548  3289
548  3290
548  3292
548  3293
548  3294
549  3296
549  3297
549  3298
549  3299
549  3300
549  3295
550  3301
550  3302
550  3303
550  3304
550  3305
550  3306
551  3307
551  3308
551  3309
551  3310
551  3311
551  3312
552  3313
552  3314
552  3315
552  3316
552  3317
552  3318
553  3319
553  3320
553  3321
553  3322
553  3323
553  3324
554  3328
554  3329
554  3330
554  3325
554  3326
554  3327
555  3331
555  3332
555  3333
555  3334
555  3335
555  3336
556  3337
556  3338
556  3339
556  3340
556  3341
556  3342
557  3343
557  3344
557  3345
557  3346
557  3347
557  3348
558  3349
558  3350
558  3351
558  3352
558  3353
558  3354
559  3360
559  3355
559  3356
559  3357
559  3358
559  3359
560  3361
560  3362
560  3363
560  3364
560  3365
560  3366
561  3367
561  3368
561  3369
561  3370
561  3371
561  3372
562  3373
562  3374
562  3375
562  3376
562  3377
562  3378
563  3379
563  3380
563  3381
563  3382
563  3383
563  3384
564  3385
564  3386
564  3387
564  3388
564  3389
564  3390
565  3392
565  3393
565  3394
565  3395
565  3396
565  3391
566  3397
566  3398
566  3399
566  3400
566  3401
566  3402
567  3403
567  3404
567  3405
567  3406
567  3407
567  3408
568  3409
568  3410
568  3411
568  3412
568  3413
568  3414
569  3415
569  3416
569  3417
569  3418
569  3419
569  3420
570  3424
570  3425
570  3426
570  3421
570  3422
570  3423
571  3427
571  3428
571  3429
571  3430
571  3431
571  3432
572  3433
572  3434
572  3435
572  3436
572  3437
572  3438
573  3439
573  3440
573  3441
573  3442
573  3443
573  3444
574  3445
574  3446
574  3447
574  3448
574  3449
574  3450
575  3456
575  3455
575  3451
575  3452
575  3453
575  3454
576  3457
576  3458
576  3459
576  3460
576  3461
576  3462
577  3463
577  3464
577  3465
577  3466
577  3467
577  3468
578  3469
578  3470
578  3471
578  3472
578  3473
578  3474
579  3475
579  3476
579  3477
579  3478
579  3479
579  3480
580  3481
580  3482
580  3483
580  3484
580  3485
580  3486
581  3488
581  3490
581  3491
581  3492
581  3489
581  3487
582  3493
582  3494
582  3495
582  3496
582  3497
582  3498
583  3499
583  3500
583  3501
583  3502
583  3503
583  3504
584  3505
584  3506
584  3507
584  3508
584  3509
584  3510
585  3511
585  3512
585  3513
585  3514
585  3515
585  3516
586  3520
586  3522
586  3521
586  3517
586  3518
586  3519
587  3523
587  3524
587  3525
587  3526
587  3527
587  3528
588  3529
588  3530
588  3531
588  3532
588  3533
588  3534
589  3535
589  3536
589  3537
589  3538
589  3539
589  3540
590  3541
590  3542
590  3543
590  3544
590  3545
590  3546
591  3552
591  3547
591  3548
591  3549
591  3550
591  3551
592  3553
592  3555
592  3556
592  3557
592  3558
592  3554
593  3559
593  3560
593  3561
593  3562
593  3563
593  3564
594  3565
594  3566
594  3567
594  3568
594  3569
594  3570
595  3571
595  3572
595  3573
595  3574
595  3575
595  3576
596  3577
596  3578
596  3579
596  3580
596  3581
596  3582
597  3584
597  3585
597  3586
597  3588
597  3587
597  3583
598  3589
598  3590
598  3591
598  3592
598  3593
598  3594
599  3595
599  3596
599  3597
599  3598
599  3599
599  3600
600  3601
600  3602
600  3603
600  3604
600  3605
600  3606
601  3607
601  3608
601  3609
601  3610
601  3611
601  3612
602  3616
602  3617
602  3618
602  3613
602  3614
602  3615
603  3619
603  3620
603  3621
603  3622
603  3623
603  3624
604  3625
604  3626
604  3627
604  3628
604  3629
604  3630
605  3631
605  3632
605  3633
605  3634
605  3635
605  3636
606  3637
606  3638
606  3639
606  3640
606  3641
606  3642
607  3648
607  3643
607  3644
607  3645
607  3646
607  3647
608  3649
608  3650
608  3651
608  3652
608  3654
608  3653
609  3655
609  3656
609  3657
609  3658
609  3659
609  3660
610  3661
610  3662
610  3663
610  3664
610  3665
610  3666
611  3667
611  3668
611  3669
611  3670
611  3671
611  3672
612  3673
612  3674
612  3675
612  3676
612  3677
612  3678
613  3680
613  3681
613  3682
613  3683
613  3684
613  3679
614  3685
614  3686
614  3687
614  3688
614  3689
614  3690
615  3691
615  3692
615  3693
615  3694
615  3695
615  3696
616  3697
616  3698
616  3699
616  3700
616  3701
616  3702
617  3703
617  3704
617  3705
617  3706
617  3707
617  3708
618  3712
618  3713
618  3714
618  3709
618  3710
618  3711
619  3715
619  3716
619  3717
619  3718
619  3719
619  3720
620  3721
620  3722
620  3723
620  3724
620  3725
620  3726
621  3727
621  3728
621  3729
621  3730
621  3731
621  3732
622  3733
622  3734
622  3735
622  3736
622  3737
622  3738
623  3744
623  3739
623  3740
623  3741
623  3742
623  3743
624  3745
624  3746
624  3747
624  3748
624  3749
624  3750
625  3751
625  3753
625  3754
625  3755
625  3756
625  3752
626  3757
626  3758
626  3759
626  3760
626  3761
626  3762
627  3763
627  3764
627  3765
627  3766
627  3767
627  3768
628  3769
628  3770
628  3771
628  3772
628  3773
628  3774
629  3776
629  3777
629  3778
629  3779
629  3780
629  3775
630  3781
630  3782
630  3783
630  3785
630  3786
630  3784
631  3787
631  3788
631  3789
631  3790
631  3791
631  3792
632  3793
632  3794
632  3795
632  3796
632  3797
632  3798
633  3799
633  3800
633  3801
633  3802
633  3803
633  3804
634  3808
634  3809
634  3810
634  3805
634  3806
634  3807
635  3811
635  3812
635  3813
635  3814
635  3815
635  3816
636  3818
636  3819
636  3820
636  3821
636  3822
636  3817
637  3823
637  3824
637  3825
637  3826
637  3827
637  3828
638  3829
638  3830
638  3831
638  3832
638  3833
638  3834
639  3840
639  3835
639  3836
639  3837
639  3838
639  3839
640  3841
640  3842
640  3843
640  3844
640  3845
640  3846
641  3847
641  3848
641  3849
641  3851
641  3852
641  3850
642  3853
642  3854
642  3855
642  3856
642  3857
642  3858
643  3859
643  3860
643  3861
643  3862
643  3863
643  3864
644  3865
644  3866
644  3867
644  3868
644  3869
644  3870
645  3872
645  3873
645  3874
645  3875
645  3876
645  3871
646  3877
646  3878
646  3879
646  3880
646  3881
646  3882
647  3883
647  3884
647  3885
647  3886
647  3887
647  3888
648  3889
648  3890
648  3891
648  3892
648  3893
648  3894
649  3895
649  3896
649  3897
649  3898
649  3899
649  3900
650  3904
650  3905
650  3906
650  3901
650  3902
650  3903
651  3907
651  3908
651  3909
651  3910
651  3911
651  3912
652  3913
652  3914
652  3915
652  3916
652  3917
652  3918
653  3919
653  3920
653  3921
653  3922
653  3923
653  3924
654  3925
654  3926
654  3927
654  3928
654  3929
654  3930
655  3936
655  3931
655  3932
655  3933
655  3934
655  3935
656  3937
656  3938
656  3939
656  3940
656  3941
656  3942
657  3943
657  3944
657  3945
657  3946
657  3947
657  3948
658  3949
658  3950
658  3951
658  3952
658  3953
658  3954
659  3955
659  3956
659  3957
659  3958
659  3959
659  3960
660  3961
660  3962
660  3963
660  3964
660  3965
660  3966
661  3968
661  3969
661  3970
661  3971
661  3972
661  3967
662  3973
662  3974
662  3975
662  3976
662  3977
662  3978
663  3979
663  3980
663  3981
663  3982
663  3983
663  3984
664  3985
664  3986
664  3987
664  3988
664  3989
664  3990
665  3991
665  3992
665  3993
665  3994
665  3995
665  3996
666  4000
666  4001
666  4002
666  3997
666  3998
666  3999
667  4003
667  4004
667  4005
667  4006
667  4007
667  4008
668  4009
668  4010
668  4011
668  4012
668  4013
668  4014
669  4015
669  4016
669  4017
669  4018
669  4019
669  4020
670  4021
670  4022
670  4023
670  4024
670  4025
670  4026
671  4032
671  4027
671  4028
671  4029
671  4030
671  4031
672  4033
672  4034
672  4035
672  4036
672  4037
672  4038
673  4039
673  4040
673  4041
673  4042
673  4043
673  4044
674  4045
674  4046
674  4047
674  4048
674  4049
674  4050
675  4051
675  4052
675  4053
675  4054
675  4055
675  4056
676  4057
676  4058
676  4059
676  4060
676  4061
676  4062
677  4064
677  4065
677  4066
677  4067
677  4068
677  4063
678  4069
678  4070
678  4071
678  4072
678  4073
678  4074
679  4075
679  4076
679  4077
679  4078
679  4079
679  4080
680  4081
680  4082
680  4083
680  4084
680  4085
680  4086
681  4087
681  4088
681  4089
681  4090
681  4091
681  4092
682  4096
682  4097
682  4098
682  4093
682  4094
682  4095
683  4099
683  4100
683  4101
683  4102
683  4103
683  4104
684  4105
684  4106
684  4107
684  4108
684  4109
684  4110
685  4111
685  4112
685  4113
685  4114
685  4115
685  4116
686  4117
686  4118
686  4119
686  4120
686  4121
686  4122
687  4128
687  4123
687  4124
687  4125
687  4126
687  4127
688  4129
688  4130
688  4131
688  4132
688  4133
688  4134
689  4135
689  4136
689  4137
689  4138
689  4139
689  4140
690  4141
690  4142
690  4143
690  4144
690  4145
690  4146
691  4147
691  4148
691  4149
691  4150
691  4151
691  4152
692  4153
692  4154
692  4155
692  4156
692  4157
692  4158
693  4160
693  4161
693  4162
693  4163
693  4164
693  4159
694  4165
694  4166
694  4167
694  4168
694  4169
694  4170
695  4171
695  4172
695  4173
695  4174
695  4175
695  4176
696  4179
696  4177
696  4178
696  4180
696  4181
696  4182
697  4183
697  4184
697  4185
697  4186
697  4187
697  4188
698  4192
698  4193
698  4194
698  4189
698  4190
698  4191
699  4195
699  4196
699  4197
699  4198
699  4199
699  4200
700  4201
700  4202
700  4203
700  4204
700  4205
700  4206
701  4207
701  4208
701  4209
701  4210
701  4211
701  4212
702  4213
702  4214
702  4215
702  4216
702  4217
702  4218
703  4224
703  4219
703  4220
703  4221
703  4222
703  4223
704  4225
704  4226
704  4227
704  4228
704  4229
704  4230
705  4231
705  4232
705  4233
705  4234
705  4235
705  4236
706  4237
706  4238
706  4239
706  4240
706  4241
706  4242
707  4243
707  4244
707  4246
707  4247
707  4248
707  4245
708  4249
708  4250
708  4251
708  4252
708  4253
708  4254
709  4256
709  4257
709  4258
709  4259
709  4260
709  4255
710  4261
710  4262
710  4263
710  4264
710  4265
710  4266
711  4267
711  4268
711  4269
711  4270
711  4271
711  4272
712  4273
712  4274
712  4275
712  4276
712  4277
712  4278
713  4279
713  4280
713  4281
713  4282
713  4283
713  4284
714  4288
714  4289
714  4290
714  4285
714  4286
714  4287
715  4291
715  4292
715  4293
715  4294
715  4295
715  4296
716  4297
716  4298
716  4299
716  4300
716  4301
716  4302
717  4303
717  4304
717  4305
717  4306
717  4307
717  4308
718  4309
718  4310
718  4311
718  4312
718  4313
718  4314
719  4320
719  4315
719  4316
719  4317
719  4318
719  4319
720  4321
720  4322
720  4323
720  4324
720  4325
720  4326
721  4327
721  4328
721  4329
721  4330
721  4331
721  4332
722  4333
722  4334
722  4335
722  4336
722  4337
722  4338
723  4339
723  4340
723  4341
723  4342
723  4343
723  4344
724  4345
724  4346
724  4347
724  4348
724  4349
724  4350
725  4352
725  4353
725  4354
725  4355
725  4356
725  4351
726  4357
726  4358
726  4359
726  4360
726  4361
726  4362
727  4363
727  4364
727  4365
727  4366
727  4367
727  4368
728  4369
728  4370
728  4371
728  4372
728  4373
728  4374
729  4375
729  4376
729  4377
729  4378
729  4379
729  4380
730  4384
730  4385
730  4386
730  4381
730  4382
730  4383
731  4387
731  4388
731  4389
731  4390
731  4391
731  4392
732  4393
732  4394
732  4395
732  4396
732  4397
732  4398
733  4399
733  4400
733  4401
733  4402
733  4403
733  4404
734  4405
734  4406
734  4407
734  4408
734  4409
734  4410
735  4416
735  4411
735  4412
735  4413
735  4414
735  4415
736  4417
736  4418
736  4419
736  4420
736  4421
736  4422
737  4423
737  4424
737  4425
737  4426
737  4427
737  4428
738  4429
738  4430
738  4431
738  4432
738  4433
738  4434
739  4435
739  4436
739  4437
739  4438
739  4439
739  4440
740  4443
740  4441
740  4442
740  4444
740  4445
740  4446
741  4448
741  4449
741  4450
741  4451
741  4452
741  4447
742  4453
742  4454
742  4455
742  4456
742  4457
742  4458
743  4459
743  4460
743  4461
743  4462
743  4463
743  4464
744  4465
744  4466
744  4467
744  4468
744  4469
744  4470
745  4471
745  4472
745  4473
745  4474
745  4475
745  4476
746  4480
746  4481
746  4482
746  4477
746  4478
746  4479
747  4483
747  4484
747  4485
747  4486
747  4487
747  4488
748  4489
748  4490
748  4491
748  4492
748  4493
748  4494
749  4495
749  4496
749  4497
749  4498
749  4499
749  4500
750  4501
750  4502
750  4503
750  4504
750  4505
750  4506
751  4512
751  4507
751  4508
751  4509
751  4510
751  4511
752  4513
752  4514
752  4515
752  4516
752  4517
752  4518
753  4519
753  4520
753  4521
753  4522
753  4523
753  4524
754  4525
754  4526
754  4527
754  4528
754  4529
754  4530
755  4531
755  4532
755  4533
755  4534
755  4535
755  4536
756  4537
756  4538
756  4539
756  4540
756  4541
756  4542
757  4544
757  4545
757  4546
757  4547
757  4548
757  4543
758  4549
758  4550
758  4551
758  4552
758  4553
758  4554
759  4555
759  4556
759  4557
759  4558
759  4559
759  4560
760  4561
760  4562
760  4563
760  4564
760  4565
760  4566
761  4567
761  4568
761  4569
761  4570
761  4571
761  4572
762  4576
762  4577
762  4578
762  4573
762  4574
762  4575
763  4579
763  4580
763  4581
763  4582
763  4583
763  4584
764  4585
764  4586
764  4587
764  4588
764  4589
764  4590
765  4591
765  4592
765  4593
765  4594
765  4595
765  4596
766  4597
766  4598
766  4599
766  4600
766  4601
766  4602
767  4608
767  4607
767  4603
767  4604
767  4605
767  4606
768  4609
768  4610
768  4611
768  4612
768  4613
768  4614
769  4615
769  4616
769  4617
769  4618
769  4619
769  4620
770  4621
770  4622
770  4623
770  4624
770  4625
770  4626
771  4627
771  4628
771  4629
771  4630
771  4631
771  4632
772  4633
772  4634
772  4635
772  4636
772  4637
772  4638
773  4640
773  4642
773  4643
773  4644
773  4641
773  4639
774  4645
774  4646
774  4647
774  4648
774  4649
774  4650
775  4651
775  4652
775  4653
775  4654
775  4655
775  4656
776  4657
776  4658
776  4659
776  4660
776  4661
776  4662
777  4663
777  4664
777  4665
777  4666
777  4667
777  4668
778  4672
778  4674
778  4673
778  4669
778  4670
778  4671
779  4675
779  4676
779  4677
779  4678
779  4679
779  4680
780  4681
780  4682
780  4683
780  4684
780  4685
780  4686
781  4687
781  4688
781  4689
781  4690
781  4691
781  4692
782  4693
782  4694
782  4695
782  4696
782  4697
782  4698
783  4704
783  4699
783  4700
783  4701
783  4702
783  4703
784  4705
784  4707
784  4708
784  4709
784  4710
784  4706
785  4711
785  4712
785  4713
785  4714
785  4715
785  4716
786  4717
786  4718
786  4719
786  4720
786  4721
786  4722
787  4723
787  4724
787  4725
787  4726
787  4727
787  4728
788  4729
788  4730
788  4731
788  4732
788  4733
788  4734
789  4736
789  4737
789  4738
789  4740
789  4739
789  4735
790  4741
790  4742
790  4743
790  4744
790  4745
790  4746
791  4747
791  4748
791  4749
791  4750
791  4751
791  4752
792  4753
792  4754
792  4755
792  4756
792  4757
792  4758
793  4759
793  4760
793  4761
793  4762
793  4763
793  4764
794  4768
794  4769
794  4770
794  4765
794  4766
794  4767
795  4771
795  4772
795  4773
795  4774
795  4775
795  4776
796  4777
796  4778
796  4779
796  4780
796  4781
796  4782
797  4783
797  4784
797  4785
797  4786
797  4787
797  4788
798  4789
798  4790
798  4791
798  4792
798  4793
798  4794
799  4800
799  4795
799  4796
799  4797
799  4798
799  4799
800  4801
800  4802
800  4803
800  4804
800  4806
800  4805
801  4807
801  4808
801  4809
801  4810
801  4811
801  4812
802  4813
802  4814
802  4815
802  4816
802  4817
802  4818
803  4819
803  4820
803  4821
803  4822
803  4823
803  4824
804  4825
804  4826
804  4827
804  4828
804  4829
804  4830
805  4832
805  4833
805  4834
805  4835
805  4836
805  4831
806  4837
806  4838
806  4839
806  4840
806  4841
806  4842
807  4843
807  4844
807  4845
807  4846
807  4847
807  4848
808  4849
808  4850
808  4851
808  4852
808  4853
808  4854
809  4855
809  4856
809  4857
809  4858
809  4859
809  4860
810  4864
810  4865
810  4866
810  4861
810  4862
810  4863
811  4867
811  4868
811  4869
811  4870
811  4871
811  4872
812  4873
812  4874
812  4875
812  4876
812  4877
812  4878
813  4879
813  4880
813  4881
813  4882
813  4883
813  4884
814  4885
814  4886
814  4887
814  4888
814  4889
814  4890
815  4896
815  4891
815  4892
815  4893
815  4894
815  4895
816  4897
816  4898
816  4899
816  4900
816  4901
816  4902
817  4903
817  4905
817  4906
817  4907
817  4908
817  4904
818  4909
818  4910
818  4911
818  4912
818  4913
818  4914
819  4915
819  4916
819  4917
819  4918
819  4919
819  4920
820  4921
820  4922
820  4923
820  4924
820  4925
820  4926
821  4928
821  4929
821  4930
821  4931
821  4932
821  4927
822  4933
822  4934
822  4935
822  4937
822  4938
822  4936
823  4939
823  4940
823  4941
823  4942
823  4943
823  4944
824  4945
824  4946
824  4947
824  4948
824  4949
824  4950
825  4951
825  4952
825  4953
825  4954
825  4955
825  4956
826  4960
826  4961
826  4962
826  4957
826  4958
826  4959
827  4963
827  4964
827  4965
827  4966
827  4967
827  4968
828  4970
828  4971
828  4972
828  4973
828  4974
828  4969
829  4975
829  4976
829  4977
829  4978
829  4979
829  4980
830  4981
830  4982
830  4983
830  4984
830  4985
830  4986
831  4992
831  4987
831  4988
831  4989
831  4990
831  4991
832  4993
832  4994
832  4995
832  4996
832  4997
832  4998
833  4999
