239  813
239  774
813  842
171  913
171  35
913  82
346  500
346  382
500  707
350  736
350  765
736  411
734  864
734  172
864  769
783  842
783  451
194  449
194  804
449  228
669  822
669  735
822  528
47  134
47  51
134  625
885  927
885  552
927  353
469  516
469  23
516  276
542  799
542  693
799  137
48  800
48  296
800  756
958  965
958  687
965  288
486  731
486  778
731  213
145  342
145  262
342  481
169  953
169  663
953  556
195  590
195  304
590  493
103  398
103  581
398  334
432  649
432  821
649  67
441  806
441  250
806  199
714  716
714  75
716  431
88  334
88  902
116  455
116  740
455  586
409  430
409  616
430  166
602  849
602  38
849  531
442  784
442  763
784  104
153  329
153  68
329  672
620  673
620  816
673  212
537  561
537  984
561  854
260  627
260  255
627  408
92  976
92  637
976  450
691  910
691  496
910  249
50  733
50  582
733  32
614  738
614  18
738  688
302  367
302  869
367  396
178  636
178  974
636  686
764  845
764  471
845  129
677  834
677  558
834  967
229  386
229  298
386  313
166  163
37  779
37  882
779  794
637  520
453  689
453  270
689  336
247  648
247  410
648  867
149  328
149  782
328  394
499  613
499  407
613  896
706  993
706  435
993  338
719  966
719  72
966  164
18  562
420  793
420  89
793  957
170  948
170  852
948  683
667  674
667  58
674  448
349  922
349  71
922  572
493  567
151  316
151  815
316  263
142  231
142  994
231  317
431  682
682  205
519  722
519  988
722  278
21  68
21  923
483  489
483  439
489  218
198  919
198  968
919  596
300  509
300  133
509  725
108  906
108  191
906  66
8  315
8  652
315  313
296  464
464  221
356  363
356  808
363  850
165  232
165  585
232  748
596  487
211  956
211  361
956  304
19  892
19  215
892  157
192  915
192  908
915  872
729  851
729  287
851  833
640  907
640  332
907  905
745  747
745  462
747  901
205  766
766  606
120  929
120  437
929  524
96  798
96  172
798  345
227  699
227  501
699  840
759  761
759  24
761  347
628  688
628  544
451  204
39  622
39  387
622  566
388  668
388  996
668  570
72  141
141  517
87  473
87  916
473  126
378  698
378  773
698  641
221  990
990  988
564  789
564  809
789  746
305  478
305  768
478  97
41  197
41  977
197  421
28  332
28  161
480  989
480  30
989  940
443  873
443  491
873  726
77  928
77  306
928  118
558  694
694  76
297  474
297  535
474  89
585  748
345  517
36  563
36  463
563  593
555  767
555  135
767  162
208  771
208  413
771  971
246  335
246  805
335  368
53  578
53  119
578  982
46  333
46  897
333  938
80  219
80  400
219  86
154  299
154  730
299  327
840  925
925  647
282  868
282  224
868  975
29  835
29  933
835  269
135  236
462  787
411  406
256  598
256  295
598  341
671  871
671  559
871  852
471  697
31  196
31  9
196  74
975  98
460  844
460  410
844  848
540  951
540  111
951  781
741  888
741  712
888  392
535  102
916  505
982  704
82  156
156  67
244  402
244  224
402  176
5  548
5  545
548  427
43  810
43  267
810  836
524  964
262  444
251  787
251  119
905  69
352  683
352  163
98  387
42  661
42  397
661  359
161  234
234  167
457  780
457  955
780  106
635  768
635  512
955  943
16  319
16  651
319  952
351  580
351  284
580  146
199  867
274  763
274  723
241  414
241  355
414  701
746  815
136  744
136  382
744  790
160  450
160  484
11  742
11  521
742  629
792  874
792  696
874  158
700  947
700  370
947  104
222  876
222  301
876  755
625  904
904  727
459  967
459  54
575  936
575  303
936  35
173  280
173  709
280  223
735  678
412  924
412  331
924  65
2  717
2  358
717  188
390  503
390  407
503  870
210  243
210  757
243  946
140  189
140  496
189  494
132  226
132  206
226  973
94  825
94  832
825  110
612  702
612  937
702  692
348  824
348  175
824  797
477  657
477  890
657  903
781  207
58  642
321  633
321  775
633  565
129  317
552  676
99  510
99  576
510  858
364  664
364  6
664  728
528  238
203  417
203  293
417  530
977  285
423  458
423  639
458  466
112  838
112  846
838  454
512  76
440  829
440  553
829  807
14  159
14  485
159  385
326  619
326  828
619  276
84  130
84  448
130  949
685  772
685  801
772  288
252  567
252  644
3  532
3  808
532  996
13  186
13  158
186  283
570  541
692  424
102  438
204  374
79  470
79  911
470  833
651  646
62  847
62  760
847  150
421  554
599  790
599  495
678  899
357  883
357  394
883  811
307  837
307  54
837  371
571  711
571  57
711  124
680  830
680  618
830  607
723  15
320  639
320  921
83  662
83  785
662  152
562  188
51  95
24  354
518  886
518  12
886  70
139  728
139  595
933  654
595  962
603  801
603  701
261  656
261  12
656  277
269  995
341  59
554  938
259  658
259  447
658  900
755  878
586  980
980  439
264  551
264  181
551  941
63  185
63  373
185  85
118  587
587  115
121  776
121  752
776  713
515  817
515  971
817  774
110  375
375  859
183  583
183  1
583  45
275  286
275  201
286  240
654  666
123  422
123  568
422  843
828  865
865  618
91  644
91  26
890  527
330  681
330  754
681  547
957  344
291  322
291  814
322  223
105  429
105  803
429  279
379  891
379  839
891  708
9  289
289  684
90  823
90  248
823  881
475  559
475  20
850  932
932  991
765  898
424  214
355  360
360  69
805  504
726  359
1  819
819  78
854  498
445  502
445  257
502  257
490  536
490  138
536  144
0  73
0  438
73  991
100  898
100  287
268  310
268  999
310  380
22  405
22  425
405  655
395  454
395  479
17  434
17  560
434  809
487  433
137  877
877  301
238  615
695  872
695  786
7  632
7  507
632  428
193  708
193  513
115  248
973  675
57  485
306  174
298  545
225  235
225  940
235  111
311  312
311  994
312  546
814  646
553  573
55  452
55  893
452  534
127  861
127  49
861  609
34  435
34  899
314  794
314  606
143  505
143  147
340  472
340  942
472  725
389  550
389  743
550  963
506  739
506  523
739  802
295  263
597  937
597  538
27  903
27  324
114  617
114  796
617  49
494  591
124  220
318  665
318  384
665  107
676  184
74  574
574  709
293  206
347  960
281  601
281  856
601  309
273  404
273  468
404  491
148  608
148  182
608  546
670  875
670  233
875  498
843  855
855  15
573  254
180  796
180  514
952  361
385  444
294  857
294  190
857  862
32  853
804  6
769  894
894  863
190  638
292  775
292  675
383  797
383  125
713  923
869  693
684  856
836  233
882  59
615  230
40  777
40  643
777  290
488  979
488  962
979  60
520  584
584  884
582  931
607  85
240  659
659  944
353  543
543  950
146  631
631  336
358  403
403  900
427  752
392  514
290  237
521  109
750  987
750  782
987  271
122  200
122  917
200  95
10  187
10  497
187  926
960  463
529  860
529  858
860  207
497  391
641  523
413  577
591  934
81  972
81  889
972  117
324  920
920  391
75  629
863  630
419  593
419  652
65  323
323  887
97  588
588  884
433  645
944  250
778  456
663  513
343  526
343  727
526  522
533  945
533  939
945  579
125  718
718  155
144  182
4  638
4  418
270  592
592  914
86  981
878  168
283  369
369  285
862  959
959  202
650  826
650  504
826  436
609  393
167  795
201  626
152  242
242  566
245  406
245  984
126  841
841  265
949  426
544  754
468  704
773  818
253  802
253  64
686  762
308  881
308  557
368  594
594  926
408  138
655  549
44  446
44  751
446  710
327  721
721  816
202  384
643  377
534  791
791  724
26  279
743  93
220  212
538  770
770  255
179  376
179  610
376  921
917  997
997  209
372  549
372  866
647  366
436  918
213  249
576  309
999  25
284  758
758  150
344  908
331  527
377  272
605  623
605  78
623  715
209  740
365  897
365  33
974  164
214  482
176  610
228  939
30  461
461  611
362  818
362  501
25  531
696  467
426  986
986  697
465  624
465  23
624  380
266  611
266  258
60  381
61  101
61  887
101  492
338  786
853  642
106  476
653  827
653  415
827  479
839  174
476  577
277  985
93  785
893  969
969  416
820  866
820  757
370  401
401  325
467  712
690  732
690  258
732  705
215  879
495  880
880  525
400  541
895  912
895  236
912  131
181  930
230  660
660  33
191  720
109  604
807  399
901  930
626  896
724  983
983  715
645  985
416  634
634  934
155  703
71  589
589  511
568  911
522  271
756  998
998  954
672  803
133  303
107  415
56  749
56  730
749  968
70  569
217  339
217  525
339  811
466  64
425  788
399  66
846  687
254  978
978  995
579  511
456  539
539  508
831  992
831  366
992  679
507  812
812  630
703  914
325  720
795  492
128  942
128  970
397  753
581  45
560  616
889  337
396  848
218  600
600  963
52  981
52  373
371  859
950  935
909  946
909  393
481  482
935  20
337  679
278  484
705  556
354  418
117  267
175  970
788  447
428  177
604  943
547  162
751  569
265  621
237  557
931  147
821  572
272  762
374  113
918  964
832  961
879  621
131  216
216  737
168  437
707  760
38  508
157  737
954  710
565  941
666  961
870  113
184  381
902  530
177  753
