179 1055
179 1006
179 2078
1055 30
1055 1545
234 1288
234 254
234 2526
1288 1304
1288 912
1991 2062
1991 1874
1991 2644
2062 1221
2062 1622
29 2098
29 37
29 1846
2098 63
2098 88
24 2866
24 726
24 723
2866 1277
2866 1225
2075 2094
2075 1114
2075 1182
2094 2309
2094 332
1699 2656
1699 2862
1699 2681
2656 2144
2656 416
774 865
774 1462
774 2942
865 2411
865 362
1804 2743
1804 1732
1804 1026
2743 32
2743 868
207 2629
207 766
207 1490
2629 1369
2629 33
1310 1720
1310 1733
1310 152
1720 169
1720 2549
1088 2934
1088 1430
1088 755
2934 244
2934 2435
67 1762
67 1364
67 872
1762 1621
1762 2631
49 1107
49 2988
49 2794
1107 1100
1107 1945
887 2801
887 2431
887 2601
2801 1590
2801 1271
2136 2481
2136 1439
2136 2339
2481 2814
2481 2829
28 2474
28 811
28 2516
2474 1440
2474 2987
1333 2721
1333 2163
1333 1635
2721 2503
2721 2439
972 1772
972 2854
972 1947
1772 1947
1772 1010
243 2107
243 2650
243 2954
2107 828
2107 1180
951 1314
951 173
951 2679
1314 849
1314 1323
169 1616
169 1415
1616 452
1616 2470
1016 1516
1016 256
1016 1659
1516 1996
1516 1260
525 2410
525 1622
525 2331
2410 901
2410 1369
1336 1642
1336 408
1336 1499
1642 863
1642 482
863 2945
863 226
344 714
344 869
344 2861
714 1913
714 2884
1325 1592
1325 3
1325 2262
1592 2267
1592 1222
1298 2050
1298 495
1298 1363
2050 902
2050 990
618 1735
618 1565
618 472
1735 457
1735 2601
1873 2973
1873 446
1873 855
2973 2579
2973 1228
41 2346
41 620
41 806
2346 2622
2346 2388
2077 2903
2077 628
2077 153
2903 2912
2903 427
1184 2149
1184 2022
1184 638
2149 2064
2149 925
1467 2731
1467 1235
1467 2751
2731 955
2731 2449
1147 1694
1147 2403
1147 279
1694 891
1694 2193
645 1083
645 2392
645 1975
1083 1493
1083 619
1528 1676
1528 968
1528 2974
1676 837
1676 85
258 1944
258 759
258 92
1944 513
1944 1684
51 2698
51 2818
51 800
2698 1979
2698 2960
233 2264
233 971
233 1583
2264 2762
2264 1057
1232 1813
1232 1400
1232 2907
1813 1152
1813 1607
1618 2228
1618 2924
1618 1273
2228 1015
2228 34
624 2130
624 2052
624 2087
2130 2414
2130 2487
37 502
37 889
1158 2828
1158 2103
1158 2855
2828 2243
2828 2170
1387 1459
1387 2887
1387 416
1459 1734
1459 341
1188 2375
1188 1557
1188 1287
2375 2790
2375 45
310 566
310 303
310 1108
566 1094
566 1079
1112 1905
1112 2980
1112 2251
1905 2724
1905 960
881 2461
881 840
881 288
2461 736
2461 2981
192 1836
192 374
192 965
1836 2592
1836 396
828 780
828 583
1140 1349
1140 1027
1140 1848
1349 2148
1349 670
2402 2852
2402 2026
2402 946
2852 878
2852 925
713 2336
713 444
713 2544
2336 1605
2336 1675
477 2889
477 1178
477 793
2889 956
2889 424
2058 2736
2058 1712
2058 2616
2736 1711
2736 2276
225 1508
225 462
225 2084
1508 894
1508 2172
280 889
280 1498
280 561
889 2047
1397 2409
1397 1851
1397 657
2409 2258
2409 1758
817 1240
817 2036
817 1727
1240 751
1240 739
1959 2974
1959 193
1959 715
2974 2478
122 683
122 1176
122 2270
683 2291
683 1099
2376 2387
2376 806
2376 1917
2387 2640
2387 684
747 1231
747 1820
747 2534
1231 1581
1231 1517
1145 2454
1145 2118
1145 2476
2454 1299
2454 2669
510 1479
510 778
510 366
1479 1538
1479 1096
221 528
221 2591
221 2808
528 1477
528 737
1546 1826
1546 1736
1546 1606
1826 163
1826 985
132 861
132 244
132 478
861 427
861 492
2419 2546
2419 1639
2419 2428
2546 2207
2546 664
1734 945
1734 2028
85 859
85 168
859 2611
859 411
283 1550
283 473
283 251
1550 2380
1550 2367
1294 2649
1294 2822
1294 2614
2649 2669
2649 2416
1811 2084
1811 1878
1811 422
2084 838
2282 2796
2282 2944
2282 2427
2796 1022
2796 2513
112 2017
112 1050
112 446
2017 60
2017 2947
879 1707
879 2141
879 299
1707 791
1707 870
1127 2942
1127 2113
1127 289
2942 541
919 1466
919 2857
919 419
1466 492
1466 178
293 2235
293 515
293 589
2235 846
2235 457
1264 2105
1264 1533
1264 1517
2105 1664
2105 2685
156 1786
156 1876
156 2918
1786 1489
1786 1318
161 2496
161 2224
161 40
2496 1131
2496 469
363 2802
363 1274
363 1457
2802 969
2802 440
1853 1914
1853 2915
1853 1890
1914 313
1914 2807
471 2516
471 1031
471 351
2516 1889
548 2335
548 2453
548 557
2335 2226
2335 2034
39 1841
39 2787
39 1987
1841 30
1841 292
730 1327
730 2495
730 2221
1327 126
1327 128
321 2722
321 795
321 2060
2722 1888
2722 856
1840 1899
1840 756
1840 899
1899 765
1899 1360
700 804
700 1049
700 1539
804 2155
804 1254
347 1690
347 2810
347 181
1690 603
1690 1579
425 789
425 163
425 2655
789 2858
789 484
2140 2871
2140 902
2140 1448
2871 460
2871 947
1723 2764
1723 2933
1723 780
2764 659
2764 247
162 2026
162 2373
162 819
2026 2660
2822 1935
2822 1535
907 2849
907 1880
907 2658
2849 394
2849 476
1471 2680
1471 1098
1471 2720
2680 767
2680 2842
1281 1299
1281 227
1281 1863
1299 605
1198 2927
1198 1069
1198 689
2927 470
2927 1224
1526 2312
1526 2931
1526 86
2312 2442
2312 2829
405 2512
405 958
405 966
2512 1973
2512 2069
726 2676
726 2293
1999 2894
1999 1543
1999 507
2894 2288
2894 552
96 1320
96 2573
96 867
1320 2676
1320 1666
196 1350
196 1449
196 594
1350 2920
1350 742
255 882
255 1773
255 1190
882 1369
882 1549
1011 2800
1011 1347
1011 160
2800 2587
2800 1580
438 940
438 1219
438 1573
940 1458
940 1941
950 1452
950 2436
950 2245
1452 851
1452 1572
1379 2571
1379 662
1379 1778
2571 1739
2571 1475
2308 2414
2308 522
2308 1679
2414 1126
920 1572
920 547
920 2041
1572 1612
447 1580
447 792
447 250
1580 2865
368 2204
368 748
368 586
2204 2741
2204 2047
1159 2930
1159 722
1159 886
2930 1284
2930 1856
1612 189
1612 854
1004 1739
1004 1857
1004 2971
1739 1578
1973 1019
1973 818
1175 2962
1175 1922
1175 176
2962 556
2962 1474
1965 2689
1965 1649
1965 2567
2689 261
2689 1857
2643 2943
2643 260
2643 2360
2943 1783
2943 2531
945 779
945 591
211 467
211 2912
211 2944
467 1246
467 1064
2557 2706
2557 2148
2557 2751
2706 188
2706 900
1797 2928
1797 1399
1797 2246
2928 2530
2928 1195
397 1326
397 1573
397 1497
1326 1710
1326 542
1532 2154
1532 801
1532 679
2154 334
2154 2798
137 1537
137 437
137 1539
1537 2316
1537 623
956 114
956 18
533 1768
533 129
533 1704
1768 1631
1768 2010
1655 1993
1655 2114
1655 1625
1993 898
1993 1793
977 2786
977 2950
977 2543
2786 2847
2786 1949
1365 1412
1365 443
1365 764
1412 2166
1412 2804
2858 1957
2858 489
350 1119
350 754
350 2933
1119 1455
1119 2621
19 2732
19 390
19 2432
2732 2893
2732 1918
193 205
193 2176
2453 1295
2453 2635
514 2671
514 1015
514 1258
2671 1435
2671 1724
2351 2917
2351 1370
2351 5
2917 1513
2917 979
65 2123
65 108
65 1269
2123 785
2123 2398
448 2850
448 2348
448 224
2850 2630
2850 2523
662 1456
662 1759
2775 2835
2775 2457
2775 1740
2835 2868
2835 269
1785 1821
1785 1456
1785 2055
1821 948
1821 2138
560 1680
560 2679
560 1536
1680 672
1680 2142
1764 2918
1764 971
1764 128
2918 473
511 2377
511 1709
511 451
2377 408
2377 2955
431 543
431 500
431 2911
543 460
543 1913
569 1036
569 1634
569 1461
1036 1907
1036 1307
690 2074
690 2864
690 1241
2074 987
2074 2528
369 2232
369 436
369 1593
2232 309
2232 273
665 2939
665 2278
665 1172
2939 1562
2939 2296
858 964
858 353
858 1985
964 499
964 2678
717 2185
717 2667
717 2038
2185 264
2185 1954
840 2405
840 1539
2405 1663
2405 2320
1726 2445
1726 573
1726 2509
2445 1450
2445 1939
108 1781
108 440
1781 1389
1781 2287
1330 2848
1330 523
1330 1009
2848 681
2848 324
710 1874
710 1564
710 1208
1874 128
2863 2904
2863 1407
2863 457
2904 1433
2904 199
1257 1832
1257 982
1257 1223
1832 1227
1832 2985
2003 2385
2003 2508
2003 88
2385 1377
2385 2621
493 2565
493 2735
493 2389
2565 32
2565 1972
102 1141
102 2920
102 379
1141 2668
1141 849
983 2473
983 1518
983 1510
2473 961
2473 1024
2086 2947
2086 518
2086 1771
2947 1510
580 1709
580 1738
580 187
1709 975
2113 1025
2113 434
971 1080
1671 2344
1671 2477
1671 2218
2344 1104
2344 1695
1126 1902
1126 1221
1902 1705
1902 2424
1176 1228
1176 536
1118 2081
1118 1805
1118 2300
2081 1595
2081 1215
1827 2083
1827 913
1827 1133
2083 202
2083 1460
944 2559
944 2694
944 2045
2559 2076
2559 2477
63 481
63 708
1543 2714
1543 1487
1981 2240
1981 1214
1981 674
2240 10
2240 2530
830 1771
830 1265
830 1399
1771 970
1398 1476
1398 990
1398 2275
1476 2620
1476 608
1947 2890
2890 1800
2890 2255
1634 2015
1634 503
10 1645
10 930
1319 1724
1319 957
1319 1620
1724 1324
559 2468
559 1332
559 1097
2468 576
2468 1527
1967 2223
1967 305
1967 2072
2223 1446
2223 1106
2115 2597
2115 1545
2115 1584
2597 52
2597 2449
610 922
610 479
610 166
922 599
922 693
515 418
515 1541
456 2990
456 1078
456 2702
2990 2354
2990 2745
21 57
21 1473
21 2913
57 816
57 2007
664 2941
664 1606
2941 66
2941 1718
314 1492
314 776
314 2153
1492 1313
1492 656
836 2035
836 305
836 2508
2035 2632
2035 520
106 2122
106 2593
106 2475
2122 2665
2122 2147
1650 2009
1650 992
1650 1429
2009 2119
2009 145
2267 2877
2267 1449
395 841
395 1493
395 811
841 172
841 2209
959 2245
959 802
959 1484
2245 54
2857 658
2857 585
77 2950
77 1496
77 2976
2950 2860
36 2294
36 909
36 2213
2294 136
2294 928
2274 2777
2274 1079
2274 808
2777 315
2777 1725
1051 2981
1051 2979
1051 2350
2981 475
218 2692
218 2983
218 2099
2692 2037
2692 888
928 1598
928 2564
1598 1891
1598 1799
1462 2404
1462 2031
1259 1881
1259 1247
1259 2896
1881 1424
1881 2131
824 1866
824 1605
824 531
1866 1137
1866 1749
692 1229
692 2246
692 2545
1229 2134
1229 361
127 198
127 2527
127 1434
198 905
198 1022
2438 2665
2438 2921
2438 749
2665 2906
2260 2937
2260 2538
2260 1212
2937 1192
2937 468
401 744
401 2348
401 1685
744 413
744 2218
1357 1848
1357 1716
1357 1870
1848 2808
2847 1068
2847 2673
1433 2681
1433 1134
1996 2564
1996 2878
2412 2636
2412 2968
2412 1177
2636 651
2636 1576
1206 1946
1206 509
1206 1375
1946 1927
1946 1817
1099 2940
1099 1254
2940 2326
2940 1643
121 775
121 1352
121 2066
775 152
775 2688
154 2527
154 677
154 892
2527 1660
1404 2805
1404 2920
1404 2085
2805 486
2805 2739
982 1950
982 144
1364 206
1364 2355
147 1027
147 366
147 422
1027 650
1201 2618
1201 119
1201 2951
2618 337
2618 2352
2400 2846
2400 1337
2400 1956
2846 2247
2846 1595
813 1279
813 2080
813 1472
1279 1581
1279 2545
603 2493
603 1197
2493 1687
2493 2120
967 2819
967 1149
967 621
2819 232
2819 912
835 962
835 1074
835 336
962 2297
962 1855
987 1875
987 685
452 2439
452 1581
2439 496
282 1301
282 1151
282 301
1301 1022
1301 1415
727 2378
727 2250
727 1321
2378 1880
2378 81
1086 2036
1086 615
1086 924
2036 1782
260 1806
260 1803
1806 2911
1806 2758
187 1773
187 2178
1773 2865
612 1712
612 2888
612 689
1712 2825
101 1839
101 35
101 84
1839 1656
1839 322
1718 1927
1718 95
1927 1577
1440 16
1440 939
1665 2812
1665 1262
1665 195
2812 305
2812 1242
508 1024
508 2472
508 1907
1024 1825
1039 2823
1039 1878
1039 1111
2823 630
2823 1111
340 776
340 286
340 2117
776 109
111 1710
111 387
111 214
1710 2349
253 2210
253 1383
253 1648
2210 117
2210 349
1378 2011
1378 1482
1378 2893
2011 538
2011 2697
1766 1850
1766 1870
1766 2951
1850 2606
1850 2106
306 2002
306 715
306 2000
2002 2590
2002 2970
316 594
316 410
316 1322
594 2897
2041 2192
2041 2959
2192 582
2192 1632
857 2475
857 989
857 743
2475 988
173 184
173 1704
693 2261
693 1910
2261 2135
2261 761
2160 2367
2160 2263
2160 2507
2367 1743
750 2661
750 1362
750 504
2661 524
2661 1755
2082 2795
2082 437
2082 535
2795 2624
2795 584
875 1692
875 698
875 1791
1692 2292
1692 2220
1820 1867
1820 2619
1437 2667
1437 1879
1437 1285
2667 1765
1265 2536
1265 466
2141 2935
2141 914
1985 2150
1985 1160
2150 338
2150 1021
329 2187
329 1547
329 2569
2187 526
2187 2471
2292 901
2292 1777
99 540
99 466
99 1393
540 2363
540 1733
1451 2299
1451 2116
1451 958
2299 2429
2299 2693
1120 2526
1120 180
1120 1684
2526 2542
93 2925
93 927
93 1002
2925 2609
2925 1306
745 2374
745 2610
745 1722
2374 1047
2374 1367
339 2603
339 2487
339 2991
2603 694
2603 604
978 2957
978 1138
978 2371
2957 394
2957 1488
1037 1368
1037 1233
1037 1643
1368 834
1368 1761
873 2024
873 1219
873 1615
2024 354
2024 1344
930 1377
930 948
1377 1674
418 589
418 2199
589 622
239 1661
239 2334
239 505
1661 6
1661 59
4 2521
4 1393
4 2601
2521 470
2521 809
2152 2343
2152 988
2152 2709
2343 151
2343 320
1049 2479
1049 590
2479 160
2479 2248
2363 2121
2363 834
116 1512
116 262
116 2164
1512 308
1512 2958
1802 2365
1802 621
1802 1587
2365 534
2365 801
1303 2534
1303 1105
1303 1370
2534 916
100 606
100 2811
100 2263
606 2919
606 2110
616 1167
616 1784
616 1012
1167 2179
1167 2101
1046 1763
1046 486
1046 965
1763 2631
1763 2174
2694 40
2694 2456
1919 2827
1919 2659
1919 1059
2827 847
2827 1172
1867 326
1867 2734
760 2460
760 180
760 2625
2460 2580
2460 262
387 2907
387 912
1104 2046
1104 2972
2046 2654
2046 2525
75 735
75 176
75 2225
735 724
735 2681
499 171
499 1191
1237 1975
1237 625
1237 2952
1975 1142
16 188
16 2908
2406 2711
2406 646
2406 1990
2711 1576
2711 2705
269 1287
269 1623
1287 1052
1939 2870
1939 2880
2870 45
2870 2068
801 1535
1744 2469
1744 523
1744 2463
2469 600
2469 95
1936 2552
1936 2992
1936 2072
2552 2710
2552 2476
1589 2151
1589 538
1589 2752
2151 911
2151 210
620 862
620 2767
946 1952
946 2420
1952 815
1952 671
639 2987
639 1017
639 736
2987 184
1044 2476
1044 699
1044 1238
2536 870
2536 1169
605 2813
605 770
637 2878
637 454
637 1425
2878 2806
464 2628
464 287
464 385
2628 655
2628 635
459 2716
459 1248
459 2254
2716 798
2716 751
831 2362
831 2055
831 1323
2362 761
2362 2604
825 2663
825 2051
825 394
2663 1986
2663 1831
759 1269
759 1703
832 1638
832 503
832 2446
1638 1845
1638 2501
277 1540
277 184
277 619
1540 2364
1540 792
787 2840
787 1963
787 2139
2840 1567
2840 268
1458 1057
1458 1384
649 1757
649 206
649 593
1757 1422
1757 476
2581 2666
2581 2452
2581 906
2666 974
2666 1807
469 2635
469 2000
2635 103
694 2303
694 2842
894 1756
894 296
52 185
52 482
14 1428
14 144
14 1522
1428 190
1428 8
715 2238
1847 2381
1847 2392
1847 921
2381 1464
2381 1315
2148 2334
2334 782
627 1023
627 885
627 2233
1023 1420
1023 1371
1430 2969
1430 1925
2969 2865
2969 2097
2272 2880
2272 435
2272 1407
2880 1715
1736 170
1736 1982
1396 2518
1396 905
1396 1646
2518 2757
2518 2876
152 2756
1716 2028
1716 11
2028 2338
1600 2670
1600 2030
1600 850
2670 1795
2670 1590
138 400
138 2369
138 26
400 1256
400 2860
483 2676
483 1272
483 1028
1455 767
1455 2089
1187 2078
1187 923
1187 1460
2078 2455
899 1247
899 1166
1247 1143
92 474
92 1682
1547 1137
1547 215
556 668
556 426
20 924
20 289
20 2434
924 1194
423 1962
423 702
423 2830
1962 2770
1962 98
115 1613
115 214
115 1283
1613 446
1613 1463
1489 2967
1489 2623
2967 522
2967 1205
1502 2693
1502 1662
1502 271
2693 297
1704 1979
1979 1073
378 2125
378 1614
378 732
2125 1070
2125 1895
48 1230
48 2401
48 2488
1230 2420
1230 2467
1113 1609
1113 120
1113 1599
1609 2215
1609 1698
1789 2867
1789 1538
1789 2658
2867 1394
2867 1218
766 592
766 1153
204 1031
204 2767
204 833
1031 1753
893 2165
893 2023
893 1236
2165 786
2165 629
487 1427
487 2818
487 304
1427 2472
1427 12
822 1636
822 1385
822 257
1636 1549
1636 793
1095 2053
1095 2262
1095 2030
2053 1426
2053 2413
123 1835
123 519
123 1926
1835 1156
1835 1223
1180 2466
1180 609
297 1359
297 1166
1953 2027
1953 1601
1953 2589
2027 1524
2027 1115
1324 2499
1324 421
2499 1942
2499 1673
1098 2485
1098 497
2142 2988
2142 2241
2988 157
1669 2596
1669 1731
1669 1457
2596 1587
2596 1687
870 2630
1168 2442
1168 1689
1168 1917
2442 9
1043 1693
1043 2938
1043 2399
1693 1961
1693 2146
1570 2440
1570 741
1570 577
2440 2102
2440 2699
97 2189
97 1411
97 552
2189 1945
2189 739
2772 2818
2772 2219
2772 810
2626 2922
2626 1534
2626 1882
2922 2900
2922 573
1185 2300
1185 1760
1185 2184
2300 272
1682 2719
1682 1749
2719 925
2719 1038
1518 2019
1518 2938
2019 517
2019 2783
1453 2687
1453 2291
1453 2246
2687 809
2687 2965
244 2702
2702 762
885 2389
885 1358
261 1790
261 909
1790 270
1790 7
1803 2986
1803 2278
2986 686
2986 64
904 952
904 232
904 393
952 963
952 136
11 1438
11 1887
1438 33
1438 781
157 723
157 902
723 1323
501 1302
501 1858
501 1777
1302 357
1302 2980
415 2436
415 1958
415 794
2436 550
688 1380
688 1871
688 2770
1380 1496
1380 1282
1406 2690
1406 323
1406 1092
2690 1842
2690 2816
600 1071
600 2206
1305 1356
1305 2183
1305 1312
1356 414
1356 1788
1087 1978
1087 699
1087 412
1978 2321
1978 1209
551 1604
551 691
551 2310
1604 166
1604 752
295 2361
295 1054
295 1686
2361 1150
2361 1121
1879 1092
1879 2578
916 422
916 807
1009 2553
1009 2158
2553 2707
2553 2548
2285 2675
2285 2991
2285 934
2675 2427
2675 524
250 2631
250 705
1649 1632
1649 2296
2191 2899
2191 2977
2191 2896
2899 463
2899 2569
1286 1705
1286 1882
1286 2851
1705 1332
2911 550
903 2304
903 2441
903 1181
2304 434
2304 2768
826 2816
826 443
826 2057
2816 1132
504 1659
504 852
1659 892
31 2117
31 2996
31 1561
2117 1686
815 2422
815 2598
1943 2114
1943 1090
1943 388
2114 2477
1353 2877
1353 795
1353 83
2877 1904
1000 2579
1000 276
1000 1080
2579 613
2485 1204
2485 2462
1949 2395
1949 1338
73 2047
73 1389
73 901
2254 2537
2254 1956
2537 360
2537 1289
1246 435
1246 572
1101 1505
1101 2674
1101 1400
1505 1728
1505 2723
1383 1191
1383 2177
185 2316
185 38
686 465
686 2295
454 2337
454 1344
2064 298
2064 2298
758 1583
758 728
758 1856
1583 2614
2404 2391
2404 76
279 1358
279 2043
1358 2608
941 2066
941 1610
941 1930
2066 1277
862 2443
862 1042
2369 1192
2369 1109
235 949
235 1923
235 1896
949 880
949 1645
1721 2196
1721 2836
1721 652
2196 364
2196 2602
256 1374
256 2393
1374 1987
1374 1531
699 1968
1054 1293
1054 1012
1293 2491
1293 2742
1194 2946
1194 1151
2946 874
2946 1666
1285 2568
1285 1114
2568 2352
2568 558
837 2751
837 1658
2284 2881
2284 333
2284 2128
2881 2159
2881 1963
1355 2539
1355 2604
1355 2227
2539 2740
2539 1373
270 159
270 2632
1204 2195
1204 874
124 1335
124 1730
124 17
1335 2617
1335 601
581 2567
581 2762
581 1444
2567 1138
2354 291
2354 1410
247 2902
247 1442
2902 530
2902 834
1922 1193
1922 2771
844 1337
844 2738
844 2396
1337 1239
332 741
332 1778
741 364
461 1574
461 2039
461 1851
1574 2227
1574 2632
1602 2253
1602 2420
1602 1090
2253 2720
2253 1921
403 866
403 1125
403 679
866 1416
866 838
291 1527
291 2820
1585 2179
1585 2258
1585 1626
2179 526
1381 2509
1381 705
1381 1825
2509 201
2915 94
2915 1090
1780 2248
1780 958
1780 1161
2248 1889
1014 2465
1014 632
1014 2321
2465 319
2465 2087
652 2647
652 2658
2647 1918
2647 644
1630 2311
1630 228
1630 2317
2311 1359
2311 1084
2392 1849
1179 1846
1179 1041
1179 783
1846 2286
1870 220
91 1111
91 105
91 2955
1678 2897
1678 2433
1678 943
2897 56
1182 1199
1182 1986
1199 1478
1199 341
153 351
153 623
351 1775
1923 1091
1923 2984
2811 240
2811 2793
2065 2591
2065 1816
2065 2919
2591 601
1226 1935
1226 2371
1226 852
1935 1769
731 1363
731 2994
731 923
1363 1700
420 1047
420 1084
420 81
1047 2330
312 1859
312 134
312 468
1859 1903
1859 215
963 2737
963 2595
2069 2129
2069 721
2398 2558
2398 2182
2558 2507
2558 2176
1620 2771
1620 2324
2771 2703
864 2441
864 1738
864 2408
2441 155
1138 284
942 1533
942 1809
942 2868
1533 2780
1883 2112
1883 1419
1883 1196
2112 107
2112 1329
1003 1706
1003 1510
1003 2577
1706 966
1706 1849
1061 2015
1061 2287
1061 595
2015 1569
1861 2128
1861 2448
1861 2587
2128 2623
607 617
607 2932
607 183
617 970
617 268
1432 2993
1432 1614
1432 6
2993 1921
2993 891
136 671
671 398
1890 2167
1890 1234
2167 2540
2167 2936
1945 921
913 1515
913 1588
763 2244
763 2677
763 1509
2244 756
2244 1109
2093 2963
2093 95
2093 134
2963 625
2963 1267
1103 2447
1103 1010
1103 1117
2447 1490
2447 669
1359 2298
2298 1561
148 2651
148 2104
148 529
2651 2306
2651 2589
23 601
23 974
23 2281
1878 2826
1373 2695
1373 793
2695 1250
2695 725
2431 643
2431 2234
1493 2517
2517 1858
2517 1073
311 1995
311 1708
311 876
1995 2989
1995 1169
1564 1961
1564 712
1961 2097
436 1186
436 1774
334 1414
334 653
1414 2008
1414 322
367 1372
367 2520
367 655
1372 740
1372 1218
2745 2108
2745 1886
2654 2373
2654 1920
748 721
748 2359
538 2929
2116 1560
2116 2073
1513 2691
1513 1713
2691 1635
2691 1080
287 1524
287 2617
2220 2949
2220 2709
2949 2162
2949 571
1129 2269
1129 1750
1129 1653
2269 1725
2269 2258
553 2859
553 2127
553 1673
2859 1361
2859 1214
208 1077
208 931
208 1605
1077 384
1077 2443
103 1282
103 1020
227 711
227 1970
711 2231
711 2168
47 432
47 2820
47 791
432 1306
432 1501
2762 908
69 1891
69 2668
69 2627
1891 1223
230 2323
230 1429
230 2998
2323 2070
2323 650
6 2283
2713 2783
2713 557
2713 2793
2783 410
355 2952
355 770
355 417
2952 1267
591 2056
591 2785
2056 1625
2056 2700
754 1596
754 2584
1596 695
1596 2933
539 2507
539 2049
539 133
573 2146
2146 1560
206 2372
1196 2921
1196 2063
2921 191
1151 2256
1774 1963
1774 1484
1421 2327
1421 2305
1421 1908
2327 2014
2327 845
518 1244
518 120
1842 1435
1842 2627
1069 2528
1069 2650
441 2834
441 1343
441 1644
2834 1454
2834 1059
74 1190
74 2696
74 2170
1190 609
1800 1911
1800 1131
1632 850
303 2091
303 2370
2091 770
2091 1102
359 2238
359 936
359 1558
2238 910
523 954
954 1930
954 1417
1028 2425
1028 521
2425 2177
2425 165
1277 2573
2573 505
961 1213
961 34
341 1830
1830 685
1830 1876
2514 2836
2514 241
2514 2444
2836 2707
22 725
22 141
22 2038
725 1474
189 1627
189 2590
1627 1284
1627 2383
644 2250
644 2119
2250 2212
2614 241
212 1964
212 1536
212 1491
1964 701
1964 1457
2598 2759
2598 2723
2759 1989
2759 585
779 1496
779 2882
659 2630
659 2005
300 1408
300 175
300 2511
1408 1463
1408 381
802 2181
802 640
286 407
286 1571
1987 71
2118 2286
2118 2090
2278 1900
1193 2956
1193 1108
491 2551
491 70
491 131
2551 268
2551 149
1 2131
1 1060
1 929
2131 562
1593 2522
1593 2121
1183 1268
1183 1062
1183 146
1268 2483
1268 1566
2068 2162
2068 1170
2162 2778
1749 2275
638 1837
638 2211
1837 1525
1837 1255
1219 2901
496 2737
496 2883
2737 210
1517 2169
2169 1568
2169 1124
634 957
634 375
634 1684
957 1741
307 2052
307 2564
307 1732
2052 1775
597 2563
597 2740
597 608
2563 1958
2563 2423
798 2815
798 1361
1778 2914
1823 2838
1823 2396
1823 417
2838 2900
2838 1522
2096 2778
2096 46
2096 1443
2778 2283
1639 2198
1639 2576
2198 829
2198 1568
1354 2646
1354 2633
1354 1021
2646 191
2646 1776
1587 1834
1834 1351
1834 1252
13 2357
13 1730
13 563
2357 1647
2357 1983
989 2450
989 2791
905 2864
326 1801
326 2797
354 2792
354 814
880 2243
880 1695
2243 998
953 2648
953 1217
953 1566
2648 997
2648 1485
383 2607
383 810
383 2560
2607 1746
2607 1342
1541 2584
1541 2862
2584 1887
486 2723
872 2265
872 535
1617 2421
1617 2424
1617 265
2421 666
2421 829
2726 2741
2726 1942
2726 1447
2741 317
2808 327
159 1688
159 224
1688 2227
1688 163
498 2101
498 2825
498 17
2101 1448
133 2844
133 2181
2844 2576
2844 1191
1501 1928
1501 1968
1928 1463
1928 2688
778 2954
778 58
2954 2799
1137 2883
273 512
273 1155
512 933
512 190
570 886
570 1470
570 2482
886 2426
701 1745
701 1668
552 623
149 2200
149 1304
2200 292
2200 1405
71 2644
71 633
995 1250
995 1703
995 290
1250 732
777 2349
777 109
777 719
2349 2038
130 2995
130 1093
130 490
2995 1475
2995 1640
2237 2898
2237 2560
2237 2673
2898 614
2898 2307
772 1515
772 2430
772 2529
1515 728
453 1662
453 906
453 1534
1662 976
724 1122
724 2338
1122 330
1122 1154
2994 2561
2994 530
910 1880
910 1641
765 458
765 2242
2931 2111
2931 294
1177 2817
1177 651
2817 707
2817 375
1509 1920
1509 266
1920 404
2959 1444
2959 1296
168 1340
168 2605
1340 1413
1340 1429
2211 2535
2211 1328
2535 1342
2535 1897
1401 1551
1401 2276
1401 2932
1551 2935
1551 2371
635 1769
635 2173
1769 1249
62 228
62 1571
62 1486
228 142
1852 2886
1852 2183
1852 1117
2886 2970
2886 1754
2061 2976
2061 1446
2061 2882
2976 1382
1731 895
1731 1511
2373 1263
1345 1770
1345 114
1345 1640
1770 852
1770 2190
1787 2433
1787 2766
1787 2717
2433 2022
1142 1751
1142 434
1751 1384
1751 17
2389 1078
2216 2593
2216 1807
2216 1217
2593 2936
734 2339
734 1601
734 678
2339 2266
1746 1542
1746 632
2429 2709
2429 1045
640 1931
640 2012
1931 1402
1931 384
1898 2138
1898 2085
1898 1282
2138 1607
502 2021
502 579
588 1085
588 803
588 1275
1085 2302
1085 1485
2668 2633
2528 342
2617 843
2207 2779
2207 2820
1490 259
1454 2872
1454 1317
117 94
117 2604
550 2997
2997 884
2997 1603
2183 1697
849 2111
1125 2259
1125 2561
1907 150
1456 2855
2855 1483
1674 2914
1674 2280
2914 56
78 1483
78 2319
78 2329
1483 1389
201 705
201 2001
850 2073
1411 1608
1411 738
1941 2060
1941 257
2013 2653
2013 444
2013 1291
2653 1872
2653 331
444 534
2106 2263
2106 2092
2030 336
175 702
175 663
702 2989
666 2876
666 1610
2876 969
2111 2510
2538 614
2538 337
2508 2787
2576 1737
155 392
155 223
392 2908
392 2500
1280 2697
1280 1844
1280 1672
2697 2905
1424 794
1424 2379
1610 2326
2326 126
289 1313
1313 786
2286 2682
2787 1162
2530 1352
1157 1386
1157 1578
1157 104
1386 572
1386 1048
2608 1117
2608 2271
685 1912
1912 2049
1912 1304
661 2171
661 2159
661 1116
2171 2727
2171 818
900 1810
900 1181
1810 2184
1810 2733
2790 2746
2790 816
245 1506
245 1865
245 918
1506 2544
1506 2619
1446 2464
2464 2645
2464 1078
785 2753
785 1071
2753 1205
2753 59
572 2602
2602 2225
1331 1956
1331 1153
1331 1868
908 2463
908 2310
2463 1468
2825 1010
1529 2831
1529 2938
1529 743
2831 871
2831 445
1703 2609
494 884
494 1885
494 2710
884 883
1328 1400
1328 615
32 393
1422 2885
1422 1702
1957 2395
1957 412
1034 1713
1034 2774
1034 2212
1713 926
646 294
646 2040
1213 1886
1213 373
1886 1481
2895 2910
2895 992
2895 2833
2910 1253
2910 2329
1986 1871
366 2968
2968 1480
388 507
388 2380
507 1445
743 2341
489 2923
489 1068
2923 973
2923 1019
83 2572
83 1402
2572 2501
2572 1491
64 628
64 360
1480 2983
1480 1531
2983 2851
391 2314
391 1311
391 2730
2314 2290
2314 667
2178 2948
2178 120
1910 2560
1910 488
237 2645
237 385
237 1597
2645 2288
1309 1477
1309 997
1309 1211
1477 1644
1747 2206
1747 1018
1747 1431
2206 2779
413 2422
413 1864
2119 1123
2750 2763
2750 2239
2750 564
2763 878
2763 142
643 2004
643 768
1732 2025
1272 2488
1272 2194
2488 1591
1958 2637
2637 428
2637 2503
891 1472
2587 1248
969 2655
2655 1896
2703 2621
2703 358
1498 2803
1498 1990
2803 1855
2803 1594
484 1519
484 2684
805 1865
805 1291
805 214
1865 2502
740 682
740 2144
1753 1822
1753 2144
1822 1708
1822 782
1091 1877
1091 1284
1174 2935
1174 1041
1174 1696
2757 2532
2757 278
428 2099
428 2418
2099 275
1468 1903
1468 1394
1903 2975
2090 2868
2090 2322
1582 2752
1582 2133
1582 205
2752 2370
1029 2843
1029 1791
1029 796
2843 1443
2843 1110
1233 2394
1233 1557
2394 2901
2394 2494
353 1148
353 2044
1148 2416
1148 26
531 2462
531 2265
2462 1954
1311 2209
1311 42
2209 1395
433 1829
433 1410
433 1130
1829 812
1829 1150
1531 1426
384 2043
181 565
181 2640
565 419
565 2355
678 2172
678 1487
2172 2586
421 1228
421 2124
194 1940
194 784
194 2224
1940 2948
1940 1633
821 2435
821 2953
821 1652
2435 1097
45 2688
1026 331
1026 587
1930 0
1697 2842
1697 555
2291 2955
59 2634
50 2295
50 2595
50 749
2295 1136
172 546
172 2924
546 1189
546 1195
1538 110
2212 1245
1784 2791
1784 2781
84 151
84 816
151 970
374 631
374 1234
180 2229
937 1717
937 1562
937 1507
1717 2249
1717 2054
488 2542
488 2020
2542 2268
1926 2622
1926 1485
2622 1553
672 1584
672 2366
2740 2353
1222 856
1222 1818
1445 2964
1445 66
135 2641
135 1960
135 547
2641 583
2641 1673
980 2575
980 1559
980 2417
2575 197
2575 1200
1495 2758
1495 82
1495 2749
2758 430
1195 2975
1894 2503
1894 2532
1894 2432
843 611
843 876
1332 1906
829 1679
262 1824
1347 1556
1347 2109
2996 1948
2996 2201
780 2824
2502 451
2502 2594
2992 704
2992 2217
330 939
330 236
939 2325
2592 2578
2592 1366
94 2856
1858 786
2014 2396
2014 2791
656 854
656 2087
854 790
188 2912
143 1860
143 1893
143 27
1860 1648
1860 472
2774 1857
2774 2448
1178 38
1178 1628
1342 2566
818 1089
1089 2727
1089 697
1651 2869
1651 883
1651 2554
2869 2513
2869 642
345 2205
345 1110
345 2332
2205 476
2205 18
1730 2194
871 200
871 2188
1081 1809
1081 2916
1081 1339
1809 1755
1525 1691
1525 2765
1691 209
1691 183
2372 1864
2372 1275
631 1623
631 2029
1623 398
1896 2277
360 220
1260 1586
1260 2715
1586 2944
1586 781
513 2566
513 241
2566 1307
2674 1470
2674 1989
1656 2239
1656 2830
2239 1794
846 1276
846 2356
1276 797
1276 2417
681 2221
681 318
2364 703
2364 2742
853 1423
853 2784
853 1888
1423 2574
1423 381
389 1413
389 1270
389 2290
1413 1242
587 2366
587 2708
2366 1845
2303 2472
2303 1799
1171 1210
1171 2313
1171 386
1210 1362
1210 1997
812 2360
812 2383
2360 1375
2980 2155
1092 2739
2288 1915
1110 252
1801 1629
1801 1376
2936 2355
2020 2182
2020 1615
2182 1507
25 991
25 1292
25 2810
991 1469
991 2132
209 541
209 915
541 1008
1448 1624
1318 1376
1318 1681
1376 1938
767 1909
1925 1997
1925 1929
1997 718
1410 2076
2561 2773
220 1391
1391 2021
1391 1767
993 2611
993 2070
993 90
2611 335
1875 2977
1875 1990
1637 1845
1637 926
1637 2754
1782 2854
1782 2730
2854 2813
76 2231
76 1977
2231 2307
1796 2964
1796 1218
1796 1079
2964 217
898 1258
898 2704
2276 497
2532 537
386 2505
386 1115
2505 839
2505 2984
1450 406
1450 1854
697 1503
697 346
1503 2682
1503 2633
769 1527
769 2293
769 1132
2977 2556
107 1255
107 677
1135 1266
1135 888
1135 1743
1266 2606
1266 582
848 2841
848 313
848 2683
2841 199
2841 1611
2710 15
1728 1008
1728 174
808 2330
808 1050
2330 1976
1472 2640
1562 704
579 2531
579 2186
2531 90
1205 2236
1007 1621
1007 2001
1007 582
1621 2415
2872 2490
2872 1553
757 1060
757 1395
757 1500
1060 1207
1234 938
466 266
2102 2032
2102 1343
974 1504
1872 2612
1872 2760
2612 2616
2612 1239
1461 1915
1461 636
2293 2157
625 2455
275 1217
275 246
545 2007
545 1038
545 1066
2007 2213
87 2076
87 577
87 598
1563 1689
1563 298
1563 554
1689 2662
2380 842
2332 2639
2332 2368
2639 716
2639 72
878 2624
2624 142
2166 1677
2166 771
2060 2242
1263 1403
1263 1666
1403 1901
1403 455
58 2037
58 2042
2037 1249
1554 2979
1554 506
1554 1216
2979 1984
698 1812
698 2545
1812 1994
1812 2437
473 2079
2079 1200
2079 1542
2302 1215
2302 5
1695 2345
791 2555
242 1093
242 2010
242 325
1093 1152
1578 455
931 2049
931 409
402 2712
402 2511
402 2006
2712 1390
2712 2826
373 2814
373 43
2814 2782
1756 1076
1756 1042
984 1251
984 2733
984 1256
1251 1595
1251 1969
976 2095
976 1567
2095 2892
2095 519
2929 947
2929 2978
522 1817
455 393
668 2155
668 1937
222 530
222 445
222 1619
171 669
171 1136
1064 547
1064 1765
470 654
126 42
144 299
2784 1951
2784 302
2885 474
2885 999
1352 1776
1915 1165
2715 1116
2715 1393
1663 1249
1663 2492
1556 1989
1556 2999
43 1955
43 728
1955 1590
1955 2133
628 596
1207 259
1207 1012
1465 2523
1465 2181
1465 2222
2523 33
814 2734
814 733
2734 2580
38 2255
1162 304
1162 296
2080 9
2080 1988
2491 2615
2491 2497
2615 2659
2615 2480
2320 1843
2320 593
1097 1752
992 2724
1214 2965
1420 2450
1420 1166
219 1677
219 1559
219 178
1677 348
113 2806
113 997
113 1916
2806 2073
290 737
290 1729
737 660
1405 1998
1405 1599
1998 680
1998 60
357 424
357 1243
2970 333
1647 2063
1647 682
2063 170
1254 680
2906 2358
2906 845
574 2188
574 2033
574 1019
2188 2984
1791 2699
1435 1909
1909 2277
3 807
3 877
2229 2972
2229 2780
2972 557
1426 695
2032 2230
2032 1439
2230 1488
2230 771
2164 2660
2164 1499
2660 1473
1063 2761
1063 1588
1063 674
2761 263
2761 375
2511 2729
1449 2515
2324 2345
2324 89
408 602
602 1341
602 2821
167 1522
167 2257
167 34
427 1316
799 1681
799 1025
799 2391
1681 1937
1038 1068
1560 2415
109 2549
2609 2497
1951 2257
1951 1216
2945 1306
2945 2754
42 1316
2316 1552
1871 2672
1576 2358
2358 1417
1729 485
1729 2428
2234 1040
2234 2186
1227 2644
1227 276
2678 1824
2678 1897
2586 657
2586 2034
1025 1154
2001 2088
240 1740
240 1165
1740 1667
596 2039
596 145
2039 599
782 2544
288 2158
288 516
2158 820
1545 2724
1442 2785
1442 2139
2785 1575
936 1321
936 1658
1321 1511
90 1500
1500 2595
2634 2686
2634 1474
1170 2458
1170 536
2458 1371
2458 2699
809 2748
2727 985
792 1942
1186 2810
1186 996
2780 1838
437 1754
1754 1256
449 2168
449 595
449 2449
2168 1984
2045 2600
2045 1849
2600 1236
2600 1070
578 2226
578 611
578 2133
2226 2340
2177 1143
827 2610
827 2482
827 1163
2610 1032
990 2625
1123 1165
1123 2137
2159 1760
1131 1469
1469 371
1153 696
2765 2215
2765 439
2054 2085
2054 2434
274 2657
274 1124
274 2506
2657 2370
2657 2
1825 1597
15 1292
15 2483
663 1109
663 490
2677 1021
2677 2432
416 633
633 1366
1130 1300
1130 1220
2510 2444
2510 1544
660 1236
660 2504
790 2180
790 783
2180 356
2180 1577
1584 2766
985 2459
2459 1972
2459 1443
1700 2072
1700 1783
2134 2379
2134 2359
2379 361
756 1144
1733 2913
1603 2338
1603 1050
160 190
598 667
598 2315
667 2044
2186 2328
1070 1818
203 1558
203 1974
203 53
1558 641
1614 2048
1573 555
2642 2982
2642 1626
2642 1719
2982 2501
2982 542
583 1696
232 1062
1062 695
1906 2524
1906 1683
257 2247
1108 1606
1783 935
1013 1056
1013 2170
1013 146
1056 918
1056 2554
2127 2437
2127 1105
2393 1863
2393 2384
1255 1761
1761 80
1534 1436
1015 1008
264 739
264 2042
191 1972
654 1569
654 1094
1569 2798
2522 1938
2522 1382
497 2489
2489 2342
2489 1536
195 2555
195 2466
2555 1948
248 650
248 1160
248 2383
1017 1719
1017 1828
1719 2018
636 722
636 1134
722 1161
549 1988
549 1447
549 382
1988 1884
986 2744
986 684
986 738
2744 2599
2744 2033
590 932
590 2403
932 2407
932 323
2197 2807
2197 399
2197 267
2807 562
1750 604
1750 2218
199 479
1173 2788
1173 2217
1173 2729
2788 1911
2788 2529
2704 2746
2704 2585
2746 716
1002 1114
1002 1041
712 1329
712 2773
1329 1150
1895 2966
1895 2143
2966 577
2966 2413
955 2748
955 2672
2290 2478
2121 2277
1388 1441
1388 2457
1388 231
1441 807
1441 1244
2813 1982
811 2480
1139 1629
1139 2686
1139 1660
1629 320
1725 2896
1341 1969
1341 254
691 2225
691 2480
1624 2714
1624 1611
2714 249
2203 2451
2203 1202
2203 1767
2451 213
2451 2794
419 2289
2756 2729
2756 896
2679 442
2397 2860
2397 2961
2397 923
1270 2368
1270 755
742 2161
742 2110
2161 1439
2161 2321
2707 313
2021 2513
1577 2252
2252 670
2252 72
2395 2832
174 372
174 593
372 2008
372 1366
733 1073
733 1164
224 1067
54 2456
54 200
2456 1475
1267 520
2224 915
356 2384
356 278
2384 2109
847 246
847 1520
1431 1966
1431 2874
1966 979
1966 2471
308 1385
308 1960
1385 527
1161 2659
276 2768
301 1215
301 696
342 1779
342 1030
2948 381
2005 2100
2005 2583
1071 2283
2556 2815
2556 2733
2815 2809
2520 1862
2520 1220
1855 1885
1059 1491
647 2059
647 1211
647 333
2059 1045
2059 2241
655 182
1794 1929
1794 1645
2883 2401
335 1738
335 960
1641 1793
1641 271
2193 2638
2193 1727
2638 1048
2638 1005
2490 1652
2490 1767
1615 2755
1646 1892
1646 1128
1892 292
1892 1121
2882 1409
1362 358
2924 2498
966 2147
2755 1146
2755 896
2328 1295
2328 1058
114 299
479 2266
851 1876
851 2452
319 1542
319 1271
874 2498
1473 2426
1549 2832
1798 2613
1798 1524
1798 517
2613 2696
2613 2249
2270 2110
2270 2672
2296 480
223 2242
223 440
200 379
349 999
349 689
336 1884
2325 658
2325 178
139 784
139 2305
139 1765
784 2975
2444 1601
2913 2040
1889 833
2519 2958
2519 803
2519 1075
2958 2424
1708 2236
1775 707
1470 2194
1882 1067
186 1048
186 1066
186 1814
1020 2500
1020 1407
2500 1992
1152 2287
1664 2273
1664 1308
529 1163
529 238
1163 675
2457 516
1698 2506
1698 2487
2506 1843
1269 1096
611 706
1625 2525
2525 1419
385 1197
1504 1568
1504 1887
938 1521
938 104
1521 2747
1521 1241
1567 1133
914 1436
914 79
1436 324
1484 2781
2781 1904
40 1904
2437 80
465 134
465 1486
2305 1828
911 1654
911 544
1654 1292
1654 1244
358 2137
673 2550
673 2071
673 2543
2550 1106
2550 1814
1295 1253
558 2782
558 2548
2782 2281
1212 1885
1212 2789
1291 2735
2089 2120
2089 1494
2120 927
2415 1497
399 27
399 495
1970 165
1970 2135
1116 2696
1417 2309
2309 396
309 1971
309 729
1635 2006
1901 1235
1901 249
236 2789
236 2341
2789 890
2434 231
679 2853
2853 1144
2853 379
463 2322
463 2735
2088 845
2088 1290
61 626
61 781
61 2616
626 177
626 1565
803 1897
407 2281
407 377
26 2494
2494 1742
1066 2926
265 1221
265 2382
1752 564
1752 1579
1065 2585
1065 1339
1065 1390
2585 1499
1156 746
1156 2804
753 1289
753 2486
753 1322
1289 259
328 1346
328 738
328 669
1346 1742
1346 2423
426 2417
426 2004
2773 895
337 382
382 272
2450 2482
1274 370
1274 1035
2900 996
1544 119
1544 2163
2620 1816
2620 1102
1339 752
2071 1519
2071 721
1817 2504
263 1893
263 1657
1893 2126
1338 2891
1338 141
2891 2884
2891 1807
490 1239
2748 1929
2961 2574
2961 648
506 2907
506 1792
2541 2766
2541 1557
2541 906
948 2070
1974 1968
1974 1040
869 1133
869 2340
1507 1072
2619 2769
1799 2590
2498 68
1795 2792
1795 2978
414 88
414 2960
480 2233
480 926
2233 505
1076 1714
1076 1679
2682 1273
516 1128
703 1631
703 1571
1631 2570
2720 2350
170 302
302 2909
1296 1402
1296 1924
544 586
544 1779
586 820
895 2684
2315 2319
2315 2307
2319 44
140 604
140 1555
140 532
680 2905
2623 1058
2965 315
2104 2156
2104 1599
343 1992
343 1607
343 1702
1992 1561
1132 2310
943 2273
943 1307
2273 1203
249 1864
509 2018
509 684
2018 2839
1018 2888
1018 1808
424 1530
1143 1005
1653 2769
1653 2978
890 2318
890 2701
2012 2926
2012 960
2926 1788
2932 1565
2569 1035
1395 1409
284 324
284 1711
1382 183
1409 2313
2313 521
2908 1976
2574 44
1316 1652
2862 2340
164 1149
164 2301
164 1144
1149 158
1106 2830
709 1360
709 2257
709 2214
1360 867
1224 1591
1224 584
1591 1208
229 2418
229 2583
229 2856
2418 2201
1100 409
1100 1082
1555 1758
1555 1434
1805 2214
1805 975
2214 1033
2423 1776
657 2873
1788 2738
2738 2599
751 2333
629 795
629 720
2991 1220
947 2157
979 2770
1863 2108
2000 478
630 474
630 267
794 648
2289 1932
2289 1497
2255 1760
481 2016
481 55
82 2799
82 2760
796 285
796 615
592 1317
592 897
2650 2143
773 1208
773 296
773 564
2821 503
2821 2905
2443 2971
2971 2792
917 2100
917 534
917 554
2100 2174
125 2333
125 1084
125 1934
2333 998
1146 2497
1146 897
2219 1096
2219 2051
1687 1552
2348 532
994 2669
994 2793
994 571
2401 788
1888 7
883 2839
1136 2956
1727 1715
2839 2998
7 720
2540 2483
2540 621
458 820
458 105
1843 79
2399 2887
2399 271
2352 2562
2562 788
2562 1384
1057 2837
278 2004
165 2833
1851 2884
2097 1278
1155 2909
1155 1619
2909 1644
1971 443
1971 768
1033 2190
1033 2864
2190 1559
460 718
718 304
1814 1343
1918 2725
729 1548
729 2589
1548 1737
1548 2856
909 806
298 1884
2345 632
2797 1933
2797 176
2403 641
2268 2809
2268 406
2809 1074
2747 897
2747 1948
118 2718
118 2331
118 131
2718 2023
2718 568
1370 1869
1869 1322
1869 205
1911 2588
1416 2705
1416 2837
1392 2685
1392 1258
1392 1640
2685 320
524 675
406 1670
202 1348
202 2701
231 2143
216 2153
216 1808
216 706
2153 1748
2368 988
315 2879
888 2547
2851 521
1994 1622
1994 1511
800 1670
800 973
1670 131
1755 1434
98 2673
98 1253
746 918
746 1006
1816 468
1808 404
2103 2048
2103 2708
119 2989
1611 1283
1667 2213
1667 1075
1950 377
1950 1367
2353 1856
2353 2605
30 2202
571 213
2504 1523
996 1481
1052 1815
1052 322
2411 1245
2411 370
719 981
719 2652
981 429
981 2956
797 1793
797 2322
2034 1954
1715 2879
398 495
2249 2427
1519 1351
1058 1425
2901 1520
141 2422
2455 2145
599 2484
2484 2350
2484 1900
823 2625
823 252
823 1300
410 788
670 2195
674 609
390 2318
390 2275
331 1189
177 1977
177 1203
1977 2256
2126 2280
2126 317
2280 732
1160 2217
272 2776
1675 2208
1675 2725
2208 2594
2208 1916
1248 642
1482 1792
1482 2652
1792 563
2826 1425
281 676
281 2057
281 2173
676 527
676 404
2256 2749
2031 371
2031 197
642 2329
1643 2599
80 2306
294 104
2145 158
2145 1980
435 2048
653 1608
653 2467
2215 2533
370 1668
1552 1486
2297 1261
2297 1245
439 1271
439 2833
1181 675
2799 1006
215 622
2022 563
2524 1628
2524 1367
1535 2583
1225 2662
1225 1745
2662 915
517 2570
868 1478
868 1300
1478 2156
771 2029
2466 576
1862 1202
1862 2471
0 317
0 1933
2 2543
2 1982
562 55
1169 2259
1916 2448
1105 1514
1514 1317
1514 2594
2953 251
2953 2492
53 2919
53 687
2108 537
584 2265
1575 999
1575 2875
2794 856
110 1464
110 1053
1464 2147
2728 2760
2728 2742
2728 2184
2262 2201
1164 1278
1164 1312
1172 2016
2040 2767
2804 285
651 226
2057 2580
1831 68
1831 362
482 1494
1980 2408
1980 1937
2408 762
46 1608
46 1976
1128 1216
2888 575
2010 1523
2247 1243
1494 2016
2861 526
2861 2202
485 576
485 409
2156 1261
2132 2779
2132 2029
2578 555
2157 2605
145 371
2008 2236
1351 1308
768 1672
1672 2199
35 2470
35 2683
2606 755
1243 1001
1192 1908
1908 2382
934 1005
934 2175
8 838
8 613
2686 462
1200 704
1619 2548
1487 12
2478 1657
1261 352
252 1984
933 935
933 567
935 1566
450 1960
450 2492
450 451
2768 2390
1777 1481
682 500
182 2025
182 2832
2025 338
1278 819
752 2023
56 210
246 2006
430 929
430 1633
929 2985
89 251
89 648
1626 2055
2051 2588
81 1741
213 2199
1877 396
1877 2776
1488 2337
2337 575
352 1900
352 1838
1394 1072
527 575
27 2664
2664 2430
2664 5
1447 70
1202 2467
2874 18
2874 2730
819 1390
2259 2652
1032 2391
1032 325
1045 2739
2382 2754
1748 2705
1748 55
839 2486
839 1053
2173 561
2135 2416
1235 2717
2717 2533
2163 1722
2195 1283
166 2769
1001 1815
1001 1275
500 1633
1758 1460
761 2407
2407 1290
1819 2279
1819 2683
1819 536
2279 1371
2279 1082
1348 2875
1348 318
2875 2067
1053 1742
1035 2251
2251 2137
716 696
325 927
1297 2582
1297 896
1297 2452
2582 2331
2582 44
2341 535
2515 2386
2515 1833
1415 1702
445 2347
1094 542
2470 1154
1211 2430
1553 1399
1375 1741
1815 2359
1597 2175
2129 2356
2129 66
70 2873
2042 2386
2446 595
2446 380
677 567
810 1696
2301 72
2301 2271
842 1711
842 1241
318 2776
892 1683
1683 217
2386 2139
492 1743
1913 327
2347 1252
2347 150
1121 376
1290 2222
2222 876
79 2951
1308 2708
2998 2342
1657 158
708 2486
708 613
478 2547
1072 2845
2845 2390
2845 762
2306 707
2570 1685
2887 968
1273 1969
1628 254
217 568
1197 1209
12 1668
1419 1238
2999 365
2999 687
2701 2829
2547 1714
1242 475
105 1686
2893 2124
2317 238
2317 2725
2092 2749
2092 442
267 1594
1594 1759
1660 1932
1932 2175
783 1189
1203 2577
285 226
197 860
380 1262
380 346
1262 764
442 2221
833 1530
2549 238
1838 2824
1745 2892
1124 2892
532 323
537 658
338 1701
1701 877
1701 1921
1938 86
1315 1658
1315 376
1588 2413
1074 150
2916 2985
2916 1082
921 2202
554 361
1067 1824
60 462
1520 2067
2067 519
877 1312
1418 1917
1418 346
1418 749
867 973
348 429
348 2109
429 1779
2529 1868
1737 2176
2318 2342
965 1334
2356 2627
2837 1924
619 475
362 2495
567 1759
520 412
1685 1722
1818 377
86 1833
2241 2390
968 2960
1868 998
327 641
614 855
855 2824
9 2428
1238 1714
1042 1844
1844 129
1075 2043
2044 1530
365 585
365 860
1934 2388
1934 687
2388 411
1361 2684
1344 608
1933 1209
720 1983
1983 1030
411 1828
2124 2577
568 975
1030 2700
2700 2271
2426 764
1579 1334
146 622
1648 2174
472 561
2033 706
1115 2266
1924 1444
129 68
364 1833
736 860
2554 1854
417 2533
2879 1334
1252 1523
2873 376
1102 2798
1040 1134
1854 2495
266 2588
