106  904
106  599
106  777
904  565
904  936
573  607
573  207
573  815
607  560
607  710
123  356
123  952
123  554
356  171
356  791
355  898
355  270
355  488
898  721
898  912
319  360
319  816
319  934
360  475
360  23
271  725
271  114
271  234
725  752
725  913
235  467
235  496
235  848
467  508
467  89
401  676
401  120
401  429
676  482
676  159
434  954
434  879
434  156
954  519
954  391
316  442
316  630
316  869
442  824
442  96
218  916
218  46
218  552
916  929
916  766
83  731
83  194
83  651
731  432
731  743
335  554
335  625
335  532
554  463
301  902
301  553
301  515
902  803
902  617
216  451
216  472
216  714
451  751
451  821
506  987
506  582
506  57
987  387
987  214
329  693
329  174
329  932
693  373
693  23
21  189
21  150
21  712
189  655
189  395
563  566
563  709
563  315
566  473
566  727
344  470
344  985
344  781
470  440
470  82
239  369
239  363
239  857
369  429
369  365
669  776
669  495
669  695
776  787
776  476
516  791
516  426
516  203
791  986
403  409
403  807
403  74
409  219
409  183
43  910
43  782
43  998
910  384
910  863
151  353
151  465
151  139
353  34
353  298
172  221
172  774
172  681
221  829
221  809
177  689
177  357
177  269
689  402
689  279
405  502
405  842
405  446
502  862
502  643
571  740
571  337
571  795
740  38
740  599
103  789
103  866
103  492
789  687
789  91
145  220
145  645
145  444
220  773
220  259
297  951
297  849
297  696
951  544
951  84
729  852
729  122
729  345
852  936
852  699
232  375
232  92
232  45
375  546
375  185
565  603
565  7
603  997
603  939
90  893
90  924
90  797
893  38
893  328
130  769
130  765
130  540
769  241
769  828
475  577
475  716
324  779
324  968
324  389
779  531
779  641
118  379
118  639
118  518
379  570
379  973
71  414
71  30
71  577
414  24
414  226
245  530
245  922
245  962
530  919
530  323
330  359
330  112
330  141
359  984
359  545
472  849
472  48
803  698
803  196
721  942
721  821
942  343
942  422
22  384
22  127
22  867
384  575
813  960
813  978
813  712
960  879
960  40
23  953
953  642
953  161
260  395
260  254
260  191
395  827
219  732
219  371
517  594
517  127
517  503
594  388
594  655
222  317
222  549
222  178
317  190
317  485
98  416
98  248
98  243
416  248
416  8
80  859
80  833
80  817
859  429
859  188
282  638
282  294
282  658
638  881
638  303
272  466
272  964
272  326
466  153
466  934
201  460
201  13
201  601
460  654
460  481
386  720
386  912
386  454
720  900
720  296
276  823
276  700
276  977
823  160
823  567
833  963
833  52
963  63
963  750
733  886
733  981
733  969
886  501
886  374
111  523
111  50
111  289
523  636
523  86
278  349
278  732
278  627
349  458
349  102
153  175
153  468
175  82
175  764
381  647
381  591
381  775
647  69
647  706
775  827
775  57
827  204
310  390
310  97
310  641
390  965
390  811
487  538
487  716
487  661
538  471
538  287
28  577
28  158
28  399
586  992
586  590
586  698
992  889
992  834
73  691
73  366
73  542
691  853
691  489
646  846
646  126
646  534
846  387
846  520
370  682
370  340
370  973
682  61
682  799
264  600
264  850
264  964
600  58
600  333
31  612
31  277
31  837
612  32
612  925
757  836
757  660
757  986
836  579
836  611
9  484
9  207
9  165
484  730
484  997
462  654
462  870
462  88
654  54
579  656
579  437
656  273
656  671
174  630
174  464
512  616
512  802
512  532
616  281
616  979
267  940
267  567
267  742
940  534
940  275
678  994
678  591
678  435
994  280
994  199
44  970
44  860
44  730
970  476
970  668
25  136
25  584
25  899
136  637
136  225
248  50
919  835
919  191
61  311
61  835
482  567
482  724
121  478
121  976
121  881
478  240
478  12
322  658
322  788
322  394
658  726
927  969
927  965
927  824
969  331
358  614
358  984
358  445
614  328
614  32
52  575
52  718
575  625
140  864
140  508
140  748
864  959
864  768
625  798
798  493
798  601
311  687
311  665
474  665
474  196
474  806
665  34
77  268
77  572
77  398
268  510
268  704
243  131
243  247
426  195
426  602
207  977
217  876
217  581
217  433
876  837
876  709
18  976
18  154
18  711
976  918
754  915
754  126
754  787
915  585
915  453
59  203
59  652
59  998
203  541
131  651
131  228
337  937
337  200
294  253
294  206
79  181
79  321
79  457
181  737
181  341
617  758
617  441
758  572
758  372
711  755
711  485
755  66
755  261
899  944
899  422
944  966
944  891
4  417
4  113
4  621
417  159
417  105
299  528
299  985
299  491
528  65
528  13
285  605
285  957
285  187
605  856
605  352
389  559
389  433
559  128
559  148
373  383
373  887
383  853
383  933
94  557
94  834
94  142
557  681
557  483
238  726
238  561
238  527
726  683
352  438
352  584
438  756
438  124
441  750
441  253
750  307
253  905
204  51
204  266
683  741
683  162
741  33
741  109
494  613
494  933
494  965
613  366
613  246
65  610
65  448
47  76
47  935
47  26
76  894
76  692
570  663
570  477
128  540
128  242
652  200
652  488
630  19
425  988
425  609
425  16
988  629
988  930
336  962
336  197
336  587
962  160
666  812
666  230
666  653
812  124
812  877
280  777
280  909
777  832
340  597
340  673
597  354
597  593
362  909
362  811
362  867
909  92
572  468
850  143
850  582
160  456
456  564
456  270
42  491
42  855
42  655
491  13
129  275
129  545
129  492
275  980
826  996
826  371
826  547
996  818
996  440
312  610
312  698
312  6
610  190
212  590
212  17
212  546
590  522
366  29
150  431
150  541
540  796
796  68
796  547
977  990
990  558
990  176
208  797
208  980
208  62
797  110
706  737
706  325
737  507
432  896
432  479
896  874
896  578
60  844
60  971
60  453
844  396
844  452
542  955
542  85
955  790
955  688
446  783
446  764
783  148
783  728
66  269
66  493
879  580
127  983
37  877
37  914
37  290
877  928
78  993
78  110
78  281
993  736
993  422
894  946
894  532
946  205
946  489
259  623
259  972
623  509
623  825
526  947
526  14
526  771
947  296
947  930
413  596
413  176
413  17
596  999
596  132
68  964
68  229
514  971
514  1
514  398
971  901
495  210
495  149
230  535
230  937
714  108
714  817
531  661
531  119
661  979
519  134
519  427
137  515
137  819
137  327
515  354
887  306
887  412
102  574
102  227
574  759
574  354
146  233
146  101
146  787
233  749
233  999
229  510
229  865
510  828
377  477
377  620
377  348
477  744
240  48
240  69
458  674
458  411
290  453
290  945
338  419
338  518
338  679
419  685
419  167
50  810
213  929
213  304
213  48
929  418
255  751
255  499
255  144
751  293
715  950
715  283
715  949
950  279
950  133
296  598
242  486
242  293
486  505
486  178
700  20
700  702
849  802
765  684
765  407
972  304
972  173
816  461
816  105
696  651
696  907
463  677
463  924
677  578
677  254
331  406
331  95
166  906
166  701
166  46
906  237
906  351
67  872
67  273
67  184
872  917
872  496
265  784
265  967
265  650
784  287
784  891
404  593
404  498
404  361
593  672
11  657
11  822
11  503
657  252
657  581
508  5
394  778
394  231
778  699
778  410
15  483
15  643
15  250
483  861
149  884
149  820
884  393
884  64
114  493
114  991
742  747
742  762
747  343
747  408
179  206
179  644
179  702
206  376
489  855
855  87
835  415
800  989
800  139
800  202
989  300
989  392
211  843
211  504
211  215
843  96
843  450
694  948
694  266
694  753
948  883
948  227
592  842
592  132
592  980
842  237
814  856
814  193
814  686
856  144
33  465
33  883
184  790
184  804
790  674
903  968
903  663
903  799
968  454
339  703
339  388
339  231
703  794
703  679
323  537
323  108
537  556
537  391
53  214
53  917
53  85
214  911
881  938
938  157
938  104
499  851
499  943
914  611
914  185
108  421
473  167
473  27
500  982
500  30
500  250
982  649
982  125
30  258
286  756
286  670
286  192
756  713
309  829
309  112
309  406
829  931
92  274
363  368
363  407
936  959
109  978
109  154
978  490
684  539
684  911
498  347
498  973
117  908
117  154
117  62
908  719
908  448
862  561
862  770
459  636
459  306
459  205
636  433
984  418
604  768
604  445
604  998
768  913
418  621
952  513
952  341
804  415
804  708
315  868
315  378
868  72
868  231
277  556
277  332
306  49
10  16
10  534
10  436
16  313
465  807
307  601
307  631
0  587
0  576
0  471
587  831
732  639
63  606
63  626
606  455
606  589
254  314
314  202
314  115
685  113
685  860
447  945
447  497
447  634
945  851
496  589
589  937
180  760
180  983
180  628
760  553
760  125
622  659
622  371
622  479
659  958
659  608
56  966
56  412
56  450
966  560
686  975
686  875
975  91
975  246
138  609
138  943
138  644
609  279
182  671
182  325
182  541
671  35
308  974
308  521
308  194
974  147
974  956
237  74
912  86
120  722
120  810
722  328
722  122
195  273
195  281
866  743
866  157
72  932
72  1
932  801
75  555
75  298
75  112
555  786
555  734
313  840
313  93
840  650
840  224
262  400
262  380
262  57
400  116
400  228
670  780
670  615
780  585
780  435
660  457
660  397
113  529
461  828
461  378
321  552
321  165
12  318
12  215
318  173
318  424
270  196
509  367
509  55
545  215
158  244
158  34
186  549
186  891
186  734
549  223
888  920
888  101
888  86
920  234
920  407
752  753
752  197
436  880
436  766
880  680
880  374
38  227
193  164
193  576
584  185
749  808
749  332
450  688
688  32
132  818
818  673
431  152
431  627
246  885
139  825
853  257
188  792
188  533
792  293
792  87
302  351
302  764
302  598
351  901
35  608
35  70
608  838
173  967
967  430
39  718
39  187
39  169
718  289
626  583
626  147
304  905
905  618
69  644
143  225
143  847
225  558
802  439
585  900
388  907
620  380
620  46
497  26
497  892
822  619
822  3
471  809
642  957
642  847
556  70
5  501
5  430
364  941
364  247
364  865
941  939
941  628
889  786
889  928
591  837
378  393
543  649
543  924
543  524
649  959
380  680
851  663
266  396
396  197
687  251
578  668
122  821
547  738
738  707
738  444
811  772
588  923
588  838
588  832
923  347
923  392
133  408
133  334
408  956
468  690
883  99
116  420
116  926
147  701
712  774
774  346
785  913
785  305
785  882
724  949
724  708
949  134
788  871
788  142
110  326
535  746
535  320
746  943
746  165
957  29
159  900
64  427
64  795
427  252
283  569
283  793
14  20
14  284
20  748
464  991
464  107
991  162
87  469
326  287
6  568
6  263
568  55
568  871
748  753
699  513
167  922
922  695
194  449
449  841
449  767
305  831
305  274
831  615
234  629
629  105
49  357
49  624
251  986
251  643
303  653
303  505
653  327
192  539
192  958
539  443
981  19
981  51
621  662
58  961
58  845
521  795
521  615
490  562
490  848
562  469
562  794
985  163
735  759
735  115
735  672
759  890
24  582
24  675
730  236
70  385
148  882
882  704
119  435
119  168
361  633
361  527
716  581
256  333
256  236
256  292
333  54
8  51
8  291
824  95
345  7
345  739
54  550
327  921
921  161
921  830
619  202
619  793
387  93
82  481
481  533
249  878
249  107
249  634
878  635
878  36
393  736
74  104
104  551
164  428
164  332
428  171
428  895
89  926
89  739
926  767
341  365
100  848
100  931
100  618
867  368
673  347
956  511
284  155
284  511
536  935
536  334
536  708
935  372
807  1
598  743
29  576
781  274
781  423
252  817
695  839
107  367
367  997
680  350
19  806
424  761
424  772
761  857
761  995
979  226
439  640
439  382
640  825
640  897
298  674
861  917
861  45
874  476
874  648
736  397
96  250
583  770
583  480
161  368
223  681
223  618
7  648
55  507
445  224
679  857
931  841
157  398
561  697
569  744
569  88
801  444
801  786
838  739
639  501
513  348
745  809
745  782
745  376
553  772
507  624
939  135
423  713
423  342
713  702
36  690
36  420
690  551
773  552
773  391
455  599
455  762
169  628
169  983
744  847
101  793
860  869
320  505
320  205
564  717
564  918
717  707
717  480
168  810
168  728
152  675
152  667
794  799
291  858
291  289
858  525
858  62
187  705
155  897
155  863
897  257
611  870
865  156
830  228
830  645
288  544
288  885
288  156
544  454
672  520
190  529
550  2
550  548
210  399
210  675
399  85
430  292
300  522
300  261
522  763
176  402
402  892
770  144
198  292
198  710
198  84
806  97
93  648
520  961
961  664
546  410
529  728
650  995
995  382
710  999
91  633
782  163
365  697
645  41
3  412
3  771
135  667
135  641
667  664
697  627
595  767
595  26
595  845
84  200
705  580
705  191
241  707
241  45
701  863
488  766
834  841
406  533
839  723
839  631
170  350
170  27
170  934
350  918
551  410
99  295
99  183
236  632
518  421
325  664
869  448
224  480
709  870
41  895
41  925
895  662
503  819
819  115
126  346
346  875
558  124
258  873
258  808
95  762
244  723
244  342
723  2
958  890
457  631
261  635
634  602
199  635
199  832
334  907
928  40
397  125
871  452
892  771
257  382
602  525
415  263
385  548
385  17
668  719
719  141
469  81
901  704
134  504
440  805
40  632
27  524
209  376
209  525
209  348
263  805
162  633
632  911
580  342
2  511
763  890
763  873
808  933
420  171
527  885
97  504
343  873
452  727
727  411
357  178
372  88
560  875
443  925
443  930
81  624
81  163
295  411
295  854
524  183
269  854
854  247
662  845
141  637
437  692
437  548
692  374
805  734
492  815
815  820
421  485
479  142
820  226
637  392
