50  122
50  52
50  53
122  67
122  141
248  345
248  304
248  303
345  21
345  94
45  230
45  43
45  296
230  208
230  180
343  385
343  88
343  346
385  110
385  279
142  311
142  203
142  312
311  354
311  302
117  185
117  215
117  20
185  135
185  100
76  302
76  353
76  190
302  109
197  241
197  290
197  198
241  131
241  36
70  162
70  379
70  207
162  119
162  18
85  351
85  239
85  121
351  203
351  372
5  247
5  69
5  9
247  376
247  346
108  322
108  184
108  254
322  306
322  145
100  359
100  51
359  297
359  339
228  329
228  352
228  394
329  88
329  271
137  354
137  41
137  51
354  20
17  287
17  160
17  1
287  99
287  317
171  349
171  331
171  249
349  48
349  224
84  188
84  71
84  41
188  166
188  62
233  337
233  321
233  24
337  136
337  330
280  342
280  292
280  348
342  175
342  14
68  159
68  390
68  380
159  173
159  288
10  310
10  73
10  65
310  73
310  391
158  210
158  52
158  225
210  23
210  175
40  186
40  356
40  97
186  377
186  383
213  243
213  382
213  126
243  113
243  149
208  325
208  54
87  339
87  0
87  236
339  14
102  196
102  357
102  124
196  132
196  146
106  324
106  150
106  352
324  4
324  282
13  365
13  134
13  104
365  275
365  64
273  393
273  169
273  112
393  66
393  338
250  279
250  167
250  77
279  235
223  371
223  91
223  135
371  127
371  190
271  362
271  165
362  291
362  148
75  93
75  105
75  363
93  8
93  270
119  33
119  305
181  336
181  299
181  144
336  267
336  392
31  89
31  56
31  209
89  30
89  104
304  327
304  296
327  26
327  325
163  261
163  46
163  366
261  3
261  154
239  138
239  114
231  251
231  356
231  281
251  123
251  111
49  140
49  81
49  206
140  37
140  318
12  272
12  92
12  91
272  215
272  259
2  344
2  43
2  191
344  384
344  245
152  360
152  226
152  288
360  238
360  263
220  292
220  69
220  19
292  28
211  265
211  27
211  318
265  55
265  145
86  378
86  217
86  216
378  264
378  363
113  129
113  153
129  267
129  103
24  217
24  341
217  275
226  301
226  77
301  136
301  294
56  155
56  328
107  123
107  98
107  237
123  313
120  205
120  384
120  166
205  373
205  309
54  316
54  221
316  383
316  19
373  368
373  399
43  246
33  372
33  116
259  289
259  179
289  266
289  139
51  388
52  236
307  398
307  183
307  103
398  202
398  151
36  141
36  15
141  147
189  396
189  326
189  225
396  125
396  148
153  347
153  193
347  256
347  364
133  187
133  245
133  389
187  82
187  254
0  297
0  147
297  284
91  28
317  334
317  321
334  218
334  178
179  277
179  209
277  173
277  234
127  134
127  294
134  200
325  313
331  218
331  193
74  135
74  274
74  192
225  333
333  144
333  206
184  126
184  390
96  394
96  174
96  7
394  35
26  235
26  269
183  204
183  178
204  285
204  286
156  293
156  131
156  98
293  160
293  224
172  212
172  4
172  65
212  380
212  57
27  65
27  375
167  256
167  281
256  270
377  388
377  269
388  357
34  374
34  372
34  382
374  380
374  355
30  283
30  3
290  164
290  61
130  356
130  59
130  283
118  222
118  286
118  323
222  227
222  165
88  238
143  237
143  263
143  252
237  397
136  308
209  164
151  244
151  328
244  266
244  258
294  262
46  266
46  170
131  255
6  18
6  60
6  221
18  300
57  260
57  16
260  306
260  95
164  335
335  387
335  195
47  128
47  25
47  32
128  25
128  309
105  240
105  221
240  330
240  236
169  350
169  249
350  308
350  199
200  284
200  97
284  257
21  395
21  379
395  16
395  216
191  234
191  44
234  328
111  177
111  101
177  11
177  7
174  182
174  370
182  66
182  367
176  357
176  367
176  101
168  267
168  95
168  299
4  58
132  126
132  109
274  376
274  295
71  165
71  61
80  399
80  361
80  95
399  376
104  253
73  348
170  242
170  110
154  386
154  368
386  332
386  199
218  252
48  79
48  319
79  28
79  320
285  366
285  22
366  203
193  83
282  338
282  391
338  149
232  238
232  194
232  268
175  194
7  161
161  155
161  341
39  173
39  62
39  8
368  296
383  115
15  150
15  397
150  145
330  397
109  323
323  286
44  101
44  314
255  312
255  389
20  41
3  99
216  303
303  314
72  82
72  78
72  214
82  214
245  201
11  319
11  112
387  246
387  114
160  298
353  315
353  190
321  305
268  315
268  166
315  364
42  390
42  258
42  146
98  38
144  195
326  214
326  62
63  381
63  64
63  340
381  249
381  139
229  358
229  346
229  207
358  67
358  215
81  157
81  332
157  227
157  219
227  257
257  278
224  306
69  35
384  332
352  59
8  78
78  341
195  23
246  300
83  19
83  139
55  64
55  252
16  348
300  99
291  299
291  124
320  1
320  275
219  264
219  263
264  178
67  138
23  355
35  77
148  309
155  201
25  242
242  269
59  370
370  313
103  375
375  288
116  194
116  53
38  9
38  66
92  391
92  369
1  202
94  149
94  254
305  138
283  369
369  198
235  253
37  112
37  298
60  276
60  115
276  9
276  262
253  312
202  363
198  147
110  90
124  114
90  201
90  364
22  340
22  308
379  29
53  367
262  278
382  146
58  278
58  180
97  361
298  318
29  125
29  258
14  32
180  199
361  32
314  270
355  389
121  192
121  207
125  319
115  295
340  295
192  392
281  206
392  61
