0  420
1  15
1  151
1  272
1  376
2  59
3  494
3  195
4  224
4  358
4  434
4  80
5  491
6  483
7  147
8  490
9  214
9  251
9  174
10  158
11  23
11  157
11  268
11  270
11  282
12  357
12  444
12  370
13  416
13  348
14  314
14  312
14  216
15  36
16  300
17  364
17  367
18  192
18  378
19  127
19  210
19  435
19  428
20  41
21  160
21  372
22  271
23  101
24  386
24  318
24  262
24  392
24  248
25  115
25  286
26  219
26  171
27  465
28  399
28  401
29  172
30  79
31  38
32  461
33  47
33  409
33  95
33  291
34  160
35  270
37  60
37  347
37  215
37  161
38  66
39  446
39  402
39  416
40  76
40  89
40  104
41  53
41  274
41  488
41  170
42  149
42  447
42  298
43  236
43  155
43  293
43  100
44  83
44  449
44  369
44  176
45  229
45  369
46  227
47  64
48  168
48  293
49  333
50  193
50  64
51  94
51  344
51  422
51  66
52  308
52  351
52  412
52  425
52  283
54  366
54  113
55  401
56  233
57  185
57  190
57  124
58  256
58  484
59  332
59  461
59  249
60  473
61  285
62  200
63  485
63  354
65  244
65  400
65  384
66  135
66  404
67  445
67  230
68  452
69  200
70  144
70  194
70  364
71  161
72  334
72  419
73  277
74  75
74  385
74  239
75  132
77  81
77  305
77  439
78  266
78  248
79  105
79  198
80  483
80  418
82  461
84  148
85  440
86  343
87  163
87  404
87  264
88  362
88  246
90  101
91  455
92  139
93  450
95  319
96  228
97  331
97  125
98  404
99  368
100  165
100  452
100  461
102  389
103  328
104  449
106  298
107  462
107  441
108  241
108  242
108  433
108  444
109  386
110  449
111  269
112  113
112  415
113  382
113  467
114  222
114  154
115  182
116  256
117  270
118  490
119  433
120  193
121  162
121  255
121  358
122  360
123  350
124  391
125  487
126  263
126  360
126  182
127  143
128  284
128  379
129  398
130  246
130  363
130  253
131  309
132  164
133  273
134  258
136  172
136  215
137  469
137  326
138  437
138  422
139  449
140  279
140  373
140  354
141  177
142  195
145  471
146  267
146  232
146  469
147  349
148  288
150  186
150  230
152  493
153  427
153  383
154  234
154  257
154  452
155  189
156  317
156  229
158  234
159  415
159  339
160  361
160  448
161  199
165  235
165  395
166  171
167  197
167  260
167  367
167  415
169  340
170  402
171  200
172  451
172  356
173  448
174  465
175  318
176  440
176  462
177  341
177  298
178  300
178  426
179  403
180  306
181  238
183  207
183  321
184  299
187  450
187  249
187  370
188  281
189  388
190  443
190  384
191  302
191  430
194  345
194  396
195  406
196  245
196  273
196  492
198  223
199  499
200  497
201  207
202  482
203  330
203  384
204  255
205  342
205  336
206  400
207  414
208  250
208  440
209  462
210  285
210  377
210  306
211  318
212  470
213  349
213  293
214  243
216  319
217  282
218  303
218  488
220  266
221  304
221  253
223  360
224  350
225  432
226  399
227  436
227  290
228  259
228  333
228  290
230  433
231  326
231  277
232  411
233  423
233  316
237  351
238  366
239  256
240  420
240  431
240  339
240  384
246  299
247  393
247  386
248  459
248  356
249  321
250  491
252  432
252  457
253  486
253  321
254  458
254  369
256  324
258  439
258  431
259  261
260  271
262  322
262  492
264  489
265  338
265  476
269  282
269  464
269  435
271  280
273  480
275  316
276  478
276  477
277  440
278  354
278  389
278  298
281  457
283  401
283  334
284  380
286  455
287  489
288  359
288  427
289  427
290  318
291  465
292  495
294  368
294  398
295  303
296  487
296  421
297  428
298  476
300  476
301  335
302  310
303  311
305  397
306  430
307  429
309  454
309  415
311  428
312  468
312  336
313  472
313  349
314  457
315  337
315  477
316  486
318  372
320  350
323  406
323  478
324  482
325  365
325  382
327  458
328  467
329  391
330  455
332  417
335  456
335  355
336  394
337  408
337  460
340  390
340  447
341  479
341  474
342  407
343  452
346  466
346  382
347  352
348  394
349  391
349  496
352  497
353  366
355  491
366  475
369  498
370  449
371  406
373  471
374  375
374  405
376  399
378  419
378  409
379  391
380  477
381  401
382  463
383  484
384  424
387  422
389  495
392  441
398  402
403  410
405  488
406  489
410  450
413  461
418  468
421  445
426  428
429  431
438  490
442  449
453  475
458  465
459  493
470  471
474  490
481  493
483  484
