0  2201
0  226
0  1377
0  1045
0  237
1  1924
2  2399
3  992
3  1096
3  1318
3  599
4  1560
4  453
4  1759
5  504
6  1794
6  2083
6  2591
7  1850
7  1476
7  229
7  687
8  2149
9  2634
9  1723
9  2159
10  459
10  813
10  102
11  697
11  1005
12  2889
12  1682
12  1003
13  2457
13  2934
13  742
13  1989
14  1138
15  715
15  2382
16  1293
16  2118
16  2429
17  970
17  2531
17  766
18  2728
18  2831
19  601
19  421
19  343
20  2152
20  308
20  1702
21  1077
21  1287
22  1672
22  42
22  2106
22  1118
23  797
23  846
24  107
24  2479
25  332
25  2103
26  2906
26  188
27  2050
28  2739
29  2571
30  2777
30  2027
31  2385
31  1081
32  2088
32  939
32  2799
33  2333
34  1408
34  2620
35  1352
35  2920
35  423
36  456
36  1219
37  2234
37  1366
37  1495
38  2640
38  1041
38  1260
38  1255
39  2849
40  1137
41  1395
43  1604
43  708
43  2853
43  581
43  1925
44  776
44  2628
44  1980
45  2083
45  1998
46  1905
46  722
47  2510
48  2274
48  2735
48  735
49  1395
49  1885
50  1256
50  1420
51  2846
52  1707
52  212
53  1691
54  2507
54  2188
55  2024
55  2616
56  1198
56  399
57  492
57  1108
58  2384
59  1160
59  1619
60  1851
61  826
61  2415
62  2570
63  2657
63  2650
63  365
63  2918
64  2475
64  1573
65  2399
66  721
66  1215
67  2912
67  1793
67  1724
67  230
68  923
68  2804
68  2399
69  1202
70  1776
70  255
71  2080
72  1224
72  156
73  2218
73  462
74  2808
75  1016
75  613
75  807
76  2986
76  596
77  304
78  1305
78  1739
78  2195
79  2289
79  730
79  1204
79  1310
80  2314
80  1358
81  2461
82  1252
83  375
84  2589
85  160
85  876
86  899
86  1012
86  1935
87  1133
87  2919
88  1289
89  1688
89  456
90  1785
90  1124
91  1469
92  1390
93  1563
93  2486
93  1422
94  2532
95  235
95  2893
96  394
96  2123
96  2428
97  115
97  2351
98  2283
98  943
98  2719
99  422
99  1319
100  780
101  1192
102  2269
102  1463
103  370
103  1812
103  1559
104  670
105  2446
106  2270
107  1772
108  1083
109  537
109  1099
110  1368
111  1353
111  261
112  2300
113  1459
113  2203
114  2420
115  1398
116  2089
116  770
117  144
117  2139
118  2290
119  2257
119  1378
120  707
120  550
121  1649
122  267
122  2202
122  2555
122  588
122  1039
123  890
123  1125
124  338
125  2311
126  2921
126  2735
127  1813
128  1317
129  1060
129  1548
130  2867
131  145
131  1289
132  1188
133  248
133  373
134  544
134  551
135  2731
136  2543
137  1688
137  1225
138  848
139  953
139  268
139  277
139  831
140  1432
140  1227
140  1374
141  819
141  1218
141  2235
142  1208
142  432
142  1332
143  2923
144  1570
144  2059
144  1556
146  2984
146  1866
146  1871
147  1972
148  761
148  2170
149  2067
149  1525
150  899
150  1388
151  1329
152  2210
152  2811
152  1700
153  1992
154  2355
154  1743
155  2474
155  980
156  2913
156  1586
156  2078
157  2125
158  378
158  1203
158  2174
159  1606
159  334
160  524
161  2480
161  1083
162  1553
163  1169
163  2614
163  1537
164  233
164  2639
165  569
165  2186
166  1617
166  1778
167  2398
168  1039
169  2433
170  2925
171  2507
171  1982
172  313
172  2210
172  573
173  1065
173  802
174  2771
174  867
174  950
175  1964
175  1869
176  1161
176  2666
176  2350
177  973
177  863
178  2965
179  819
180  2160
181  1911
181  1451
181  2343
182  2878
183  2395
184  2495
185  1468
185  973
186  2496
186  1571
186  1955
187  2008
187  881
187  1364
187  657
187  2815
188  2279
189  261
190  842
190  2452
191  1254
192  2601
193  1060
193  1222
194  1696
194  1809
194  2964
194  2365
195  1254
196  1248
197  1778
197  1068
198  248
199  2218
199  1247
200  1599
201  2104
201  668
202  898
202  203
204  1823
205  2712
205  485
206  977
206  594
206  1317
206  1390
206  679
207  2224
207  1452
207  1341
208  1114
208  637
208  926
209  1230
210  1598
211  885
211  726
211  1261
213  1281
213  2380
214  464
215  2214
215  2631
216  2514
217  1608
217  1677
218  2738
218  989
218  382
219  240
220  477
220  1735
221  1938
221  547
222  2953
222  1348
222  1525
223  491
224  1554
225  1384
225  1744
225  2997
225  1167
226  958
227  2356
228  511
229  2936
229  2157
229  2710
230  1302
231  2648
232  946
233  2998
234  1626
236  1910
237  920
237  795
237  2548
238  617
239  1402
240  2441
240  1707
240  1749
241  1608
241  2610
242  1481
243  731
244  1968
245  1274
245  2207
246  1637
246  2047
247  1192
247  298
248  2361
248  2595
248  749
249  1148
250  828
250  1007
251  1291
251  961
251  1379
251  2536
251  2597
252  1248
253  945
253  1892
254  1128
254  1605
255  352
255  1681
255  2010
256  384
256  1753
256  2746
256  2222
257  2911
258  917
259  1803
259  1270
259  1199
260  2749
261  2797
262  2689
263  400
263  2729
263  1965
263  1734
263  1415
264  850
264  1610
265  904
265  1247
266  345
266  698
267  1425
268  553
269  442
270  727
271  2797
271  1519
272  2864
272  1322
272  845
273  763
273  1461
274  1201
274  1420
274  686
275  2992
276  2587
276  334
278  2502
279  2084
279  2294
280  2024
280  1542
281  2004
281  1677
282  2095
283  614
284  1532
284  2230
285  337
286  764
287  1774
288  1168
288  447
289  381
290  1879
291  1049
291  2834
292  945
293  2784
293  2002
293  1404
294  1657
294  1365
294  1550
295  938
296  402
297  2729
299  1690
299  2397
300  672
301  1000
301  1948
301  1854
302  1152
302  2022
302  2543
303  1346
303  1076
303  2802
304  1574
305  2629
305  806
305  1823
306  1129
306  1156
306  2604
307  2515
308  763
308  1974
308  383
309  2954
310  1747
311  448
312  375
312  2063
314  1676
315  2409
315  723
315  1173
316  1692
316  2941
316  535
317  1025
318  1272
319  1816
319  615
320  970
320  1254
321  2138
321  1539
322  2672
322  1098
322  419
323  954
324  698
325  1821
326  2396
327  1555
328  400
329  1330
329  2418
329  895
330  2043
331  448
332  2780
333  2744
333  2996
333  1613
334  635
335  2345
336  1621
336  422
337  2120
337  2508
337  1445
338  612
338  2869
338  678
339  1530
339  2956
340  489
340  1050
340  1573
341  1956
342  346
342  1771
343  797
343  2183
344  2134
345  1738
346  2860
346  2335
347  2309
347  2127
348  2681
348  2101
349  2096
350  1840
350  2912
350  1890
351  2769
353  1376
353  1392
354  1465
355  2036
355  1903
356  1521
356  1097
356  529
357  2832
358  2432
358  1171
359  2776
359  1947
360  1960
361  2861
361  589
362  586
363  2146
364  964
365  1470
366  624
367  624
368  2513
368  1986
369  1625
369  1406
370  890
370  2127
371  887
372  1357
374  1516
375  513
376  716
377  1334
378  1337
379  779
379  1797
380  1042
380  2331
381  2109
381  2942
382  1528
382  928
382  1821
383  1486
385  1012
386  1133
386  1087
387  1888
387  2216
388  2035
388  1341
389  2764
390  2098
391  1729
391  1434
391  2630
391  1631
392  2905
393  2895
394  1904
394  2906
395  2759
395  1060
395  711
396  892
397  2840
397  1505
398  545
398  1285
399  1705
399  2938
399  1441
400  652
401  2715
401  1076
402  2713
402  1317
403  1000
404  468
405  1432
405  1891
405  1084
406  538
407  2418
408  2322
408  1132
409  1580
409  2302
410  2866
411  2053
412  1196
413  925
414  1595
415  2887
416  1460
416  2102
417  1290
417  869
418  944
418  2056
419  2350
420  1546
420  1291
421  1424
421  1234
421  1396
422  611
422  2994
423  1807
424  2268
424  1174
424  599
425  468
425  2276
426  2773
426  2678
426  1357
427  2738
427  788
427  693
428  475
428  2709
429  2172
429  1020
430  723
431  2042
431  2698
431  2247
432  1313
432  806
433  1211
433  2606
433  1311
434  996
434  2124
435  1080
435  2947
436  2101
436  1253
437  2761
437  2603
437  2366
438  2969
438  583
439  1051
439  2164
439  1263
440  2172
440  2252
441  1330
442  1892
443  2085
444  2272
444  1723
444  1558
445  2037
445  1983
446  2135
447  2400
447  531
447  1253
448  512
448  2604
448  2862
449  1657
450  1856
450  2803
451  1388
452  1649
452  1874
452  1618
453  1940
453  1540
454  473
454  1929
455  932
456  2949
456  991
457  2451
458  958
459  683
460  2671
461  2571
463  705
463  692
464  2220
465  1920
465  1342
466  2649
466  2882
467  1037
468  2450
468  537
469  1416
469  1377
470  2094
471  1030
472  1185
473  1912
474  2213
474  1711
475  2466
475  1494
476  545
476  2059
476  2396
478  1848
478  502
478  1466
478  1653
478  1950
479  1243
480  1878
480  791
481  1798
482  2805
482  2951
483  2084
483  2318
484  2112
485  1783
485  1479
486  1985
487  2357
488  1155
489  2300
489  1061
489  1751
490  1968
490  777
490  2839
491  1010
491  1164
491  2930
492  2521
493  2829
494  2413
494  2269
495  1438
496  1658
496  1997
497  1575
498  504
498  2561
499  2878
500  781
501  1183
501  2263
502  2937
502  1948
503  808
503  2427
503  2980
504  1680
505  843
506  766
506  1886
507  2462
508  1800
509  1795
509  1163
509  1612
510  1179
511  1979
511  1071
513  2937
513  1726
514  1400
514  1074
514  1799
515  1077
515  2134
516  1261
517  1468
518  1113
518  2362
518  2563
518  2857
519  778
519  1311
520  1360
520  2716
521  2404
522  2929
522  2733
523  706
523  1485
524  959
525  2218
526  2066
526  2717
527  793
528  558
529  2647
530  1442
530  1999
532  2518
533  1374
534  1752
535  2675
536  1626
537  1750
538  2366
538  1607
539  1489
540  720
540  1826
540  692
540  2158
540  647
540  2926
541  2338
542  1901
542  1110
543  1937
543  1963
543  2333
544  1533
545  1960
545  753
546  727
547  640
547  1763
548  656
549  1917
549  1958
550  2816
551  1895
552  1126
552  759
553  929
553  694
553  775
554  2810
554  706
555  2466
555  2555
555  2981
556  2307
556  1507
556  2750
557  778
558  1600
559  1808
559  2009
559  2903
560  2347
560  2141
561  622
562  715
563  2395
563  606
564  2080
565  971
565  1947
565  821
566  1633
567  1304
567  2249
568  674
568  951
569  1243
570  1896
570  2028
571  2553
572  2186
572  1359
573  1625
573  2410
574  1872
575  726
576  2421
577  2267
577  2100
577  998
578  2512
579  1624
579  1095
579  1487
580  1546
582  1987
582  1716
583  1441
583  1908
584  1386
584  1523
585  1986
586  2158
587  1570
587  1743
588  2539
589  600
589  719
590  2472
591  857
591  2330
591  2823
592  1952
592  2770
592  2380
593  804
595  833
595  1858
597  2568
597  1316
598  2466
598  1775
600  2671
601  1664
601  1018
602  1719
603  1904
603  2105
604  2838
605  2265
606  1173
607  2153
607  1983
608  2704
608  2463
609  1474
609  619
609  1389
610  2146
610  965
610  750
611  922
612  2290
613  1420
613  2483
614  2239
615  2787
615  2991
616  1776
617  2394
617  2901
618  2366
619  925
619  2631
620  1647
620  2084
620  1847
621  2852
622  1563
622  827
622  1644
623  812
623  2423
624  625
624  2271
624  1725
625  1137
625  2571
625  703
626  1732
627  2201
628  1110
629  2039
630  1725
631  2432
631  2700
632  1376
633  2072
633  2643
633  1195
633  1036
634  2315
634  684
635  744
636  2906
638  1884
639  2244
640  2497
641  1083
641  764
642  1643
642  2831
643  1601
644  2048
645  1192
645  2430
646  1116
648  1257
648  1178
648  2708
649  2557
650  2555
651  755
653  1577
653  2333
654  1641
654  2978
654  667
655  770
655  1939
656  1467
657  1458
657  1740
658  2976
658  2003
659  2396
660  1928
661  1453
662  2900
662  1669
663  1985
663  692
664  2290
665  1592
665  997
666  2164
666  2508
667  2145
667  738
668  1974
669  1973
670  2888
670  2818
671  1604
671  1574
672  1139
672  1682
672  2955
673  2997
673  695
674  2388
675  1915
675  1614
676  1675
676  2165
677  842
677  1982
679  2200
679  810
680  698
680  1093
680  1599
681  2642
681  2670
682  2782
685  1368
685  1310
686  2560
686  1802
687  1600
687  1634
687  1443
688  1966
688  1567
689  1907
689  1829
690  2932
691  1598
692  2223
693  1036
694  1251
695  2398
696  2706
697  783
699  2641
700  1013
700  1559
701  2268
701  1426
701  2155
701  1708
702  1088
702  2857
703  2925
704  1449
704  2933
705  888
706  805
706  1302
706  2967
707  2652
708  2004
709  2723
709  2039
710  1538
710  932
710  1557
711  2110
712  2112
713  1809
714  2555
714  789
715  1915
715  2461
716  2389
716  1031
717  2324
717  1639
718  2965
719  1010
722  2772
723  2841
724  1308
725  2848
725  888
725  2167
727  2300
727  900
728  2651
729  2344
729  1303
730  2345
731  2062
732  837
732  1693
733  832
734  1425
734  2606
735  858
736  2633
736  1090
736  2084
736  978
737  1840
738  2067
739  1052
739  819
739  1340
740  1355
741  2689
741  1532
742  1966
743  2842
743  1275
744  2592
744  2481
745  984
745  1930
745  2420
746  1385
746  2481
747  827
748  1929
748  1150
748  2487
749  2881
749  899
750  1592
751  2828
752  1297
752  2356
754  1192
754  2225
754  1244
755  2563
756  1833
756  2695
757  1089
758  1538
758  1750
758  1551
759  2135
760  1562
760  1171
761  2088
762  2974
762  2239
765  1217
767  1682
767  1279
768  2522
769  1618
769  2301
771  2208
771  1651
771  861
772  2960
772  1957
773  2233
773  1427
774  2523
777  1993
777  2582
777  1910
780  2496
781  787
781  2797
782  1033
782  2470
783  2656
783  929
784  1072
784  1499
785  2973
786  1645
786  1966
787  2390
790  984
791  1306
791  1237
792  1456
792  898
792  1876
792  1271
793  1112
793  2474
794  1746
796  913
796  1722
797  2300
797  1007
798  1654
799  2808
799  1149
800  1824
800  1145
800  2204
801  1792
801  2805
803  2952
803  1210
804  814
806  1273
806  2984
807  2187
807  2295
808  1358
809  1985
811  1032
812  1367
814  1168
815  2029
816  1970
817  2919
818  1477
818  869
819  2593
820  1652
822  1008
823  2056
823  2018
823  2461
824  2976
824  962
824  1157
825  2009
825  2740
826  2626
827  2478
828  1814
829  1249
829  2971
829  1055
830  1697
830  2765
830  1527
832  1027
834  2894
834  870
835  979
836  2050
836  1059
838  2281
838  2149
839  2436
839  2191
840  1037
841  2100
842  2176
843  2010
843  1011
843  1788
843  2273
844  1453
846  2221
847  1371
847  2542
848  1240
848  2559
849  2636
849  2759
851  2364
852  1301
853  1278
854  2576
854  897
854  2554
855  2305
855  2828
855  1189
856  1180
857  2698
858  2122
859  1598
860  1250
862  2626
862  2468
863  2616
863  2437
864  1785
865  2915
865  1494
865  959
866  2154
866  2506
867  2270
868  1010
868  1687
869  1932
869  2601
870  2248
871  2828
871  2212
871  1405
872  2552
872  1376
873  2666
874  1731
874  2987
874  1957
874  2686
874  2181
875  1004
877  2959
878  1613
879  2236
879  1996
880  1349
881  1729
881  887
882  2622
883  2043
883  2444
884  1578
884  1859
884  996
885  2178
886  1543
887  2472
889  1520
889  1717
890  1021
891  2095
892  1803
893  1936
893  1745
893  2915
894  1385
894  974
896  2621
896  990
898  2503
900  2830
901  1387
901  1307
901  2518
902  1224
902  2228
902  2317
903  2224
904  2132
904  2318
905  1283
905  2781
906  2566
907  1098
908  2018
908  987
908  1646
909  2790
910  1433
911  1632
911  2413
911  2071
912  1606
914  922
914  2695
915  2015
916  2285
917  930
918  1369
918  1691
919  2345
921  2726
922  2177
923  2232
924  1104
924  1918
926  1481
927  1764
927  1999
928  2763
930  2128
930  1973
931  978
931  2293
932  2846
933  1996
934  2144
934  1265
934  1274
934  2099
935  1244
936  1801
936  2054
936  1447
937  1942
937  2142
938  1233
938  2505
938  1830
939  1924
940  1124
941  1710
941  2799
942  2876
943  1154
943  1381
943  1446
944  2821
945  1652
945  1418
945  1006
946  1328
946  1754
946  1982
946  2982
947  2944
948  2352
949  1184
949  2426
949  2260
950  1246
951  1842
951  2917
952  1409
952  2204
953  2978
954  1480
954  2569
954  1414
955  1123
956  2402
956  2397
957  1786
957  2867
957  1101
959  2968
960  1972
960  1071
963  1907
964  1902
964  2703
965  1770
965  1094
966  1514
966  2259
966  1175
967  2668
967  2078
968  2160
969  2053
972  2528
973  1667
974  2031
974  2053
974  2407
975  1587
975  1574
975  2798
975  2555
976  2060
978  2209
979  2845
979  2555
981  1792
981  1897
982  1314
982  2021
983  1733
983  2694
984  2266
985  1096
985  1430
986  1617
986  2791
987  2737
988  2756
989  1120
989  2244
990  2560
993  2376
994  2837
995  2741
997  1130
997  1066
997  1023
999  2867
999  2676
1001  1179
1001  1118
1001  2870
1002  2665
1002  1350
1002  1857
1004  1362
1004  1938
1004  2453
1008  1912
1009  2132
1012  1899
1012  1969
1014  1121
1014  1291
1015  2922
1015  1710
1016  1141
1017  1545
1018  2137
1019  2753
1019  2358
1019  1377
1020  1159
1020  1927
1021  2168
1021  2831
1022  1336
1022  2130
1023  1358
1024  1203
1024  2483
1025  1444
1025  2477
1026  2613
1027  2399
1028  1504
1029  2098
1030  1226
1030  1943
1030  1084
1030  2818
1031  2828
1032  1489
1032  1545
1034  2264
1034  1327
1035  1956
1037  2840
1037  2040
1038  1901
1039  1666
1040  1228
1040  2661
1041  1367
1042  1155
1042  2358
1043  1314
1043  2319
1044  2755
1044  1605
1046  2643
1047  1522
1047  2822
1048  1892
1048  2741
1049  2184
1049  2625
1050  1648
1051  1130
1052  1433
1052  1315
1053  1760
1054  2985
1054  2356
1056  1756
1057  2781
1058  2107
1059  1409
1060  2241
1061  1421
1062  2292
1063  2249
1064  1442
1064  2805
1065  1459
1066  1330
1067  2521
1068  1808
1068  1331
1069  1760
1069  1492
1070  2361
1070  1195
1070  1742
1071  1277
1072  1295
1073  1940
1074  1656
1075  2089
1075  2914
1077  2877
1078  2799
1079  2556
1080  2936
1080  1819
1081  1098
1082  1673
1082  1142
1083  2027
1085  1139
1086  2366
1087  1992
1088  1610
1088  2642
1089  1494
1090  2927
1091  2068
1092  1450
1092  2514
1093  2061
1095  1567
1096  2896
1096  2003
1097  2412
1097  2213
1097  2279
1099  1699
1100  2754
1101  2662
1102  1432
1102  2338
1102  2322
1103  1826
1103  2447
1104  1417
1104  1244
1105  2290
1106  1266
1106  1517
1107  1616
1107  1285
1109  1361
1109  2077
1110  1308
1111  1409
1112  2612
1115  1856
1115  1165
1116  2356
1116  1629
1117  1377
1117  2341
1118  2152
1119  1644
1122  1505
1123  2417
1124  1492
1125  2057
1126  1602
1127  2366
1128  1372
1128  2207
1130  1401
1131  2364
1132  2257
1133  1801
1134  2370
1135  2237
1136  2815
1138  1478
1138  2229
1139  2460
1139  2564
1139  2325
1140  1890
1140  1278
1142  2745
1142  1818
1143  1879
1144  2220
1144  1341
1144  2701
1146  2514
1146  2644
1147  2945
1147  1211
1148  2362
1149  2455
1151  2372
1152  2216
1153  2482
1153  1171
1156  2160
1156  1627
1158  2539
1159  2790
1160  2209
1161  2250
1162  2847
1164  2939
1165  2478
1166  1963
1166  1476
1167  2193
1168  1195
1170  1531
1171  2777
1172  2562
1172  1758
1173  2762
1175  2185
1175  2190
1175  1633
1176  2491
1176  2797
1176  1669
1177  1872
1177  2232
1177  1869
1177  1903
1180  2059
1181  1909
1182  1694
1183  1686
1184  1731
1184  1756
1184  2381
1185  1196
1185  1781
1186  2450
1186  2227
1186  1221
1187  2697
1187  1959
1187  1855
1188  2769
1188  2419
1189  1602
1190  1816
1190  2251
1191  2232
1191  2511
1192  2519
1193  1578
1194  2816
1195  1986
1197  2353
1197  1593
1198  2419
1199  2062
1199  2655
1200  1841
1200  2290
1200  2031
1202  2146
1203  1659
1204  1273
1204  2340
1205  2529
1205  2653
1205  2294
1206  1678
1207  1794
1207  1795
1207  1596
1209  1258
1209  2597
1210  2962
1211  2854
1212  2954
1213  2459
1214  1984
1214  2090
1214  1973
1214  1551
1215  2000
1215  1472
1215  2292
1216  2283
1216  1245
1217  2625
1220  2872
1222  2459
1222  2045
1223  2473
1223  1996
1224  2904
1226  1773
1227  1413
1228  2328
1228  2843
1229  1874
1230  1984
1230  1834
1231  1967
1232  2965
1234  2114
1235  1360
1236  1920
1236  1779
1237  1904
1238  1659
1239  2993
1239  2806
1240  1497
1240  1745
1240  2463
1241  1409
1242  1316
1243  2952
1244  2578
1245  2449
1248  2948
1250  1663
1252  2380
1253  2807
1257  1489
1259  2768
1259  2470
1259  2199
1260  1884
1261  2065
1261  1791
1262  1906
1262  2266
1263  1741
1264  1817
1266  1983
1267  2634
1268  2084
1269  2800
1269  2017
1270  2632
1270  2364
1271  2668
1272  2212
1274  2151
1276  1288
1276  1838
1278  2836
1280  1895
1281  2429
1282  2755
1283  2582
1284  2044
1286  2211
1287  1380
1288  2792
1288  1848
1289  2510
1289  1991
1290  1611
1291  2265
1291  1555
1292  1895
1292  2303
1293  2081
1293  1436
1294  1968
1295  2696
1296  2267
1296  1493
1297  2245
1297  1655
1298  2467
1299  1865
1299  2890
1300  2752
1300  1354
1300  2054
1301  1864
1302  2074
1303  1787
1304  1315
1304  2986
1304  2075
1304  2950
1305  1849
1305  2386
1306  2471
1307  2109
1308  2342
1309  2459
1312  2197
1313  2308
1314  2952
1314  2538
1315  2946
1315  1620
1317  1520
1317  2108
1320  2426
1321  2538
1322  2835
1323  1600
1324  1731
1325  2148
1326  2070
1328  2995
1329  1500
1329  2573
1329  1870
1333  1920
1333  2628
1334  2922
1334  1347
1335  1930
1336  2378
1336  1919
1337  2476
1337  2246
1338  2037
1339  1909
1339  1815
1340  2571
1340  1990
1342  1811
1342  2929
1343  2928
1343  1462
1344  1482
1345  2422
1345  2943
1346  1464
1349  2854
1351  2790
1352  2928
1352  2643
1352  1798
1354  2371
1354  2070
1355  1401
1356  2376
1356  1393
1357  2302
1359  2379
1360  1655
1361  2390
1363  2680
1363  2128
1363  2722
1364  2112
1364  1780
1364  2677
1364  2567
1364  2492
1364  1375
1366  1647
1369  2417
1369  2623
1370  2750
1370  1471
1373  2966
1377  1777
1377  2771
1377  1596
1378  2646
1380  2429
1382  2274
1383  2209
1383  2599
1387  1817
1389  2484
1390  2335
1391  1728
1391  1716
1392  2312
1393  2166
1394  2042
1395  1617
1397  2522
1398  2018
1399  2816
1400  2017
1401  2085
1402  1568
1403  1842
1403  1614
1407  1609
1407  2510
1407  1535
1409  1472
1409  2820
1410  2982
1410  1830
1411  2901
1412  1672
1414  2515
1415  2464
1415  1921
1418  2760
1419  1541
1420  2357
1421  2654
1423  2618
1423  1795
1424  1453
1428  2725
1428  1501
1429  2094
1430  1549
1431  2568
1431  2203
1432  1589
1432  2806
1434  2378
1434  1748
1435  2886
1436  2047
1437  1678
1438  2303
1439  2568
1440  1779
1441  2113
1441  1813
1443  2714
1445  1531
1446  2633
1446  2323
1447  2941
1448  2433
1448  2527
1450  2034
1450  1917
1451  2299
1452  1709
1454  2983
1455  1816
1456  2344
1456  2932
1457  2616
1457  2091
1463  2739
1465  2769
1465  2731
1466  2813
1466  2837
1467  2222
1469  2416
1471  2825
1471  1919
1473  1542
1475  2907
1475  2846
1476  2055
1480  2697
1481  2117
1482  2220
1483  2196
1484  2136
1484  2528
1485  1665
1485  1733
1486  2930
1487  1845
1488  2943
1490  2332
1491  2202
1491  1893
1492  2824
1493  2542
1495  2645
1496  2226
1496  2659
1497  2707
1498  2536
1499  2190
1500  2483
1501  2800
1501  1918
1502  2650
1503  2273
1504  1649
1506  2498
1506  2014
1506  1663
1508  2745
1509  1521
1510  2088
1510  1715
1510  1860
1511  2440
1511  1878
1512  2052
1513  2878
1515  2909
1516  2961
1516  1828
1516  2453
1517  2696
1518  2715
1520  2620
1520  2197
1522  1654
1523  2093
1524  2819
1525  2324
1526  2227
1527  2469
1528  2608
1529  1915
1529  2038
1530  2974
1534  1694
1534  2735
1536  1790
1537  2153
1537  2058
1539  1907
1540  1590
1541  1852
1541  2711
1542  2754
1542  2921
1543  2215
1544  1989
1545  2927
1546  2162
1547  2433
1548  2320
1549  2528
1549  1889
1550  2368
1550  2501
1551  2748
1552  1680
1553  2720
1553  2553
1554  2601
1554  2005
1556  2898
1558  2242
1560  2743
1561  2173
1562  2411
1563  2020
1564  2819
1564  2247
1565  2348
1566  2369
1568  2089
1569  2642
1570  2886
1571  2802
1572  1784
1572  2262
1575  1697
1576  2168
1576  2546
1578  1989
1579  2730
1580  1723
1581  2173
1582  1862
1583  2145
1584  2782
1585  2561
1585  1805
1588  2516
1589  2349
1591  1665
1592  2966
1593  2940
1593  2431
1594  1832
1594  1925
1595  1687
1597  2274
1597  1877
1598  2644
1598  1679
1600  2264
1600  2079
1601  2434
1601  2764
1602  2699
1603  2247
1605  2989
1606  2665
1607  2801
1608  2689
1609  2148
1610  1822
1612  2435
1615  2574
1620  2026
1621  1864
1622  1717
1623  2768
1623  2337
1624  1956
1625  2568
1626  2766
1627  2748
1628  2225
1630  2581
1633  2868
1633  2838
1635  2547
1635  1645
1636  2303
1638  1640
1638  2912
1638  1662
1638  1671
1641  2288
1642  2103
1643  1679
1644  2711
1644  2453
1645  1825
1647  1720
1647  2334
1649  2385
1650  1813
1651  2556
1654  2711
1656  2140
1657  2749
1658  2507
1658  2287
1660  2539
1661  2033
1661  2175
1662  2451
1663  1879
1664  1976
1664  2793
1664  2943
1668  1793
1669  2006
1670  1917
1671  2062
1673  2309
1674  2736
1675  2308
1676  2465
1678  2522
1678  2164
1680  2068
1680  1734
1683  2386
1684  1704
1684  1789
1685  2764
1686  2520
1688  2648
1689  1962
1689  2917
1692  2570
1692  2670
1693  2518
1695  2031
1696  2397
1697  2468
1698  2513
1699  2584
1699  2359
1700  1898
1701  2670
1703  1994
1706  2622
1708  1727
1710  1953
1712  2494
1713  2699
1714  2950
1716  2689
1716  2619
1718  1842
1718  2770
1719  2738
1720  2826
1720  2779
1721  1931
1721  2855
1722  2560
1723  2096
1726  1914
1726  2285
1726  2253
1728  2205
1728  2662
1729  2354
1729  2732
1730  2267
1732  1907
1734  2015
1735  1829
1736  2756
1737  2597
1740  2287
1743  2383
1744  2050
1746  1789
1747  1797
1747  2541
1749  1758
1752  1792
1752  2238
1752  2071
1754  2138
1754  1975
1755  2996
1757  2822
1758  2497
1759  2542
1759  2671
1761  2648
1762  2008
1765  2732
1765  2237
1766  2038
1767  2584
1768  2071
1769  2513
1772  2088
1772  1967
1773  2095
1774  1904
1775  2168
1776  2210
1778  2061
1778  2541
1781  2430
1782  2648
1785  2611
1785  1955
1786  2973
1787  2041
1788  2850
1789  1860
1790  2113
1791  2721
1793  1916
1796  2106
1799  2274
1800  2608
1802  2612
1803  2692
1804  2945
1806  2795
1806  2284
1807  2121
1807  2883
1808  1965
1810  1981
1811  2425
1813  2126
1815  2876
1815  1839
1816  2659
1816  2175
1816  2171
1817  2068
1820  2681
1820  2315
1825  2682
1825  2702
1827  2896
1828  1843
1829  1988
1831  2601
1831  2181
1831  2254
1832  2445
1835  2871
1836  2871
1837  2296
1837  2147
1844  2827
1844  2747
1844  2276
1846  2400
1849  2408
1849  2506
1851  2243
1851  2167
1852  2589
1853  2890
1853  2772
1854  2566
1857  2894
1857  2278
1857  2039
1858  2200
1861  2801
1862  1928
1862  2424
1862  2054
1862  2397
1863  2290
1863  2468
1864  2925
1867  2588
1867  2020
1868  2965
1871  2814
1872  2149
1873  2859
1873  2878
1875  2243
1876  2596
1877  1883
1879  2965
1880  2941
1881  2320
1882  1976
1887  2009
1887  2051
1889  2988
1889  2093
1890  2087
1892  2897
1892  1941
1894  2347
1894  2367
1895  2606
1896  1944
1896  2368
1900  2493
1903  2525
1905  1923
1905  2588
1908  2001
1909  2098
1909  2191
1911  2393
1913  2591
1914  2977
1918  2970
1920  2253
1921  2526
1922  2875
1922  2211
1923  2908
1923  2935
1924  2002
1926  2370
1929  2368
1931  2196
1932  2971
1933  2076
1934  1991
1937  2531
1937  1972
1937  2447
1939  2396
1942  1991
1944  2866
1944  2979
1945  2933
1946  1982
1947  2835
1949  2949
1950  2393
1951  2408
1951  2171
1951  2684
1954  2860
1958  2435
1958  2847
1961  2640
1961  2628
1962  2594
1962  2477
1963  2074
1965  2138
1969  2944
1969  2277
1970  2706
1971  2864
1971  2312
1972  2909
1977  2959
1978  2495
1981  2405
1982  2887
1989  2232
1989  2282
1990  2163
1992  2774
1994  2724
1995  2727
1997  2329
2006  2181
2007  2507
2010  2049
2011  2038
2012  2602
2012  2420
2013  2958
2014  2664
2016  2985
2019  2399
2022  2159
2023  2531
2025  2688
2025  2930
2028  2674
2029  2848
2030  2129
2032  2136
2032  2161
2032  2534
2033  2565
2037  2418
2040  2522
2040  2639
2043  2075
2044  2168
2046  2439
2047  2086
2048  2456
2048  2244
2051  2512
2052  2472
2057  2617
2058  2911
2060  2530
2060  2963
2060  2653
2061  2161
2062  2507
2064  2130
2065  2990
2069  2901
2072  2446
2073  2504
2073  2974
2076  2611
2080  2602
2081  2819
2081  2143
2082  2144
2082  2862
2089  2782
2092  2365
2094  2568
2096  2883
2096  2429
2097  2793
2097  2443
2098  2493
2099  2208
2101  2895
2102  2823
2103  2988
2107  2798
2111  2972
2113  2450
2114  2403
2115  2142
2116  2783
2117  2397
2119  2736
2119  2149
2125  2598
2125  2693
2129  2786
2131  2916
2131  2948
2132  2557
2133  2220
2135  2781
2141  2332
2143  2795
2144  2296
2144  2172
2146  2579
2147  2742
2150  2585
2151  2375
2156  2481
2157  2641
2159  2437
2160  2626
2164  2658
2167  2501
2169  2275
2169  2580
2170  2560
2173  2649
2176  2401
2176  2660
2176  2465
2179  2504
2180  2499
2180  2892
2182  2928
2183  2384
2183  2899
2186  2219
2187  2892
2189  2460
2190  2855
2191  2706
2192  2880
2192  2516
2193  2199
2194  2708
2195  2624
2196  2363
2197  2885
2198  2786
2198  2607
2202  2894
2205  2275
2206  2571
2211  2940
2213  2782
2215  2510
2215  2286
2217  2829
2218  2625
2220  2870
2221  2829
2221  2462
2223  2757
2229  2523
2229  2742
2230  2575
2230  2391
2231  2545
2231  2322
2233  2410
2233  2947
2236  2536
2236  2915
2240  2548
2241  2310
2242  2705
2243  2767
2245  2527
2252  2414
2254  2305
2255  2733
2256  2629
2257  2350
2258  2779
2258  2615
2259  2663
2261  2715
2261  2669
2262  2305
2263  2933
2265  2872
2266  2360
2268  2574
2269  2976
2274  2500
2276  2703
2279  2836
2280  2840
2280  2421
2285  2667
2288  2907
2291  2751
2293  2931
2293  2685
2295  2457
2296  2778
2297  2920
2298  2380
2299  2954
2303  2949
2304  2946
2306  2775
2310  2885
2311  2917
2312  2439
2313  2925
2316  2869
2316  2367
2321  2552
2326  2489
2327  2504
2336  2803
2337  2540
2339  2769
2342  2606
2342  2527
2346  2664
2348  2503
2351  2623
2352  2590
2356  2583
2358  2659
2368  2943
2369  2391
2370  2842
2370  2677
2371  2932
2372  2745
2373  2780
2374  2581
2374  2798
2376  2738
2377  2895
2379  2661
2383  2690
2387  2514
2392  2827
2392  2851
2394  2830
2396  2549
2398  2999
2404  2746
2404  2414
2405  2416
2405  2872
2405  2572
2406  2889
2407  2448
2414  2651
2416  2460
2417  2524
2418  2773
2420  2648
2427  2734
2431  2645
2432  2718
2438  2669
2439  2528
2439  2971
2442  2486
2442  2590
2445  2687
2446  2816
2446  2986
2448  2494
2454  2718
2454  2679
2457  2972
2458  2491
2460  2520
2462  2924
2464  2550
2467  2756
2468  2873
2473  2923
2475  2726
2476  2984
2476  2553
2485  2769
2488  2674
2489  2872
2490  2769
2495  2998
2496  2832
2500  2631
2501  2517
2502  2980
2504  2921
2508  2996
2509  2807
2510  2853
2510  2600
2511  2865
2513  2884
2515  2661
2516  2802
2520  2535
2521  2837
2525  2959
2529  2756
2532  2833
2533  2946
2537  2788
2540  2891
2544  2573
2544  2646
2551  2985
2554  2802
2556  2622
2558  2610
2560  2649
2566  2796
2577  2851
2585  2866
2586  2874
2589  2613
2591  2715
2600  2788
2601  2688
2605  2792
2605  2990
2606  2859
2607  2728
2609  2908
2611  2812
2627  2856
2635  2682
2637  2652
2638  2836
2655  2673
2656  2761
2657  2820
2657  2957
2670  2794
2672  2890
2675  2730
2675  2717
2683  2773
2688  2799
2689  2693
2691  2764
2691  2949
2696  2856
2697  2701
2706  2784
2712  2994
2712  2941
2714  2879
2716  2881
2724  2926
2727  2959
2729  2893
2733  2833
2733  2935
2736  2817
2750  2844
2750  2758
2751  2885
2755  2905
2760  2955
2762  2822
2766  2979
2771  2983
2775  2890
2775  2858
2777  2827
2778  2808
2779  2947
2783  2937
2785  2850
2789  2860
2794  2965
2795  2975
2799  2891
2802  2809
2817  2885
2826  2910
2846  2902
2849  2978
2852  2989
2863  2995
2871  2963
2874  2881
2878  2958
2912  2920
2916  2920
2981  2992
