0  192
0  907
0  255
1  20
1  253
2  272
2  587
2  823
3  901
4  817
4  647
5  429
6  249
6  435
6  636
7  952
8  310
8  767
9  384
9  599
10  79
10  703
11  41
11  164
12  687
12  309
12  838
12  791
13  507
14  826
14  206
15  43
16  751
16  534
16  63
17  528
17  34
18  810
19  878
20  963
21  668
22  953
22  619
22  203
22  191
23  60
24  689
24  597
25  109
25  558
25  477
26  849
26  778
26  756
26  919
27  88
27  932
28  229
28  78
29  371
30  386
30  187
30  214
30  423
31  313
31  997
31  942
32  100
33  361
33  58
33  155
33  438
33  563
34  261
34  390
35  42
35  235
35  301
36  109
37  208
37  226
37  158
38  564
38  445
39  331
39  574
40  944
40  929
41  144
43  593
43  196
44  968
44  333
45  236
45  495
46  707
47  245
48  446
49  484
50  755
51  690
51  899
52  626
53  113
53  255
54  271
54  534
54  759
55  956
55  733
56  821
56  710
57  799
58  171
58  782
59  95
60  87
60  845
60  990
61  617
61  683
62  419
62  837
64  104
65  146
65  867
66  745
66  425
66  503
67  692
67  428
68  704
68  520
69  143
69  591
70  240
70  824
71  111
72  787
72  222
73  500
74  931
74  206
75  981
75  847
76  440
77  297
77  551
78  683
79  654
79  790
80  347
80  102
80  783
81  346
82  711
83  456
84  290
85  984
85  310
86  235
86  574
86  406
86  383
87  761
87  391
88  600
89  825
89  476
89  182
90  136
91  888
91  292
92  595
92  229
93  281
93  355
93  631
94  241
94  427
95  536
95  532
95  915
96  164
97  186
98  598
98  558
99  412
99  583
100  796
101  569
101  170
101  471
102  528
102  749
103  449
104  870
104  143
105  304
105  449
105  898
105  713
106  828
106  853
107  954
107  357
107  647
108  892
109  520
110  129
110  363
111  167
112  122
113  458
114  721
115  184
115  473
115  646
116  860
117  596
118  762
118  734
118  991
119  560
119  677
120  633
120  354
120  359
121  548
121  610
121  124
122  272
123  833
124  259
124  413
125  332
125  870
126  223
127  651
128  698
129  152
129  301
130  448
131  416
131  477
132  921
132  834
132  220
133  648
134  932
134  686
135  168
136  276
136  807
137  438
137  422
138  585
139  467
140  675
141  305
141  147
141  893
142  529
143  433
145  400
145  770
145  371
145  314
145  715
146  453
147  771
148  512
148  529
149  596
150  985
150  454
151  977
152  824
152  695
153  176
153  801
154  864
154  605
155  481
156  592
156  515
156  991
157  943
158  885
159  617
160  404
160  236
161  853
161  535
162  947
162  428
163  409
163  885
163  279
164  766
164  895
165  419
166  363
166  854
167  896
168  331
169  322
169  646
171  644
171  878
172  787
172  494
173  355
173  643
173  645
174  736
174  649
174  845
175  753
175  718
176  682
177  355
178  980
178  695
179  576
179  910
180  896
180  401
180  370
181  308
182  753
182  703
183  976
185  490
186  677
186  751
188  250
188  618
188  341
189  467
190  500
191  737
192  622
193  218
194  724
195  263
196  974
197  365
197  606
198  781
199  799
200  861
200  509
201  494
202  777
202  949
202  613
203  714
204  491
204  260
205  915
206  303
207  768
207  897
207  582
208  962
208  461
209  875
209  505
209  395
209  654
209  624
210  388
211  396
212  492
213  901
214  426
214  995
214  598
215  713
215  997
216  723
217  724
218  956
218  596
219  533
220  543
221  327
223  743
224  641
225  765
225  270
225  487
226  892
226  372
226  333
227  680
227  714
227  996
227  349
228  508
229  904
229  711
230  686
231  689
231  638
232  283
233  315
233  493
233  491
234  819
234  575
235  491
236  623
237  996
238  613
238  390
239  852
240  979
240  437
241  746
242  312
243  459
244  317
245  377
245  882
246  482
246  516
247  675
248  565
249  290
251  764
251  684
251  559
252  721
253  727
254  908
254  829
255  510
256  320
256  755
256  381
257  625
257  967
258  815
260  337
261  856
261  349
262  809
263  704
263  362
263  834
263  597
264  280
265  722
266  384
267  810
267  871
268  741
268  278
269  859
269  692
270  414
270  969
271  894
272  475
273  287
274  634
274  831
275  844
276  824
276  871
277  365
277  726
278  721
278  301
280  394
280  406
281  857
282  565
283  788
283  693
284  643
285  521
285  546
285  982
285  830
286  968
287  520
288  850
289  368
289  913
289  325
291  600
292  793
292  455
293  507
293  407
294  529
295  769
295  763
295  334
296  858
296  620
296  350
297  705
298  330
298  827
299  376
299  839
300  439
302  555
303  976
303  793
303  827
303  526
304  489
305  364
306  949
307  321
307  491
307  326
308  754
309  978
309  951
311  790
311  743
312  751
313  690
314  705
316  461
317  332
317  681
317  603
318  510
319  336
319  967
320  994
322  329
323  364
323  743
324  846
327  385
327  819
328  463
329  837
330  352
331  906
333  561
333  722
333  945
334  616
334  516
335  674
335  466
336  563
337  345
338  905
338  668
339  889
340  588
340  629
341  908
342  653
343  848
344  368
344  627
346  490
347  569
348  961
348  626
348  579
350  772
350  805
351  698
351  855
352  504
352  697
353  754
354  764
356  680
358  430
359  473
360  369
360  549
360  703
363  992
363  452
364  848
366  451
367  797
367  462
368  392
368  658
370  396
372  479
373  804
373  414
374  854
375  470
375  567
376  878
378  386
378  965
379  990
380  429
381  457
382  685
382  806
382  663
384  576
384  766
385  789
385  550
387  997
388  855
389  568
389  398
393  627
393  835
397  865
397  746
397  523
397  755
399  719
400  872
402  900
403  857
404  739
405  736
408  473
408  964
410  763
411  704
412  928
412  627
414  979
415  574
417  779
417  923
417  711
418  678
420  856
420  707
421  449
422  699
422  941
423  632
424  720
424  557
425  944
425  533
425  950
425  958
426  714
429  827
429  518
430  682
431  954
432  966
433  811
433  468
434  506
434  694
435  925
435  853
436  725
436  453
438  792
439  713
440  647
441  881
441  778
441  453
441  633
442  834
443  564
444  485
445  654
446  716
446  919
447  980
448  600
448  724
450  589
451  480
451  499
451  552
451  729
451  653
453  870
456  891
456  909
456  862
456  741
458  555
458  655
459  966
460  768
460  651
461  767
462  643
463  715
464  687
465  715
466  636
467  471
469  630
470  634
472  690
473  496
474  824
477  985
477  650
478  990
480  505
482  843
483  861
484  740
485  731
485  971
486  595
486  903
488  661
489  634
490  632
492  762
492  990
494  611
494  577
494  531
494  585
497  970
498  657
498  586
499  723
500  574
501  785
502  880
502  809
502  525
503  504
506  937
507  882
507  662
508  628
508  675
508  999
509  562
511  726
512  879
513  672
513  853
514  802
514  773
516  977
517  886
518  973
519  945
519  667
520  922
522  808
522  925
523  932
524  873
525  798
526  696
526  866
527  792
527  860
528  732
529  609
530  854
532  705
532  779
533  754
535  640
535  713
536  631
537  949
538  897
538  730
539  562
540  844
540  781
541  765
542  726
544  780
544  743
545  874
546  947
546  694
547  641
547  930
547  814
548  701
549  897
550  853
553  820
553  604
553  622
554  703
556  821
556  943
558  901
558  974
559  851
559  717
560  950
561  609
562  825
565  648
566  641
567  726
567  975
568  715
570  983
571  723
572  681
573  656
573  859
573  917
575  670
578  673
578  972
580  998
581  816
582  615
584  914
584  742
586  940
586  874
587  933
587  606
588  599
589  617
589  812
590  876
590  957
593  914
594  950
595  896
597  800
597  796
597  873
601  635
602  928
602  842
607  653
608  660
608  654
608  679
610  682
610  883
611  613
612  728
612  811
614  707
620  816
621  664
621  898
622  724
624  746
624  670
625  998
626  661
626  665
629  900
630  751
634  788
635  692
637  797
638  912
638  659
639  673
640  698
641  873
642  644
644  784
644  853
647  925
648  953
649  936
652  881
656  895
658  750
658  695
662  951
663  940
665  924
666  977
668  711
669  961
669  956
671  920
671  841
672  732
673  993
675  811
675  739
676  801
677  935
678  756
678  772
681  708
683  869
687  908
688  692
690  981
691  737
700  909
701  906
701  829
702  854
706  882
706  916
708  948
708  846
709  763
709  934
710  850
710  918
711  921
712  860
713  758
719  952
720  859
721  940
726  776
727  952
729  836
735  948
735  757
738  836
739  963
740  789
741  822
743  934
744  939
744  981
746  926
747  814
748  879
749  959
752  814
753  785
760  888
762  986
769  833
769  850
769  809
771  781
771  774
775  992
776  884
779  863
780  911
786  789
786  966
789  802
794  927
795  860
799  842
799  876
802  989
803  891
810  832
811  815
813  994
813  924
818  840
818  860
822  993
826  917
829  920
830  852
831  971
846  877
848  946
851  955
862  970
862  954
864  908
868  945
868  991
870  887
877  944
877  902
881  938
886  920
889  950
890  936
892  949
899  960
920  988
925  987
927  970
958  989
968  983
