[2654, 20511]
[45, 25006]
[3345, 12365]
[16389, 3096]
[12307, 12307]
[15880, 7383]
[21910, 18971]
[17655, 12365]
[13801, 11696]
[12545, 6610]
[5083, 5083]
[1000, 10762]
[6158, 12874]
[13992, 13992]
[5052, 24293]
[19551, 19551]
[18952, 231]
[12545, 18208]
[5807, 10096]
[11275, 45]
[1608, 21508]
[5409, 5409]
[24924, 3096]
[10791, 14485]
[15971, 4765]
[11785, 23967]
[6008, 6008]
[16389, 22082]
[12927, 2710]
[20511, 22691]
[23038, 12545]
[25931, 5346]
[6218, 15793]
[10872, 10872]
[10476, 24097]
[14599, 14485]
[16368, 16013]
[6229, 6229]
[2611, 2611]
[7985, 17559]
[14003, 15244]
[1588, 7712]
[14377, 15300]
[17655, 17612]
[14485, 7689]
[1074, 5901]
[17587, 17587]
[22598, 24696]
[14485, 16389]
[17932, 18051]
[18952, 7013]
[7878, 11231]
[1310, 23186]
[12365, 14485]
[15814, 18487]
[15552, 6700]
[13276, 11861]
[16389, 7689]
[4416, 24924]
[6408, 11801]
[12491, 12074]
[1074, 5107]
[17655, 18971]
[19640, 25948]
[21018, 21018]
[13801, 1958]
[23772, 23772]
[10564, 10564]
[12334, 17932]
[2181, 2688, 2688]
[1291, 865, 251]
[2483, 1420, 613]
[1380, 16, 2429]
[2144, 2296, 2082]
[2782, 2089, 1097]
[738, 738, 654]
[1403, 715, 1915]
[2397, 2054, 2054]
[439, 1023, 1066]
[1937, 1937, 1937]
[2921, 126, 2921]
[2190, 2190, 2855]
[2978, 953, 2978]
[612, 612, 2869]
[1132, 1132, 1432]
[1168, 633, 1195]
[2164, 2040, 2164]
[974, 1385, 974]
[2802, 2802, 2802]
[2688, 2601, 2799]
[2190, 1072, 2855]
[187, 1364, 187]
[2555, 2555, 122]
[1204, 806, 806]
[727, 900, 727]
[1744, 1167, 1167]
[476, 2059, 144]
[1920, 1961, 465]
[1297, 1297, 1297]
[936, 1692, 936]
[149, 149, 149]
[1729, 187, 1729]
[2149, 2232, 1177]
[2404, 2172, 2414]
[1097, 1890, 1278]
[2799, 941, 1710]
[2978, 929, 2978]
[1144, 1144, 1144]
[502, 502, 502]
[739, 1315, 739]
[1608, 43, 1608]
[2927, 1545, 1090]
[1387, 1387, 1387]
[2746, 2404, 2404]
[2135, 905, 2135]
[427, 218, 693]
[32, 2688, 2601]
[218, 218, 2738]
[2337, 1623, 1259]
[2466, 598, 475]
[144, 2059, 2059]
[997, 997, 997]
[2937, 513, 478]
[429, 429, 429]
[2712, 2712, 2994]
[245, 2208, 2144]
[2805, 801, 2805]
[2274, 2274, 1799]
[599, 1549, 1889]
[1522, 2711, 2711]
[1300, 2371, 2932]
[2113, 2113, 2113]
[306, 2604, 2862]
[68, 923, 923]
[738, 654, 654]
[1920, 1961, 2628]
[70, 255, 255]
[2631, 2631, 2631]
[2233, 620, 1647]
[1680, 1734, 1734]
[1924, 293, 2706]
[2605, 2792, 2792]
[1357, 1357, 409]
[686, 686, 1420]
[1671, 2062, 2507]
[2193, 2540, 2891]
[553, 929, 783]
[2955, 2460, 1139]
[1214, 1214, 1214]
[2777, 1844]
[974, 862]
[2941, 1354]
[1550, 2943]
[2688, 32]
[2855, 1499]
[2784, 2706]
[1564, 431]
[2542, 1759]
[2368, 1664]
[1550, 2368, 1550, 2501]
[316, 2670, 1692, 316]
[633, 1070, 1195, 2986]
[2670, 2670, 316, 681]
[2929, 522, 1342, 465]
[936, 1692, 422, 1692]
[1937, 1963, 2531, 1963]
[1939, 476, 1939, 770]
[1816, 1816, 1816, 1816]
[251, 251, 2536, 1291]
[382, 218, 218, 218, 218]
[440, 2414, 2414, 440, 2414]
[2062, 2912, 35, 1638, 2920]
[2450, 468, 468, 2450, 537]
[1441, 56, 56, 1441, 2113]
[272, 272, 272, 272, 272]
[2784, 2784, 2784, 2784, 2784]
[1317, 1317, 1317, 1317, 1390]
[2912, 2507, 2912, 35, 2507]
[1364, 881, 187, 187, 1729]
[9, 2528, 2920, 2799, 2947]
[1302, 9, 2245, 1982, 2054]
[2507, 2050, 2483, 2912, 1723]
[1729, 2062, 2986, 1723, 1937]
[1066, 1679, 758, 633, 1842]
[445, 2643, 2943, 1965, 1720]
[1501, 2643, 2921, 2507, 1484]
[1330, 2439, 67, 391, 9]
[423, 1166, 1002, 2601, 2507]
[1965, 122, 423, 1842, 187]
[2096, 2167, 435, 2712, 1425]
[2912, 1580, 2943]
[2437, 2779, 35]
[710, 2643, 1021]
[1720, 2074, 2883]
[2290, 555, 2507]
[635, 1716, 43]
[633, 2507, 2418]
[2626, 672, 2168]
[2361, 2507, 391]
[2912, 1103, 2368]
[513, 2088, 1644]
[1070, 6, 2202]
[1195, 2920, 1775]
[1896, 1166, 2920]
[456, 2894, 1794]
[620, 573, 2074]
[2418, 1621, 423]
[633, 422, 2606]
[746, 1146, 2920]
[2274, 784, 1807]
[1352, 734, 2912]
[468, 2481, 2514]
[2894, 2405, 1352]
[171, 2799, 2269]
[75, 2688, 2935]
[592, 48, 2883]
[1807, 514, 2213]
[2515, 2170, 2935]
[749, 2748, 1679]
[2661, 32, 322]
[2466, 2342, 710]
[2257, 1001, 2601]
[2571, 35, 540]
[9, 1070, 2418]
[513, 2573, 2688]
[1302, 171, 1304]
[2688, 2149, 322]
[2930, 2544, 197]
[761, 2253, 46]
[1001, 761, 1982]
[2706, 2528, 2295]
[2777, 267, 1538]
[2088, 2528, 2772]
[1963, 1352, 19]
[171, 1963, 32]
[2138, 2429, 1052]
[862, 1679, 2643]
[946, 35, 435]
[1829, 1807, 2213]
[1207, 1002, 2171]
[869, 1359, 2930]
[46, 2025, 2457]
[2507, 1001, 2688]
[1352, 1895, 598]
[1857, 1958, 749]
[1297, 35, 229]
[1965, 2912, 1360]
[2912, 2528, 2096]
[2986, 633, 734]
[7, 2447, 2986]
[2862, 520, 2481]
[116, 2912, 2779]
[2920, 1720, 2279]
[2986, 2507, 2466]
[2912, 759, 274]
[625, 267, 2233]
[1378, 1808, 2697]
[2920, 2994, 422]
[1723, 197, 1070]
[746, 2643, 598]
[1352, 1352, 2894]
[2136, 119, 2799]
[2560, 1754, 2161]
[2643, 1297, 1982]
[2544, 2507, 1484]
[2202, 1146, 35]
[642, 2468, 2716]
[159, 1917, 248]
[2920, 869, 230]
[2447, 1723, 423]
[1352, 1857, 2644]
[633, 35, 2894]
[555, 758, 248]
[2062, 171, 2439]
[1932, 67, 32]
[2161, 633, 1302]
[2096, 2912, 122]
[2361, 2643, 1606]
[1352, 2912, 2159]
[2912, 946, 1638]
[2881, 2626, 267]
[1352, 862, 1425]
[1002, 1070, 35]
[501, 501, 501]
[651, 651, 651]
[607, 607, 607]
[184, 184, 184]
[903, 903, 903]
[797, 797, 797]
[341, 341, 341]
[397, 397, 397]
[460, 460, 460]
[648, 648, 648]
[354, 354, 354]
[487, 487, 487]
[257, 257, 257]
[798, 798, 798]
[2032, 2350]
[423, 869]
[267, 758]
[1425, 6]
[2437, 2912]
[35, 2894]
[1259, 2799]
[2167, 1638]
[2062, 426]
[686, 1808]
[10, 10]
[540, 540]
[1461, 1461]
