841 1824
841 1182
841 285
1824 961
1824 1617
516 658
516 710
516 1976
658 1841
658 203
1029 1617
1029 1792
1029 1335
1617 445
703 943
703 1684
703 1613
943 925
943 711
961 1509
961 1735
1509 16
1509 976
84 967
84 1973
84 1752
967 1823
967 1483
338 1030
338 551
338 271
1030 1087
1030 1330
680 753
680 1635
680 1298
753 485
753 1517
110 500
110 550
110 345
500 1601
500 1795
735 1332
735 1183
735 167
1332 579
1332 575
382 1479
382 1161
382 209
1479 1276
1479 1416
256 829
256 169
256 437
829 912
829 816
1586 1966
1586 751
1586 723
1966 484
1966 1886
510 541
510 1647
510 1392
541 825
541 981
1325 1500
1325 924
1325 111
1500 451
1500 160
1165 1395
1165 1848
1165 607
1395 1446
1395 112
474 569
474 1116
474 1400
569 836
569 420
934 1550
934 1678
934 795
1550 1323
1550 763
878 982
878 1772
878 1066
982 1801
982 454
208 1637
208 116
208 196
1637 738
1637 690
534 1235
534 1215
534 372
1235 1658
1235 124
1 613
1 225
1 1428
613 789
613 412
458 1935
458 1227
458 196
1935 1407
1935 1314
842 1787
842 364
842 1852
1787 1835
1787 1159
1430 1447
1430 1930
1430 217
1447 1436
1447 911
1013 1349
1013 1581
1013 1107
1349 320
1349 154
304 402
304 1540
304 89
402 441
402 1535
246 1376
246 1274
246 12
1376 1655
1376 404
434 1130
434 511
434 1492
1130 249
1130 811
180 1744
180 1592
180 186
1744 353
1744 643
433 1669
433 175
433 1363
1669 1261
1669 1503
696 862
696 1033
696 375
862 71
862 1797
1413 1802
1413 1203
1413 1292
1802 1005
1802 1849
426 1767
426 1554
426 583
1767 1069
1767 1179
1073 1278
1073 243
1073 627
1278 1000
1278 900
318 712
318 277
318 442
712 1542
712 1685
1405 1493
1405 1687
1405 1993
1493 1388
1493 1310
987 1137
987 153
987 1668
1137 957
1137 1505
344 546
344 766
344 1524
546 1731
546 1622
807 1905
807 668
807 1293
1905 1544
1905 872
436 1541
436 705
436 1200
1541 1049
1541 770
881 1168
881 1924
881 1920
1168 589
1168 1579
277 519
277 767
519 99
519 1272
406 1151
406 602
406 781
1151 469
1151 1423
808 1083
808 1897
808 89
1083 294
1083 1520
1188 1437
1188 590
1188 952
1437 527
1437 1829
16 1101
16 586
233 865
233 1424
233 1292
865 362
865 1996
836 194
836 1117
240 797
240 470
240 1843
797 126
797 1033
904 1652
904 19
904 1307
1652 1316
1652 1163
873 1803
873 1074
873 896
1803 1762
1803 1363
1611 1723
1611 441
1611 810
1723 803
1723 504
455 1245
455 582
455 509
1245 1572
1245 488
626 702
626 1480
626 591
702 743
702 1129
1467 1846
1467 384
1467 1923
1846 803
1846 272
92 1619
92 1338
92 143
1619 1311
1619 301
1012 1644
1012 1505
1012 1816
1644 1485
1644 232
174 1840
174 112
174 530
1840 1266
1840 312
445 1246
445 209
1246 786
1246 1170
197 1393
197 524
197 1086
1393 817
1393 1931
1668 1838
1668 447
1838 1889
1838 446
20 1024
20 300
20 633
1024 1187
1024 473
476 1448
476 151
476 1854
1448 660
1448 1944
1679 1981
1679 1176
1679 940
1981 1320
1981 657
1364 1609
1364 440
1364 931
1609 376
1609 124
521 651
521 1814
521 1599
651 26
651 1327
701 1635
701 551
701 134
1635 593
825 359
825 693
363 621
363 828
363 692
621 707
621 1876
195 1976
195 1967
195 376
1976 1205
627 764
627 576
764 721
764 598
1733 1926
1733 553
1733 1491
1926 266
1926 1641
378 799
378 1864
378 1070
799 1158
799 1697
1171 1487
1171 1575
1171 1330
1487 1362
1487 1648
396 868
396 1108
396 1565
868 1417
868 1239
73 1631
73 1317
73 218
1631 1518
1631 235
1036 1450
1036 971
1036 70
1450 678
1450 1602
646 1818
646 1757
646 262
1818 1483
1818 1583
242 1291
242 932
242 1755
1291 1169
1291 806
622 1738
622 97
622 1295
1738 704
1738 536
720 1129
720 327
720 96
1129 1011
554 909
554 229
554 150
909 758
909 1508
1257 1347
1257 1745
1257 1948
1347 1676
1347 25
846 1261
846 1945
846 778
1261 395
297 951
297 659
297 1660
951 367
951 1581
22 1358
22 250
22 1693
1358 812
1358 1299
463 1213
463 531
463 1771
1213 449
1213 900
122 222
122 673
122 1528
222 1939
222 1378
1561 1615
1561 826
1561 182
1615 335
1615 1594
1582 1666
1582 85
1582 512
1666 1201
1666 1585
238 247
238 1368
238 55
247 1599
247 1911
813 1568
813 1222
813 1995
1568 1778
1568 1889
441 855
855 483
855 1539
833 1343
833 713
833 1896
1343 461
1343 224
170 1570
170 502
170 1244
1570 1380
1570 258
480 827
480 1459
480 1708
827 204
827 1885
411 1985
411 1718
411 1387
1985 1941
1985 1717
1037 1099
1037 639
1037 425
1099 1275
1099 1516
1458 1817
1458 203
1458 1461
1817 428
1817 370
470 1782
470 707
1782 1162
1782 472
106 1837
106 31
106 280
1837 1428
1837 8
90 438
90 1148
90 497
438 1942
438 1573
221 832
221 1321
221 215
832 698
832 762
1128 1736
1128 1039
1128 1753
1736 906
1736 333
539 1348
539 1452
539 1651
1348 919
1348 977
1253 1519
1253 306
1253 300
1519 1333
1519 688
156 1486
156 1758
156 1297
1486 608
1486 1104
1811 1814
1811 1445
1811 273
1814 460
876 1239
876 1828
876 1503
1239 27
1355 1785
1355 306
1355 342
1785 560
1785 9
1688 1781
1688 69
1688 1463
1781 1831
1781 732
365 1878
365 227
365 1593
1878 1439
1878 132
885 1434
885 100
885 18
1434 1445
1434 1324
684 1563
684 1915
684 1369
1563 371
1563 974
1039 1749
1039 1274
1749 1705
1749 1939
1313 1518
1313 606
1313 409
1518 1164
1337 1804
1337 1196
1337 1216
1804 264
1804 1460
13 1254
13 954
13 1572
1254 1481
1254 577
1118 1419
1118 965
1118 324
1419 838
1419 115
185 974
185 1585
185 1573
974 1678
1790 1957
1790 1845
1790 1527
1957 1529
1957 410
354 1007
354 1555
354 1441
1007 1626
1007 906
3 1978
3 1730
3 616
1978 1858
1978 1346
781 1386
781 1621
1386 259
1386 498
322 1309
322 1683
322 1179
1309 1673
1309 1913
1050 1953
1050 1482
1050 1516
1953 1203
1953 24
199 1089
199 1498
199 1455
1089 1172
1089 515
650 966
650 1861
650 1025
966 462
966 1830
1505 339
99 235
99 241
235 1453
1452 335
1452 1156
462 823
462 1873
1275 100
1275 1769
1125 1366
1125 422
1125 971
1366 1321
1366 1032
1056 1181
1056 1497
1056 985
1181 800
1181 1259
439 615
439 1466
439 1930
615 1681
615 1439
573 1264
573 1853
573 1729
1264 472
1264 1598
525 1270
525 1499
525 114
1270 1279
1270 1632
229 1671
229 0
228 1513
228 635
228 17
1513 915
1513 1638
930 968
930 362
930 1075
968 1252
968 1812
699 1138
699 561
699 1019
1138 533
1138 206
1655 1911
1655 1001
1911 653
864 978
864 86
864 1770
978 1071
978 837
232 1896
232 1155
1896 1501
209 1145
1145 1527
1145 1941
28 475
28 927
28 1523
475 1537
475 824
1735 374
1735 204
678 1870
678 59
1870 1882
1870 1233
994 1894
994 1992
994 1427
1894 130
1894 1898
96 1429
96 514
1429 1986
1429 1049
616 716
616 1121
716 582
716 1324
1094 1116
1094 504
1094 1169
1116 605
568 1243
568 746
568 1065
1243 1780
1243 432
52 1535
52 1100
52 1988
1535 198
704 880
704 557
369 1484
369 819
369 284
1484 891
1484 1871
1466 1454
1466 1860
732 1638
732 74
1638 1948
1761 1954
1761 593
1761 1815
1954 1067
1954 451
1967 1910
1967 1942
513 757
513 459
513 1918
757 1656
757 273
56 1725
56 41
56 1126
1725 78
1725 1663
1071 1305
1071 447
1945 775
1945 366
1658 1263
1658 634
853 899
853 917
853 1656
899 1497
899 1783
1424 1262
1424 920
567 718
567 424
567 181
718 423
718 152
309 1995
309 518
309 85
1995 1055
367 709
367 1866
709 1319
709 292
938 1155
938 383
938 1425
1155 266
683 1100
683 512
683 531
1100 859
1718 120
1718 1972
1060 1152
1060 929
1060 734
1152 1872
1152 80
284 1464
284 112
1464 614
1464 1311
193 405
193 1671
193 1695
405 939
405 1511
927 1662
927 1000
979 1650
979 1727
979 1370
1650 1651
1650 959
486 1672
486 420
486 334
1672 1135
1672 1828
1262 125
1262 688
205 1904
205 159
205 1606
1904 592
1904 937
260 347
260 1524
260 146
347 644
347 1691
179 1283
179 634
179 773
1283 1698
1283 756
383 171
383 357
224 252
224 723
252 1496
252 840
973 1217
973 544
973 1081
1217 264
1217 1922
637 1778
637 285
637 618
1778 407
1758 351
1758 511
617 1876
617 498
617 814
1876 1699
212 472
212 1462
212 431
579 1965
579 1059
1965 395
1965 1022
731 1080
731 280
731 945
1080 1620
1080 1203
343 1206
343 1938
343 1675
1206 1402
1206 1757
1221 1963
1221 67
1221 1397
1963 1408
1963 600
508 1143
508 1075
508 761
1143 746
1143 62
861 949
861 1042
861 585
949 1607
949 314
146 1232
146 1779
1232 1360
1232 867
1205 1931
1205 1480
1931 1301
302 1123
302 1850
302 793
1123 1989
1123 1667
72 1936
72 667
72 1844
1936 872
1936 1571
2 285
2 752
2 1119
647 1248
647 1875
647 1639
1248 501
1248 1357
540 1649
540 997
540 815
1649 511
1649 933
114 652
114 95
652 191
652 42
630 1750
630 1982
630 1855
1750 50
1750 847
1700 1937
1700 1394
1700 67
1937 448
1937 429
103 370
103 1144
103 1004
370 739
88 324
88 1565
88 1150
324 1825
802 1623
802 1153
802 1195
1623 1752
1623 1396
1659 1841
1659 117
1659 689
1841 570
6 785
6 867
6 1226
785 1267
785 1066
1162 1230
1162 200
870 911
870 991
870 595
911 1256
444 1267
444 1947
444 844
1267 1645
10 1897
10 1365
10 1379
1897 1844
237 589
237 816
237 1692
589 1549
1585 1973
218 1463
218 1120
1463 1043
143 1827
143 913
1827 811
1827 1887
608 860
608 1470
850 1806
850 619
850 1863
1806 1098
1806 1823
593 453
562 849
562 75
562 1575
849 1079
849 163
1025 1234
1025 740
1234 1240
1234 290
339 1336
339 826
1336 947
1336 1988
580 1367
580 1522
580 1231
1367 377
1367 1354
1320 68
1320 880
518 1167
518 1523
916 1554
916 1306
916 1845
1554 588
1140 1745
1140 323
1140 634
1745 430
44 1187
44 282
44 1476
1187 1122
919 1058
919 443
1242 1934
1242 1709
1242 1831
1934 1294
1934 346
917 1630
917 1891
839 1146
839 1229
839 1174
1146 1633
1146 98
1191 1882
1191 1886
1191 287
1882 386
268 603
268 691
268 1621
603 1017
603 148
730 1088
730 502
730 274
1088 896
1088 773
675 1399
675 1996
675 665
1399 632
1399 1714
213 1889
213 113
213 1160
58 956
58 60
58 655
956 93
956 167
1201 1391
1201 133
1445 1740
777 784
777 1377
777 299
784 346
784 1879
1651 1072
618 1115
618 1643
1115 879
1115 854
564 1350
564 1665
564 102
1350 1960
1350 857
1192 1286
1192 5
1192 871
1286 1789
1286 1369
656 1112
656 421
656 1269
1112 1293
1112 1591
1026 1294
1026 461
1026 1038
1294 37
752 140
752 1382
177 1492
177 1490
177 610
1492 375
1021 1227
1021 1613
1021 1532
1227 1946
1285 1940
1285 270
1285 206
1940 477
1940 1784
473 1710
473 653
1710 172
1710 1249
632 1783
632 623
1783 1531
818 1608
818 1410
818 522
1608 1932
1608 1383
1063 1090
1063 1224
1063 291
1090 924
1090 624
1031 1045
1031 190
1031 366
1045 645
1045 1797
1529 1898
1529 1341
190 1000
190 1398
1016 1316
1016 307
1016 1315
1316 748
341 969
341 1435
341 1540
969 373
969 244
1483 231
451 266
801 1961
801 1538
801 1834
1961 1640
1961 1193
843 1880
843 999
843 1119
1880 913
1880 1583
745 775
745 1338
745 1087
775 183
835 1157
835 1737
835 1359
1157 1647
1157 1132
407 1605
407 524
1605 1657
1605 1126
1321 286
1662 649
1662 1732
188 1970
188 182
188 1011
1970 828
1970 1709
4 138
4 1784
4 821
138 1675
138 1873
1480 1805
1805 1871
1805 1471
744 1164
744 452
744 733
1164 1184
1061 1095
1061 57
1061 1244
1095 71
1095 1317
307 689
307 443
689 1028
36 1114
36 754
36 385
1114 1451
1114 1592
1293 140
649 1614
649 1387
746 125
619 1539
619 1727
279 1446
279 642
279 1567
1446 271
306 397
1042 1477
1042 1874
204 721
856 1488
856 467
856 1318
1488 104
1488 162
944 1853
944 1507
944 859
1853 1542
851 1627
851 820
851 1375
1627 245
1627 1177
63 1370
63 548
63 127
1370 503
748 1618
748 1596
1618 1560
1618 484
817 291
817 1489
389 1982
389 893
389 1220
1982 1746
896 648
713 1694
713 1478
17 105
17 1898
105 591
105 1223
348 503
348 159
348 800
503 1101
278 1178
278 345
278 1113
1178 1374
1178 1469
761 1683
761 1093
1683 1469
648 1032
648 134
551 239
786 1555
786 947
1555 1064
14 245
14 401
14 1335
245 57
535 1595
535 645
535 1410
1595 733
1595 1843
1491 1768
1491 1795
1768 596
1768 903
64 1999
64 1277
64 1381
1999 168
1999 1139
959 1229
959 727
231 1645
231 1407
1645 1049
219 499
219 1857
219 1647
499 631
499 1236
298 1551
298 666
298 1769
1551 1592
1551 1877
333 1777
333 1825
1777 1521
1777 1327
1456 1910
1456 611
1456 61
1910 1302
1230 598
1230 165
724 947
724 1394
724 259
1040 1774
1040 1614
1040 119
1774 497
1774 1303
440 1496
440 1604
259 985
985 1593
520 1879
520 1971
520 11
1879 877
787 898
787 1107
787 150
898 201
898 1502
129 275
129 1051
129 1353
275 1252
275 1732
1103 1928
1103 1289
1103 1565
1928 614
1928 335
1380 107
1380 729
823 1775
823 202
1259 1843
1259 1198
397 12
397 1712
50 48
50 695
296 1216
296 1444
296 308
1216 1295
467 1883
467 517
1883 1135
1883 1298
358 1111
358 721
358 368
1111 1670
1111 1401
1135 34
1524 1547
1220 1281
1220 301
1281 491
1281 563
408 1098
408 1916
408 40
1098 1959
227 1721
227 1122
1721 883
1721 273
838 1667
838 1543
1385 1948
1385 770
1385 921
276 427
276 1632
276 798
427 1562
427 960
102 845
102 1574
845 1546
845 1284
250 1389
250 1406
1389 655
1389 144
1546 91
1546 1871
1006 1661
1006 432
1006 1180
1661 1685
1661 1218
883 990
883 269
990 986
990 425
26 1784
26 32
481 963
481 374
481 1472
963 484
963 595
773 1994
1994 1580
1994 145
175 254
175 261
254 62
254 487
587 892
587 1338
587 1301
892 599
892 457
109 1489
109 398
109 1453
1489 201
532 1258
532 629
532 1365
1258 1009
1258 61
388 1772
388 1751
388 70
1772 1788
1422 1475
1422 1866
1422 667
1475 281
1475 53
414 1048
414 1742
414 791
1048 249
1048 733
640 1474
640 575
640 15
1474 387
1474 888
1538 1494
1538 858
767 796
767 1980
796 566
796 1170
1858 1949
1858 771
1949 1968
1949 1899
1497 507
759 1361
759 1722
759 198
1361 192
1361 1593
556 1703
556 1068
556 1292
1703 435
1703 319
1297 1899
1297 559
1899 1035
887 1730
887 1653
887 168
1730 1307
83 1189
83 655
83 478
1189 1956
1189 325
597 1571
597 1305
597 1850
1571 1476
15 1131
15 236
1131 506
1131 834
749 1969
749 482
749 107
1969 1022
1969 1542
986 1797
986 547
145 150
145 1796
1249 1415
1249 664
1415 1085
1415 1333
1008 1812
1008 1600
1008 62
1812 1569
575 1603
769 1360
769 714
769 1457
1360 1950
921 1836
921 666
1836 1556
1836 935
334 422
334 1041
422 1848
482 504
482 1208
545 582
545 46
545 82
488 1873
488 1352
729 1973
729 1444
5 1408
5 1064
372 633
372 41
633 1834
29 936
29 1856
29 592
936 413
936 460
485 913
485 391
131 1052
131 1423
131 1271
1052 379
1052 937
1835 782
1835 1372
636 1984
636 53
636 1511
1984 255
1984 923
181 1076
181 1646
1076 1801
1076 251
1676 35
1676 1384
538 1473
538 1023
538 1328
1473 1439
1473 377
1425 1701
1425 210
791 1041
791 1684
1041 1543
502 1691
1028 1147
1028 812
1147 1743
1147 1616
1496 24
751 1776
751 1924
596 1314
596 1759
1606 1819
1606 200
1819 1799
1819 903
1792 771
1792 1964
905 1356
905 329
905 1495
1356 1526
1356 49
1113 1532
1113 1046
1532 1451
1299 1842
1299 132
1842 492
1842 393
19 1363
19 559
1789 1742
1789 1888
368 932
368 681
932 601
187 722
187 1913
187 776
722 514
722 1420
496 776
496 76
496 144
776 1922
635 80
635 226
155 269
155 1333
155 697
269 708
1204 1706
1204 1884
1204 457
1706 1034
1706 1472
572 1472
572 1657
572 390
1124 1173
1124 1845
1124 424
1173 866
1173 294
514 1695
133 1149
133 1548
1149 1053
1149 1174
1527 822
1097 1536
1097 81
1097 682
1536 694
1536 1451
1494 1507
1494 1202
1252 907
71 920
920 747
1863 1775
1863 1885
136 349
136 1417
136 23
349 645
349 1888
763 1476
763 599
869 981
869 1901
869 1938
981 790
387 859
387 1003
804 1988
804 1408
804 1675
489 1654
489 1411
489 248
1654 530
1654 1557
1017 1628
1017 1564
929 251
929 127
1630 1455
1630 184
37 918
37 1214
734 1290
734 1241
1290 594
1290 1832
509 1975
509 111
1975 983
1975 661
584 1081
584 725
584 760
1081 601
694 948
694 1185
948 1382
948 1728
537 1707
537 310
537 1791
1707 261
1707 234
311 671
311 95
311 123
671 200
671 727
477 1933
477 1544
144 1499
1499 1211
41 319
1167 1892
1167 663
1436 1127
1436 49
574 1421
574 858
574 340
1421 418
1421 1998
376 1558
392 1379
392 1548
392 1578
1379 877
1444 578
398 822
398 1122
1240 1640
1240 211
59 301
59 1047
681 1958
681 975
1958 289
1958 526
1093 1987
1093 918
1987 747
1987 1901
262 327
262 1277
327 995
673 1108
673 1150
1548 1139
1334 1807
1334 1794
1334 891
1807 211
1807 1373
1368 1260
1368 639
816 1705
625 1378
625 1943
625 417
1378 27
399 1692
399 614
399 760
1692 1909
498 1260
211 1517
1517 922
941 1780
941 216
941 1616
1780 975
1526 207
1526 1442
340 1435
340 1646
1435 1185
620 1059
620 531
620 523
1059 282
737 931
737 1664
737 1867
931 1895
315 1614
315 1092
315 417
464 1602
464 30
464 1626
1602 1195
505 794
505 236
505 819
794 139
794 1822
291 553
553 1196
1943 1925
1943 450
594 895
594 1696
895 1091
895 1210
1127 413
1127 1776
659 1998
659 1764
1369 1751
1751 789
1046 336
1046 1340
435 316
435 356
550 1564
550 1271
1564 886
598 87
1182 429
1182 819
1256 1589
1256 672
161 679
161 1826
161 1874
679 1912
679 263
533 1624
533 1158
997 522
997 1212
386 1296
386 928
1296 1064
1296 666
828 806
442 1186
442 1944
707 1177
87 1521
87 1947
1521 950
241 1438
241 1420
1438 1704
1438 1857
715 803
715 100
715 454
695 983
695 727
983 353
1357 1392
1357 1014
1392 288
954 1923
954 1322
1923 142
1390 1416
1390 1754
1390 1318
1416 1531
863 1409
863 872
863 1588
1409 674
1409 1077
1400 1690
1400 1716
1640 719
460 1825
758 1525
758 47
1930 135
826 328
1148 493
1148 1917
1600 1198
1600 543
326 1506
326 661
326 736
1506 172
1506 1740
194 814
194 43
65 1396
65 1667
65 1132
1396 566
1956 1352
1956 1222
203 1796
1796 1909
1728 1748
1728 54
1748 1314
1748 1255
1068 964
1068 1344
151 264
151 381
1183 1233
1183 1660
1233 1190
1398 158
1398 664
512 163
728 953
728 183
728 1054
953 1318
953 874
51 610
51 1791
51 1875
610 413
74 897
74 7
897 866
897 570
330 1665
330 1682
330 1636
1665 991
1104 1019
1104 1851
75 172
75 1610
249 1470
390 723
390 1793
641 1228
641 1549
641 736
1228 1603
1228 1833
34 901
34 225
901 1353
901 1919
1596 1991
1596 612
1991 355
1991 1670
1196 1622
1622 428
1924 45
1624 952
1624 1315
169 1633
169 1412
612 660
612 1860
976 149
976 38
581 1317
581 780
581 251
49 1791
1311 123
126 1737
126 446
1737 657
1454 1426
1454 1175
81 1238
81 1247
1238 972
1238 1699
494 559
494 1074
494 1388
1848 38
1079 1375
1079 810
1074 686
1224 1301
1224 189
359 1577
359 844
1577 945
1577 316
395 1121
995 1621
995 497
420 1210
171 1034
171 1208
258 1813
258 755
1813 490
1813 1795
428 1990
714 1199
714 1209
1199 1005
1199 1968
910 1729
910 1432
910 23
1729 1902
1272 1346
1272 1694
1346 1834
1177 1282
1282 166
1282 1559
577 606
577 1726
606 809
890 1004
890 739
890 456
1004 1428
854 1888
854 281
11 912
11 814
912 988
361 1377
361 1653
361 1757
1377 1044
1034 412
148 1269
148 1288
1269 479
1942 61
1950 120
1950 1734
243 1117
243 471
1328 1719
1328 1648
1719 1760
1719 698
1632 1890
66 1952
66 1298
66 711
1952 295
1952 1082
1572 1977
1977 1020
1977 1929
30 522
30 1525
8 654
8 1117
654 366
654 419
423 149
423 806
12 1762
705 1927
705 1607
1468 1558
1468 163
1468 1134
1558 1018
980 1459
980 552
980 345
1459 893
561 631
561 1713
631 1801
860 1639
860 1284
1478 1739
1478 719
1739 923
1739 453
7 1656
7 1374
493 1062
493 1477
1591 283
1591 1359
800 1440
599 946
946 283
946 831
371 465
371 1769
465 159
465 123
459 1084
459 710
1084 790
1084 1759
1690 1085
1690 1133
490 629
490 32
325 1839
325 39
1839 1862
1839 1163
1362 1874
1362 914
1105 1339
1105 692
1105 1587
1339 547
1339 1900
743 1418
743 1289
1315 1903
1903 1197
1903 999
1158 884
1742 1175
820 1877
820 824
1877 1018
565 1345
565 215
565 384
1345 120
1345 1855
214 1260
214 529
214 958
93 1919
93 605
1919 201
479 1516
479 578
85 1983
1983 305
1983 628
210 1330
210 604
432 1775
379 192
379 1404
207 1997
207 1574
1121 1576
1411 1756
1411 337
837 113
837 1908
32 1927
1927 1055
653 116
952 182
1092 1160
1092 453
141 1077
141 1864
141 317
1077 1887
1490 400
1490 393
162 583
162 1959
583 267
1549 1808
1160 925
609 780
609 98
609 1471
780 168
770 1820
506 1225
506 1914
1470 116
461 1266
1352 25
1388 1308
1186 1680
1186 1771
1680 153
1680 1868
1461 1664
1461 1520
1664 662
391 717
391 1722
768 1823
768 394
768 1766
140 401
1374 1502
1502 130
1657 993
94 664
94 1590
94 1371
1423 529
588 1237
588 526
524 1044
118 1857
118 117
118 287
1925 173
1925 991
35 1412
35 1691
1412 1907
142 989
142 206
989 1955
989 1941
76 783
76 351
783 708
783 352
812 810
1218 1829
1218 135
1829 468
1341 1373
1341 1992
1373 1329
576 1495
576 795
1058 1557
1058 457
1019 1800
1365 1331
469 47
469 415
289 1107
289 939
1520 1141
1938 1974
1974 409
1974 644
1051 314
1051 536
789 1890
1890 45
336 1677
336 430
1032 740
1020 1868
1020 412
303 1583
303 1545
303 765
1195 1584
1584 940
1584 226
153 1861
443 1057
1057 274
1057 1453
1417 1704
1274 644
1610 1734
1610 677
1734 778
1547 1559
1547 176
1559 1431
1865 1881
1865 271
1865 585
1881 1323
1881 563
360 665
360 294
360 317
665 1096
0 416
0 1011
416 127
416 449
623 1481
623 1533
1828 77
1704 639
1754 611
1754 1917
692 1193
1193 629
964 471
964 108
660 1590
1620 1222
1620 1770
1211 1295
1211 1998
1087 779
1986 1043
1986 1018
595 1902
1902 1715
867 1862
1947 1992
1044 1263
1263 337
1306 1641
1306 293
1641 1207
1144 1743
1144 555
1743 1747
1573 1207
374 950
1276 523
1276 1562
811 894
894 1771
894 1210
282 255
1319 1510
1319 848
215 1512
1684 1433
351 1705
1702 1808
1702 217
1702 1310
1808 507
1698 293
1698 104
1304 1307
1304 871
1304 1110
1653 1287
216 1553
216 1543
401 1404
115 501
115 888
501 798
1353 706
815 1687
815 316
1687 908
1426 831
1426 965
236 1268
766 1154
766 1915
1154 515
1154 1082
517 536
517 1579
381 1579
381 1440
274 97
928 1022
928 1648
638 1287
638 1512
638 1194
1287 805
113 686
756 1498
756 998
1793 1701
1793 698
889 1907
889 1172
889 1126
1907 1921
1601 1716
1601 1634
700 1391
700 1779
700 1279
1391 771
1194 1403
1194 1788
1403 1180
1403 1906
847 914
847 417
914 1288
611 840
281 1800
48 1693
48 1075
663 1544
663 1939
70 429
25 68
270 1372
270 1250
68 782
1760 1401
1760 879
125 1597
394 880
394 352
1868 1174
1215 1247
1215 1685
1067 1776
1067 1515
957 1921
957 668
1180 1847
1800 642
725 1575
725 1716
1271 1101
77 1530
77 560
1740 1964
1964 1109
157 1887
157 263
157 46
18 124
18 1629
1433 529
1433 747
1106 1929
1106 1960
1106 792
1929 1397
1414 1798
1414 1268
1414 1312
1798 1933
1798 643
261 403
403 1455
403 1724
691 1711
691 117
1711 1340
1711 1312
1788 1251
1481 977
410 1134
410 578
1134 1214
945 674
1014 173
1014 566
950 557
95 1335
355 742
355 922
292 1280
292 1133
1280 682
1280 139
384 1686
1686 1893
1686 604
1892 1895
1892 1069
1895 487
1915 431
834 1552
834 1860
1901 1747
1712 1979
1712 1642
1864 643
1862 415
239 1959
239 1091
164 1590
164 350
164 1091
225 1003
1003 1607
738 1816
738 137
750 1372
750 331
750 1971
111 601
290 1443
290 42
40 1510
40 1671
1510 1900
1501 234
1501 1250
1821 1908
1821 736
1821 1010
1908 669
558 1574
558 1136
558 755
840 1340
560 1153
1153 1038
78 858
78 1223
1023 1962
1023 1822
33 765
33 1534
33 299
765 166
879 555
295 456
295 925
923 1746
1746 741
1507 1170
158 965
158 1720
788 1161
788 1701
788 530
1161 137
449 337
1082 1720
1720 329
1404 1443
866 685
544 1166
544 1351
677 1689
677 1244
1689 602
1689 1773
527 1872
527 670
717 1747
717 1522
1955 933
1955 1709
424 1722
1495 415
46 1643
1643 685
137 1344
1344 487
906 1678
1597 1482
1597 196
1670 875
515 672
672 772
1766 1820
1766 91
1820 1906
739 1557
1933 1027
108 119
108 1765
119 992
328 805
328 1065
805 1951
400 1731
400 1989
1477 1968
323 1917
323 1229
552 1980
552 385
1909 590
329 1326
1326 1053
1326 1809
1310 1512
189 915
189 1200
915 1322
1208 1699
293 1844
1289 1190
1603 958
668 192
1308 1677
1308 1047
1642 1859
1642 774
1859 121
1859 456
1612 1731
1612 1726
1612 167
312 998
312 1921
998 970
54 1457
54 310
1457 543
98 1636
375 1673
1673 1914
1139 1525
364 821
364 926
1431 320
1431 1054
1047 1545
1545 178
719 543
1070 1185
1070 1663
1646 670
822 1504
419 495
419 1932
495 676
495 1035
310 1381
1110 1826
1110 1212
1826 186
223 1522
223 1830
223 1832
217 492
305 669
305 542
491 548
491 1996
478 1854
478 21
1854 1629
555 1732
642 942
130 1231
1231 1786
604 1214
53 852
60 86
60 1120
152 1604
152 1303
1604 624
1872 1815
1247 1849
1849 955
1482 1108
350 1342
350 1166
972 1726
972 1528
1410 1284
1225 165
1225 149
492 1713
1613 528
86 1756
1537 1867
1537 792
1150 1832
1765 1625
1765 1273
1946 1401
1946 404
1069 1682
1682 418
984 1443
984 38
984 1277
1900 1993
202 1418
202 1715
1418 1696
184 198
184 272
55 662
55 1449
662 886
918 255
902 958
902 1851
902 134
1382 893
183 907
686 1594
888 1300
1300 313
1300 425
1498 1102
1695 586
937 1764
1141 1539
1141 1322
661 357
1273 1531
1273 1920
1163 1674
1085 1990
1136 693
1136 1756
353 857
321 1530
321 1460
321 1589
1530 1962
891 1714
1714 42
549 1741
549 1884
549 1237
1741 571
1741 1989
706 1329
706 874
1329 1255
1717 585
1717 1176
1589 884
23 45
82 602
82 431
288 287
288 548
1407 857
740 1441
1830 430
970 1866
970 468
1383 1508
1383 874
1508 1639
884 1674
1674 1567
135 600
667 1856
1323 1427
1427 265
1626 1951
795 1176
283 760
1053 1697
1916 101
1916 1219
1625 687
1625 830
27 1770
1442 774
1442 600
1086 1799
1086 742
1799 147
1856 852
1462 852
1462 466
1485 993
1485 1578
697 1822
697 685
1816 263
1693 1794
1794 253
319 1096
313 450
313 1569
450 437
1226 1166
1226 385
448 1324
448 687
1197 960
1197 362
1440 939
21 875
21 741
1861 104
132 1752
674 1553
875 1633
1677 468
191 1190
191 1202
1241 1893
1241 31
1567 1159
57 1809
628 1681
628 421
1681 708
1786 377
1786 1815
1200 1951
960 1302
1302 1250
1005 253
1851 280
80 121
1266 1251
1342 1724
1342 726
101 557
101 1236
1268 1159
1932 1096
526 1753
1753 831
1169 1303
676 798
676 935
1727 320
272 1763
1763 1660
1763 1850
139 1847
1594 1027
1312 1913
624 418
471 1265
1997 230
1997 726
1394 607
121 1236
1331 1015
1331 592
267 1831
267 1588
1441 380
173 1449
1054 996
1553 996
1598 830
1598 1120
97 9
1172 342
772 1634
772 1156
993 1810
1629 331
352 687
1576 1979
1576 128
1979 1885
1184 1755
1184 1109
1847 1265
1990 244
107 186
924 1906
1469 483
1065 1156
1599 147
393 1556
1420 607
483 332
1255 1886
1962 1724
1628 571
1628 790
166 257
257 1523
257 404
542 1980
542 437
1588 1387
971 940
1912 409
1912 154
877 1833
1833 1072
1237 1773
1893 1015
1552 523
1552 926
1560 1884
1560 1027
1009 1209
1009 962
563 793
356 1708
356 176
1708 1381
1809 1359
669 1265
39 988
39 373
1066 1033
1384 1351
1384 1587
1402 147
1402 782
1578 286
1634 1580
1779 1406
1002 1371
1002 1375
1002 1109
1371 547
693 1515
1581 1202
996 452
688 1035
299 1713
452 1663
1055 346
314 1993
710 942
69 742
69 657
682 1465
1465 244
1465 690
942 1891
1891 1972
1449 1010
1279 1587
988 1460
67 926
1209 1534
1534 1219
331 809
809 308
1694 1432
1960 1078
47 1142
1142 380
1142 466
1616 762
342 1715
332 1569
332 265
1540 955
9 1556
586 741
160 774
160 128
1305 154
590 977
1972 1327
778 605
89 882
1867 570
286 1869
1869 591
1869 1944
1515 1759
253 1875
380 848
754 690
754 1697
755 1971
1562 1351
882 1566
882 1062
1566 886
1566 454
793 1102
1102 844
1504 1755
1504 24
1207 1810
265 1533
903 1636
317 762
220 908
220 357
220 447
908 962
1922 248
1015 1179
91 43
1219 1397
1062 1038
128 308
1010 176
962 792
234 421
1920 1852
821 1511
1043 1078
165 1223
1764 1514
248 1514
1514 726
975 466
871 178
1288 528
1432 1132
528 1078
1133 1918
922 1354
571 933
1580 226
1855 1198
1914 1533
670 711
230 1212
230 1696
1918 178
1251 824
830 955
1175 31
935 1810
999 79
1119 43
900 1528
779 992
779 1852
1471 1354
300 1762
1072 992
79 507
79 848
373 907
1503 1001
446 1773
1406 1001
