1064 1624
1064 883
1064 1896
1064 1049
1624 1275
1624 1472
1624 26
772 1894
772 1592
772 1290
772 539
1894 1104
1894 1547
1894 1666
382 1140
382 383
382 1496
382 355
1140 942
1140 714
1140 1937
296 928
296 599
296 1221
296 1936
928 113
928 1967
928 223
652 760
652 1425
652 1105
652 137
760 339
760 442
760 63
724 1418
724 906
724 1657
724 120
1418 1473
1418 721
1418 325
1244 1531
1244 568
1244 172
1244 451
1531 1156
1531 1566
1531 1020
396 528
396 1843
396 1520
396 468
528 347
528 4
528 121
310 1665
310 391
310 224
310 87
1665 1643
1665 174
1665 1767
1123 1713
1123 1480
1123 1837
1123 1104
1713 651
1713 640
1713 527
274 1877
274 621
274 723
274 1124
1877 641
1877 326
1877 912
350 1670
350 1927
350 1494
350 779
1670 936
1670 600
1670 461
538 1935
538 519
538 1507
538 1437
1935 1590
1935 1317
1935 627
320 571
320 1763
320 686
320 672
571 1471
571 1159
571 191
874 1278
874 1367
874 574
874 107
1278 753
1278 1429
1278 1002
1024 1568
1024 1732
1024 636
1024 216
1568 722
1568 1992
1568 63
1646 1904
1646 1463
1646 1574
1646 1990
1904 1114
1904 1361
1904 950
410 660
410 713
410 133
410 1171
660 757
660 1411
660 1226
784 1283
784 61
784 864
784 1739
1283 273
1283 1437
1283 859
1468 1769
1468 762
1468 6
1468 1012
1769 642
1769 1035
1769 1180
1346 1367
1346 1597
1346 1333
1346 1775
1367 1410
1367 744
1736 1897
1736 1953
1736 1791
1736 1291
1897 1772
1897 727
1897 8
24 601
24 139
24 1152
24 862
601 1194
601 502
601 590
373 554
373 1692
373 1574
373 1430
554 990
554 68
554 57
427 628
427 1987
427 1085
427 531
628 820
628 527
628 974
1058 1250
1058 952
1058 432
1058 1287
1250 2
1250 1886
1250 1035
398 630
398 144
398 1258
398 1787
630 510
630 1852
630 812
758 1305
758 1011
758 1743
758 590
1305 1219
1305 1703
1305 183
1219 1973
1219 1271
1219 921
1274 1947
1274 645
1274 1607
1274 1008
1947 983
1947 1113
1947 4
1275 1658
1275 1151
1275 1686
1658 88
1658 1328
1658 361
599 918
599 344
599 1828
918 559
918 912
918 354
63 1285
63 437
1285 414
1285 1162
1285 1844
251 780
251 1012
251 687
251 1353
780 1885
780 86
780 548
175 256
175 1569
175 1361
175 1822
256 1308
256 1044
256 1673
1569 211
1569 1603
1569 114
130 1911
130 155
130 85
130 464
1911 1483
1911 749
1911 792
845 1809
845 1643
845 572
845 995
1809 9
1809 386
1809 1391
631 1359
631 1369
631 126
631 1619
1359 1050
1359 584
1359 1316
406 1309
406 1890
406 1036
406 37
1309 1614
1309 1121
1309 1373
1471 1817
1471 1598
1471 1075
1817 801
1817 1007
1817 36
211 105
211 600
211 614
428 899
428 1839
428 1973
428 1129
899 711
899 1915
899 1322
837 926
837 1543
837 1483
837 1090
926 693
926 1126
926 875
638 1164
638 1174
638 414
638 1564
1164 842
1164 1501
1164 1330
1021 1745
1021 1362
1021 1141
1021 1279
1745 888
1745 1147
1745 1610
89 445
89 983
89 74
89 1656
445 1810
445 639
445 1836
311 1424
311 531
311 1867
311 366
1424 1705
1424 1708
1424 1781
322 1789
322 268
322 1888
322 486
1789 1261
1789 86
1789 1613
378 751
378 1830
378 828
378 1111
751 1407
751 367
751 1807
1068 1184
1068 1085
1068 1445
1068 1399
1184 309
1184 431
1184 1797
491 1246
491 1294
491 272
491 953
1246 1903
1246 888
1246 1639
169 1366
169 1023
169 853
169 1394
1366 707
1366 1605
1366 915
1115 1203
1115 1619
1115 1052
1115 1061
1203 1528
1203 262
1203 1194
65 420
65 1272
65 1073
65 41
420 262
420 1358
420 1597
500 1821
500 843
500 343
500 321
1821 1925
1821 1135
1821 452
417 1957
417 679
417 1085
417 1018
1957 1342
1957 1554
1957 1779
177 835
177 279
177 1126
177 1854
835 1546
835 1083
835 1771
178 1436
178 125
178 1852
178 497
1436 1842
1436 317
1436 1798
1342 1466
1342 1016
1342 1981
1712 1780
1712 1450
1712 1522
1712 1029
1780 857
1780 604
1780 1586
290 546
290 1397
290 1109
290 283
546 1144
546 1988
546 939
1504 1758
1504 844
1504 1304
1504 108
1758 431
1758 761
1758 613
715 1208
715 344
715 786
715 579
1208 83
1208 946
1208 1228
981 1555
981 5
981 1312
981 203
1555 1067
1555 584
1555 73
1194 1703
1194 399
651 1748
651 1421
651 92
948 1782
948 569
948 551
948 763
1782 1062
1782 1987
1782 292
692 1749
692 1434
692 12
692 808
1749 436
1749 612
1749 1213
798 1393
798 106
798 1934
798 305
1393 640
1393 1134
1393 923
300 1387
300 1264
300 1994
300 1364
1387 963
1387 1015
1387 1777
1088 1160
1088 477
1088 1620
1088 1206
1160 1046
1160 1355
1160 13
698 787
698 788
698 1315
698 1814
787 548
787 700
787 440
181 557
181 1280
181 377
181 1725
557 1580
557 1734
557 1254
806 1701
806 720
806 1174
806 1585
1701 1005
1701 1236
1701 21
38 1871
38 1453
38 459
38 1631
1871 997
1871 164
1871 21
833 1461
833 1042
833 1508
833 1702
1461 1792
1461 1866
1461 359
722 62
722 1565
722 123
1090 1619
1090 442
1090 1264
1619 605
137 545
137 10
137 994
545 266
545 1994
545 98
1019 1454
1019 927
1019 1084
1019 1718
1454 371
1454 1524
1454 1738
447 1522
447 1253
447 514
447 325
1522 1755
1522 637
486 993
486 1862
486 923
993 1350
993 857
993 681
621 1626
621 728
621 1899
1626 278
1626 195
1626 717
1400 1410
1400 148
1400 1204
1400 566
1410 610
1410 1268
974 1173
974 1735
974 679
1173 1053
1173 452
1173 755
1071 1266
1071 1557
1071 1725
1071 1151
1266 393
1266 109
1266 1997
372 389
372 1892
372 1595
372 149
389 331
389 1138
389 832
1168 1971
1168 1073
1168 356
1168 265
1971 1220
1971 934
1971 955
1386 1910
1386 672
1386 224
1386 1293
1910 863
1910 1874
1910 1226
821 1805
821 1390
821 761
821 1209
1805 497
1805 988
1805 1171
1392 1676
1392 744
1392 1211
1392 999
1676 822
1676 361
1676 1521
957 1288
957 1781
957 817
957 1505
1288 213
1288 1516
1288 778
461 1379
461 135
461 1295
1379 952
1379 912
1379 1951
650 935
650 36
650 166
650 1617
935 903
935 1048
935 1879
27 434
27 41
27 253
27 1270
434 1116
434 1057
434 407
154 1545
154 244
154 1470
154 124
1545 788
1545 1010
1545 673
1117 1505
1117 813
1117 22
1117 1594
1505 1028
1505 1875
216 1112
216 1297
216 249
1112 1223
1112 838
1112 498
785 963
785 1629
785 1136
785 536
963 770
963 846
139 43
139 659
139 607
295 1725
295 455
295 159
295 29
1725 737
958 1401
958 1999
958 1035
958 458
1401 664
1401 1094
1401 674
174 1149
174 1993
174 1000
1149 473
1149 1806
1149 921
72 1987
72 176
72 1616
72 45
1987 728
584 1069
584 489
1069 1828
1069 131
1069 877
180 985
180 1467
180 283
180 794
985 1062
985 1729
985 481
402 1561
402 947
402 29
402 480
1561 1968
1561 474
1561 1038
699 1237
699 1683
699 1508
699 115
1237 1099
1237 759
1237 693
202 1354
202 1704
202 666
202 46
1354 1273
1354 1685
1354 1215
1450 1336
1450 602
1450 1453
568 690
568 1719
568 1761
690 922
690 439
690 507
1148 1980
1148 605
1148 1585
1148 1478
1980 1709
1980 1364
1980 1404
903 718
903 1412
903 190
442 79
442 1487
884 1440
884 1933
884 218
884 1175
1440 518
1440 1815
1440 237
858 1003
858 1369
858 1772
858 913
1003 901
1003 286
1003 1856
1191 1616
1191 856
1191 1838
1191 1313
1616 1699
1616 1529
288 1482
288 31
288 450
288 1604
1482 289
1482 1993
1482 924
749 1928
749 328
749 1891
1928 1953
1928 1596
1928 1358
365 1257
365 816
365 809
365 353
1257 945
1257 841
1257 1611
435 1057
435 876
435 1737
435 1543
1057 1335
1057 1851
540 1272
540 1955
540 880
540 881
1272 1546
1272 529
114 1047
114 1264
114 17
1047 1298
1047 1520
1047 1874
188 453
188 661
188 1761
188 239
453 1096
453 246
453 830
369 1893
369 533
369 1540
369 1559
1893 318
1893 238
1893 260
465 659
465 448
465 530
465 1072
659 1857
659 284
190 655
190 1858
190 255
655 767
655 1185
655 1242
1204 1654
1204 327
1204 647
1654 694
1654 186
1654 979
1273 496
1273 1439
1273 1803
395 741
395 247
395 1221
395 1608
741 1161
741 480
741 403
748 1831
748 867
748 594
748 176
1831 1328
1831 1979
1831 179
431 80
431 852
236 1235
236 661
236 1109
236 418
1235 1705
1235 1759
1235 136
40 212
40 41
40 339
40 1707
212 1847
212 441
212 142
533 1374
533 1072
533 1154
1374 924
1374 1034
1374 1630
1773 1993
1773 1420
1773 670
1773 1222
1993 312
1308 10
1308 424
1308 22
109 598
109 250
109 145
598 1111
598 1997
598 1205
720 608
720 704
720 1022
2 893
2 593
2 244
893 193
893 444
893 1855
1582 1628
1582 730
1582 287
1582 992
1628 1985
1628 681
1628 1355
1178 1551
1178 1016
1178 370
1178 1200
1551 1031
1551 1589
1551 1170
208 740
208 360
208 1220
208 512
740 1414
740 17
740 854
1370 1888
1370 1880
1370 19
1370 1295
1888 356
1888 115
1313 1518
1313 494
1313 1445
1518 1096
1518 1495
1518 905
1005 112
1005 1082
1005 1739
285 608
285 1677
285 1398
285 1827
608 347
608 81
910 1958
910 357
910 1029
910 1092
1958 1772
1958 1708
1958 1516
1079 1748
1079 917
1079 646
1079 1216
1748 140
1748 804
327 851
327 196
327 1139
851 755
851 341
851 1524
56 750
56 1804
56 864
56 1891
750 386
750 1154
750 1687
586 1100
586 1332
586 603
586 769
1100 1714
1100 1048
1100 1743
788 1036
788 219
939 1621
939 243
939 1306
1621 1647
1621 1524
1621 286
149 1574
149 161
149 1636
1574 1265
497 649
497 1730
1073 871
1073 1627
482 955
482 194
482 1539
482 1800
955 1303
955 1389
307 1717
307 1039
307 913
307 1942
1717 1319
1717 1807
1717 1865
658 1322
658 1142
658 353
658 1724
1322 925
1322 20
159 1803
159 470
159 484
1803 1580
1803 1037
162 573
162 1122
162 890
162 1289
573 1526
573 794
573 1553
0 826
0 1252
0 1177
0 391
826 1381
826 1836
826 1535
1093 1324
1093 1629
1093 1406
1093 499
1324 1176
1324 609
1324 1001
360 1118
360 456
360 1856
258 565
258 1451
258 436
258 752
565 509
565 1413
565 1804
575 879
575 979
575 47
575 1966
879 1025
879 1356
879 791
411 1990
411 962
411 111
411 1757
1990 1981
1990 43
357 469
357 231
357 1826
1394 1446
1394 1292
1394 1198
1446 1076
1446 1241
1446 13
50 1276
50 358
50 1261
50 578
1276 901
1276 1529
1276 1303
730 1329
730 579
730 770
1329 1146
1329 16
1329 1365
857 1655
857 1028
457 1119
457 43
457 1763
457 1965
1119 1129
1119 677
1119 384
1341 1998
1341 425
1341 1180
1341 816
1998 641
1998 1598
1998 99
916 1541
916 1899
916 1587
916 954
1541 1133
1541 409
1541 1968
613 1026
613 736
613 558
1026 744
1026 1166
1026 1247
789 940
789 185
789 218
789 67
940 1087
940 232
940 366
349 1104
349 1441
349 1182
349 1422
1104 126
902 1584
902 385
902 362
902 1187
1584 1413
1584 591
1584 812
996 1601
996 1192
996 1729
996 1946
1601 1834
1601 915
1601 1041
1328 53
1328 1535
1316 1352
1316 131
1316 1974
1352 101
1352 1094
1352 636
306 920
306 340
306 1606
306 550
920 1467
920 1474
920 170
111 1918
111 1243
111 994
1918 1583
1918 102
1918 1063
917 1869
917 612
917 1188
326 522
326 440
326 424
522 703
522 1062
522 564
371 714
371 1417
371 214
480 1740
480 1892
1740 1651
1740 639
1740 51
152 1700
152 1516
152 967
152 421
1700 1849
1700 3
1700 155
370 1776
370 1407
370 1652
1776 1515
1776 1863
1776 505
632 803
632 1243
632 610
632 1136
803 1876
803 799
803 1989
1076 1286
1076 1081
1076 1627
1441 1929
1441 1885
1441 283
1929 1909
1929 1013
1929 390
248 1986
248 771
248 241
248 503
1986 1548
1986 1378
1986 1382
802 1605
802 242
802 977
802 1177
1605 711
1605 869
1153 1963
1153 911
1153 103
1153 727
1963 1165
1963 1102
1963 1281
254 653
254 203
254 1659
254 1672
653 868
653 57
653 1571
830 1516
830 588
830 873
831 1835
831 183
831 1107
831 696
1835 712
1835 891
1835 943
277 1045
277 1130
277 633
277 1443
1045 1679
1045 853
1045 1419
1167 1506
1167 1105
1167 1067
1167 572
1506 1466
1506 168
1506 1404
119 682
119 1509
119 106
119 1240
682 1507
682 484
682 1954
229 422
229 674
229 1752
229 623
422 1695
422 1181
422 783
233 488
233 1694
233 836
233 1474
488 1572
488 1614
488 1546
731 1202
731 1634
731 1623
731 1336
1202 971
1202 10
1202 1258
1876 1170
1876 1249
1876 769
620 1030
620 52
620 1577
620 1550
1030 1007
1030 1962
1030 1906
324 603
324 1043
324 704
324 7
603 1600
603 694
163 501
163 1080
163 151
163 281
501 1469
501 292
501 347
1269 1726
1269 331
1269 1435
1269 58
1726 35
1726 629
1726 1060
273 840
273 430
273 1141
25 1921
25 681
25 1610
25 1381
1921 1464
1921 1659
1921 1124
1649 1840
1649 509
1649 262
1649 1711
1840 881
1840 1013
1840 1938
483 1348
483 1465
483 479
483 1655
1348 1766
1348 95
1348 979
872 1509
872 737
872 48
872 850
1509 1521
1509 600
394 617
394 102
394 7
394 1081
617 1862
617 592
617 1496
388 1010
388 1383
388 633
388 988
1010 900
1010 1570
1070 1412
1070 158
1070 634
1070 246
1412 364
1412 304
997 1363
997 242
997 805
1363 1577
1363 1347
1363 503
1519 1660
1519 901
1519 147
1519 1813
1660 765
1660 474
1660 1114
1301 1321
1301 498
1301 676
1301 1463
1321 876
1321 1955
1321 1674
767 1452
767 1327
767 670
1452 998
1452 225
1452 460
922 1900
922 1982
922 1300
106 591
106 1906
591 1405
591 1302
458 1556
458 531
458 1063
1556 1415
1556 1217
1556 1625
1453 1312
1453 1853
1027 1224
1027 1979
1027 1397
1027 397
1224 1796
1224 1741
1224 739
55 524
55 1909
55 1201
55 862
524 200
524 446
524 865
1502 1747
1502 762
1502 1689
1502 527
1747 604
1747 1489
1747 200
1039 222
1039 1985
1039 1310
276 644
276 1702
276 1644
276 977
644 1134
644 1641
644 811
1927 348
1927 703
1927 182
8 122
8 700
8 1
122 1668
122 846
122 932
1677 1898
1677 1873
1677 1954
1898 1389
1898 1784
1898 1595
66 1978
66 1099
66 221
66 1939
1978 99
1978 1975
1978 405
1382 1818
1382 1812
1382 1580
1818 1483
1818 733
1818 1138
1458 1645
1458 510
1458 227
1458 217
1645 46
1645 1836
1645 625
1319 1233
1319 982
1319 439
878 1433
878 157
878 1029
878 1900
1433 352
1433 91
1433 278
551 1485
551 677
551 983
1485 1752
1485 1829
1485 1919
1781 862
1781 1881
520 1737
520 1260
520 594
520 282
1737 1055
1737 1956
377 1549
377 511
377 1232
1549 870
1549 1089
1549 768
265 1501
265 1544
265 1361
1501 70
1501 219
1848 1912
1848 1442
1848 1118
1848 493
1912 1635
1912 1544
1912 534
1332 1457
1332 1121
1332 364
487 1215
487 1984
487 1588
487 1800
1215 263
1215 1690
965 1846
965 1901
965 1790
965 549
1846 1991
1846 1588
1846 1872
494 683
494 924
494 1463
683 691
683 1096
683 1964
302 1930
302 1627
302 712
302 191
1930 261
1930 1757
1930 1430
504 1853
504 479
504 94
504 1788
1853 1603
1853 961
287 1380
287 1532
287 1644
1380 529
1380 1284
1380 1706
534 1488
534 686
534 246
1488 1395
1488 490
1488 1618
347 1327
1909 187
1909 1806
220 725
220 1721
220 271
220 124
725 570
725 1625
725 314
263 1098
263 393
263 441
1098 949
1098 1798
1098 1936
671 1538
671 1754
671 1343
671 86
1538 1546
1538 460
1538 1514
1114 1343
1114 1411
173 1268
173 416
173 616
173 1425
1268 1916
1268 94
1336 1604
1336 1968
1655 1596
1655 992
1034 1256
1034 1500
1034 1849
1256 303
1256 580
1256 880
990 376
990 503
990 929
709 1937
709 911
709 44
709 92
1937 854
1937 1365
1544 475
1544 1722
102 1775
102 726
249 633
249 1842
249 609
633 54
35 629
35 799
35 943
762 923
762 595
863 1145
863 823
863 429
1234 1491
1234 646
1234 1682
1234 1537
1491 1443
1491 1358
1491 1863
952 726
952 1009
147 662
147 1760
147 1419
662 1931
662 673
662 615
1249 1820
1249 864
1249 1293
1820 510
1820 1882
1820 1376
408 587
408 1834
408 537
408 855
587 1252
587 1196
587 564
1152 771
1152 763
1152 735
1457 297
1457 1774
1457 1982
392 1444
392 1248
392 1181
392 1018
1444 171
1444 702
1444 1439
949 1678
949 1810
949 956
1678 618
1678 1932
1678 1842
381 1107
381 490
381 1629
381 517
1107 1907
1107 684
182 1132
182 1885
182 54
1132 348
1132 999
1132 1640
187 562
187 1373
187 585
562 735
562 361
562 1075
1238 1402
1238 513
1238 1869
1238 400
1402 1598
1402 118
1402 330
45 560
45 1330
45 1494
560 157
560 588
560 1896
800 1996
800 1802
800 1091
800 1787
1996 252
1996 93
1996 1031
604 1825
604 1344
1825 1811
1825 243
1825 672
268 1886
268 1417
268 448
1886 891
1886 852
506 1130
506 96
506 1097
506 1351
1130 970
1130 226
1913 1941
1913 777
1913 1716
1913 199
1941 375
1941 747
1941 937
517 572
517 1161
517 1755
572 355
112 1197
112 1455
112 462
1629 1429
155 421
155 1759
1575 1699
1575 301
1575 1447
1575 1786
1699 1475
1699 827
1025 1432
1025 1427
1025 1706
1432 1727
1432 1733
1432 18
686 1439
686 1783
1439 1161
1810 466
1810 694
250 257
250 1460
250 75
257 391
257 675
257 232
289 1271
289 713
289 384
1271 1742
1271 1698
822 1494
822 1074
822 1375
1494 1289
936 1248
936 1008
936 1639
1248 415
1248 1566
1048 619
1048 1966
1407 1734
1407 1365
4 490
4 1500
3 552
3 1587
3 1063
552 1298
552 281
552 1042
1812 439
1812 477
1812 898
225 819
225 344
225 346
819 401
819 235
819 171
1415 1669
1415 1422
1415 1476
1669 900
1669 1218
1669 218
1264 1032
961 1895
961 203
961 1080
1895 1476
1895 1991
1895 467
969 1573
969 716
969 334
969 1926
1573 36
1573 364
1573 1214
1869 1201
1869 695
1080 1814
1080 1245
811 1668
811 336
811 796
1668 1882
1668 115
59 1460
59 680
59 703
59 1118
1460 1417
1460 954
1417 1592
908 1920
908 513
908 489
908 449
1920 419
1920 1075
1920 218
828 1265
828 1558
828 525
1265 1618
1265 1811
464 1086
464 380
464 1253
1086 656
1086 1232
1086 1791
1239 1291
1239 1728
1239 476
1239 1917
1291 1409
1291 359
1705 1992
1705 423
747 1917
747 1933
747 148
1917 1032
1917 1145
1916 93
1916 898
1916 1777
260 1078
260 189
260 481
1078 1688
1078 228
1078 1899
259 454
259 1044
259 1061
259 1742
454 654
454 523
454 689
331 756
331 1065
1862 1150
1862 1723
64 1602
64 577
64 1594
64 1052
1602 1414
1602 1989
1602 877
736 1882
736 886
736 1492
1882 244
1953 1794
1953 60
701 1172
701 1890
701 578
701 1793
1172 634
1172 1802
1172 383
193 1617
193 124
193 951
1617 723
1617 1562
1483 237
1651 813
1651 192
1651 1015
527 1735
1735 1186
1735 810
1145 1490
1145 1961
455 1969
455 1741
455 1823
1969 1481
1969 243
1969 1866
717 1001
717 76
717 809
1001 1823
1001 739
610 894
610 1201
96 616
96 128
96 919
616 1306
616 345
1111 1630
1111 987
1630 1500
1630 368
513 1722
513 1345
1562 1684
1562 1832
1562 262
1684 502
1684 1053
1684 261
1795 1965
1795 859
1795 1664
1795 1465
1965 1220
1965 890
934 1355
934 764
934 1451
1355 677
989 1150
989 1311
989 801
989 110
1150 1722
1150 849
1583 1529
1583 143
1583 436
1182 1768
1182 108
1182 23
1768 393
1768 291
1768 829
1526 1528
1526 1534
1526 590
301 68
301 1443
301 553
9 1212
9 1055
9 807
414 1179
414 1300
983 739
1992 516
1992 1251
726 1431
726 1223
1431 797
1431 1642
1431 840
244 1997
515 1704
515 189
515 733
515 416
1704 1171
1704 1744
316 1908
316 927
316 160
316 1169
1908 622
1908 757
1908 883
847 1607
847 1618
847 1513
847 1589
1607 1656
1607 824
1297 1783
1297 1641
1297 1287
1783 1524
1783 626
1144 52
1144 1940
1144 150
962 1633
962 1214
962 1040
876 234
876 1874
1548 1292
1548 383
1548 738
578 1289
578 1578
1289 1059
77 1102
77 841
77 1053
77 1396
1102 815
1102 994
979 412
393 171
1490 576
1490 1033
1490 292
745 1513
745 128
745 1667
745 1520
1513 1138
1513 415
348 1588
348 543
1588 906
1565 1634
1565 1637
1565 473
1634 615
1634 97
1638 1709
1638 1774
1638 667
1638 252
1709 1724
1709 206
391 227
1006 1390
1006 418
1006 713
1006 1663
1390 1983
1390 234
614 1851
614 1696
614 120
1851 210
1851 909
841 885
841 627
1449 1695
1449 1639
1449 6
1449 1527
1695 964
1695 1766
280 405
280 814
280 535
280 1995
405 308
405 1691
1188 1790
1188 1771
1188 978
1790 60
1790 820
1395 1741
1395 967
1395 132
1741 1890
125 1212
125 354
125 1552
1212 1788
1212 1964
113 1692
113 866
113 239
1692 855
1692 818
143 729
143 746
143 1994
729 1384
729 1778
729 919
36 706
1292 131
1292 1932
477 303
477 1696
266 1778
266 960
266 75
1778 1940
1778 1486
1627 332
264 905
264 1924
264 1083
264 1372
905 1850
905 1254
797 1054
797 1074
797 838
171 1843
1843 1558
1843 804
313 1757
313 1631
313 15
313 1013
1757 937
356 1961
356 1330
1961 1540
1961 1517
744 1774
656 1072
656 213
656 245
358 1116
358 1811
358 380
1116 627
1116 1000
1252 1905
1252 870
1905 946
1905 21
1905 646
185 1497
185 475
185 380
1497 889
1497 153
1497 1675
490 441
479 1480
479 1537
1802 444
1802 255
317 1753
317 615
317 805
1753 555
1753 231
1753 1495
252 1962
252 1694
438 1315
438 1217
438 1765
438 1371
1315 325
1315 61
883 609
883 1294
618 1936
618 1459
618 1861
1936 1596
1858 786
1858 1945
1858 1369
32 333
32 606
32 121
32 781
333 1063
333 1295
333 537
363 1110
363 1419
363 1091
363 723
1110 1832
1110 1964
1110 141
807 1299
807 776
807 14
1299 1318
1299 622
1299 1134
702 1784
702 580
702 691
712 898
712 34
569 1975
569 1879
569 518
1975 1192
1975 1922
1046 1187
1046 975
1046 1127
1187 138
1187 1570
1635 452
1635 1318
1635 1797
107 298
107 637
107 685
298 1254
298 1754
298 379
342 642
342 1914
342 1499
342 1774
642 37
642 499
52 680
52 1218
823 210
823 1944
823 1964
399 1794
399 888
399 135
1794 1196
1794 1707
1280 1972
1280 1653
1280 1128
1554 1656
1554 582
1554 1942
1656 1923
680 1751
680 982
1751 1581
1751 5
1751 1864
1095 1255
1095 679
1095 1606
1095 1881
1255 1511
1255 1229
1255 664
1495 1666
1495 783
1666 253
1666 1517
728 1967
728 104
1967 157
1967 1808
1059 1640
1059 859
1059 1259
1640 1207
1640 854
195 1715
195 1521
195 412
1715 1317
1715 1750
1715 1883
1760 73
1760 127
1760 1762
386 505
386 1622
667 1884
667 1861
667 144
1884 191
1884 1330
1884 1623
367 199
367 1902
367 932
84 1165
84 1033
84 1042
84 299
1165 1277
1165 460
1880 624
1880 1591
1880 548
502 473
502 463
1465 1991
1465 1734
1664 1845
1664 269
1664 885
1845 1720
1845 1680
1845 58
1133 1142
1133 566
1133 1808
1142 1903
1142 909
898 567
639 1833
639 1823
1833 1190
1833 1180
1833 1875
531 1714
1791 1176
1791 759
519 1892
519 756
519 95
1892 1197
299 449
299 1131
299 1687
449 964
449 669
597 746
597 1113
597 1009
597 719
746 323
746 1334
1286 352
1286 1511
1286 1189
1277 30
1277 498
1277 1159
375 1995
375 238
375 430
321 892
321 1183
321 1242
892 1496
892 1682
892 94
875 1170
875 1663
875 795
1170 753
17 91
17 707
91 460
91 541
1009 1038
1009 1199
1038 1369
1038 214
716 1954
716 1850
716 1816
1096 1984
473 1223
791 1733
791 1708
791 1293
1733 771
1733 1639
1435 1697
1435 1377
1435 110
1697 1800
1697 1977
1697 1106
192 1326
192 1822
192 215
1326 1437
1326 1294
1326 676
1015 1706
1015 1053
1914 770
1914 938
1914 992
437 708
437 1976
437 197
708 116
708 1837
708 433
1074 1756
1074 1590
1756 855
1756 543
1756 1683
1618 1977
83 279
83 1950
83 1426
279 897
279 44
859 385
1467 166
1467 1179
1572 687
1572 1723
1572 335
73 1486
73 70
1486 1195
1486 135
1220 1002
117 1371
117 589
117 1438
117 485
1371 1447
1371 1492
1570 1576
1570 1674
1576 444
1576 1396
1576 739
39 1926
39 472
39 1586
39 742
1926 774
1926 984
104 1824
104 1796
104 1245
1824 270
1824 844
1824 1225
62 1661
62 959
62 1307
1661 338
1661 1889
1661 1946
640 1339
640 1765
824 1625
824 443
824 1240
1625 1867
1839 1960
1839 1008
1839 1084
1960 1860
1960 28
1960 1311
384 1413
384 866
1413 697
1176 1310
1176 1694
278 426
278 944
426 825
426 827
426 776
681 292
1771 991
1771 1643
1647 1841
1647 1653
1647 1560
1841 1122
1841 1002
1841 238
243 839
1679 328
1679 1560
1679 1036
1193 1294
1193 1943
1193 862
1193 1143
913 1606
913 88
1606 765
1788 1770
1788 340
1397 697
1397 1672
1384 1578
1384 379
1384 1221
1578 78
1578 1362
42 1977
42 607
42 1473
42 129
1977 1423
825 1832
825 1496
825 1434
799 1563
799 1162
1563 1870
1563 1155
1563 1903
245 836
245 1498
245 132
836 782
836 1337
1728 1579
1728 738
1728 1552
1229 1949
1229 223
1229 135
1949 563
1949 877
1949 790
270 423
270 247
270 1493
1139 1571
1139 1842
1139 499
1571 1357
1571 1559
1719 1590
1719 763
1719 1478
882 1694
882 157
882 1240
882 1054
933 1213
933 1405
933 1428
933 1763
1213 1615
1213 1804
425 1127
425 1813
425 1469
1127 576
1127 1532
705 1983
705 535
705 809
705 1375
1983 1094
1983 234
558 956
558 629
558 526
956 1698
956 960
1169 1702
1169 514
1169 330
1702 987
634 972
634 649
906 1604
906 151
1604 441
1408 1976
1408 1391
1408 1404
1408 570
1976 1650
1976 1306
436 609
41 54
1087 1216
1087 1000
1087 303
1480 914
1480 794
443 932
443 1954
443 1510
932 869
81 790
81 966
81 1793
790 1430
790 669
5 1523
5 1205
421 1383
421 526
714 1475
714 664
1475 865
1475 1830
340 241
340 1632
937 1991
937 328
661 1608
661 201
1199 1232
1199 1403
1199 510
1772 1919
129 611
129 1675
129 272
611 1470
611 1535
611 1657
1036 891
1156 1711
1156 1883
1156 1557
894 1878
894 133
894 397
1878 1765
1878 429
1878 812
1579 217
1579 719
1579 286
1614 516
1614 1270
189 19
189 1128
138 376
138 1125
138 1180
511 1799
511 1512
511 495
1799 796
1799 1223
1799 697
19 541
19 1644
459 585
459 1105
459 508
585 626
585 1101
1451 1951
1451 930
946 1608
946 1685
1217 1681
1217 1333
1681 136
1681 967
1681 413
1754 548
1754 217
1931 1672
1931 576
1931 346
1832 1836
861 1103
861 1489
861 234
861 18
1103 332
1103 1671
1103 1323
1232 387
418 1829
418 90
1829 1012
1829 1811
132 1181
132 242
1181 401
703 1657
462 1066
462 850
462 1632
1066 525
1066 1230
1066 1136
924 843
816 1484
816 1060
881 1044
881 995
1044 12
792 1539
792 574
792 1445
1539 743
1539 776
1340 1411
1340 535
1340 1615
1340 1419
1411 1267
1033 1487
1033 1849
1020 1721
1020 168
1020 1481
1721 49
1721 1377
1925 237
1925 205
1925 272
509 1205
509 561
1041 1120
1041 968
1041 1385
1120 1847
1120 1004
1120 1970
18 688
18 1637
688 476
688 1567
688 1023
505 1455
505 166
1350 1873
1350 518
1350 1158
1873 1997
1873 945
1040 1304
1040 158
1040 1597
1304 1013
1304 1613
140 227
140 1828
140 1691
227 999
54 1537
329 539
329 1559
329 1648
329 1282
539 1906
539 1856
328 407
755 814
755 804
1472 595
1472 764
1472 583
1198 312
1198 1260
1198 1118
707 980
707 888
980 742
980 210
980 20
48 668
48 1901
48 1761
668 1950
668 986
668 466
463 1185
463 1537
463 849
1185 805
1185 1462
304 412
304 323
304 101
412 907
1135 848
1135 1631
1135 1552
235 865
235 959
235 1641
865 1948
440 1353
440 1338
1838 1973
1838 721
1838 198
1973 1611
240 1306
240 1051
240 925
240 1718
809 468
79 810
79 782
79 1507
191 267
1903 665
196 297
196 984
196 1752
297 1875
297 337
1755 670
1755 228
1696 1469
1696 1177
95 282
95 275
282 1798
282 887
991 1580
991 362
991 880
158 1988
158 606
1988 592
1988 1473
344 294
555 413
555 808
555 1443
368 1037
368 1399
368 645
1037 253
1037 880
1507 1189
927 53
927 1589
1603 1590
1603 675
1161 1553
1421 1731
1421 735
1421 931
1731 1523
1731 33
1731 1331
679 146
221 1195
221 770
221 1623
1195 793
1195 478
866 37
866 385
649 1456
649 696
1456 759
1456 1870
1456 1786
776 1610
871 923
871 1724
871 976
1885 1158
446 665
446 1492
446 1253
665 419
665 1105
161 1227
161 1420
161 1981
1227 514
1227 31
1227 339
619 134
619 1089
619 1528
456 921
456 330
456 594
921 669
168 695
168 1855
695 93
695 1759
774 1716
774 535
774 968
1466 231
1466 1689
1447 1427
1447 419
57 353
57 1166
353 226
334 526
334 148
334 1474
773 1372
773 390
773 1557
773 1296
1372 1296
1372 815
856 1247
856 646
856 973
1247 303
1247 1459
1850 1228
1850 291
12 580
12 570
1492 261
1062 58
518 1225
376 231
376 186
657 1175
657 1448
657 1787
657 542
1175 530
1175 489
627 1335
1335 16
1335 1608
1125 1192
1125 1067
1125 666
1939 1970
1939 687
1939 1162
1970 1633
1970 1209
1592 1682
1592 914
1682 582
566 1477
566 813
1766 444
1766 76
1493 1557
1493 98
1493 60
912 1934
361 1448
1448 1979
1448 1585
49 1077
49 1155
49 53
544 1540
544 1945
544 967
544 1414
1540 136
82 1599
82 1399
82 820
82 1657
1599 1230
1599 450
1599 1587
345 1416
345 966
345 100
1416 1222
1416 1860
1416 512
1703 1815
1703 1915
1815 1368
1815 1775
734 909
734 78
734 1750
734 1377
909 247
474 1807
474 403
1807 110
1784 1950
1784 1334
1950 318
626 1946
626 801
134 1948
134 820
134 80
868 69
868 1744
868 1137
641 1357
641 1360
30 1558
30 1732
30 589
1082 1801
1082 80
1082 1716
1801 1620
1801 493
1801 1445
312 860
312 1403
213 476
213 561
80 1083
1000 1287
209 1956
209 1974
209 589
209 1230
1956 323
1956 86
343 1011
343 795
343 637
1011 1844
1011 1035
70 1952
70 1525
1357 176
1357 1259
1049 1951
1049 904
1049 1381
1951 1710
976 1405
976 239
976 127
1405 1901
246 325
843 1787
843 1
46 305
46 1985
783 1510
783 907
1510 204
1510 43
1356 1887
1356 929
1356 1979
1887 663
1887 838
1887 1163
1481 495
1481 1942
947 1804
947 1339
947 966
971 742
971 842
971 1489
756 1872
756 793
1872 1688
1872 13
390 723
390 478
1327 1830
1327 118
1955 146
1955 635
332 472
332 99
472 118
472 727
1750 1828
1750 647
818 1427
818 164
818 315
1427 1662
984 186
984 685
452 1113
795 827
795 1183
330 713
577 1186
577 142
577 1189
1186 1550
1186 1060
170 1861
170 1633
170 293
1861 1982
26 1081
26 1591
26 941
853 1031
853 467
1307 1409
1307 1241
1307 1056
1409 1796
1409 873
817 1822
817 1279
817 1687
1711 492
1711 476
1672 625
602 1014
602 1383
602 1158
1014 529
1014 636
1014 968
1469 1017
664 1337
1337 1528
1337 869
1724 1314
385 582
582 1375
781 1385
781 210
781 648
1385 938
1385 255
1847 1514
1847 351
514 74
144 1479
144 588
1479 743
1479 314
1479 1866
675 752
675 1881
470 1159
470 1792
470 166
1270 1512
1270 1228
1512 1108
1512 228
416 925
416 594
1399 1940
194 400
194 1797
194 1792
400 589
400 743
757 852
757 1944
844 430
844 1147
85 1822
85 1732
85 90
742 1870
801 1738
1738 885
1738 1314
1675 1515
1675 362
1585 1723
1723 547
283 975
944 1343
944 1085
944 105
1343 1636
1543 1943
1543 29
1302 1477
1302 998
1302 507
1477 1622
1477 793
1559 1243
1830 1698
1261 308
1261 813
1287 1055
764 941
764 217
941 1659
941 543
1870 1890
1196 606
1196 69
508 550
508 201
508 1428
550 1222
550 469
74 1094
74 1945
151 97
151 1333
90 1097
90 1620
1097 1314
1097 1989
1051 429
1051 1933
1051 1347
1968 1478
339 100
165 1974
165 1364
165 1946
165 542
1974 1875
938 1365
938 775
1373 407
1373 336
11 1552
11 1891
11 1652
11 954
1722 929
732 1662
732 1612
732 563
732 1312
1662 1303
1662 1530
1844 1856
1844 1434
814 184
814 1389
968 1279
622 977
622 973
176 512
1192 1900
521 973
521 945
521 960
521 588
973 1347
222 116
222 1648
222 1358
1597 1206
966 839
643 1746
643 1816
643 950
643 1065
1746 1055
1746 727
1746 960
737 1122
737 433
93 1017
700 1225
700 53
815 1797
815 1683
867 1
867 1189
867 1632
895 1345
895 1855
895 1423
895 1081
1345 1707
1345 536
309 10
309 532
309 887
242 145
1798 1819
891 346
68 1915
68 409
430 1648
925 1742
972 1854
972 123
972 793
1854 711
1854 1944
75 1147
75 1611
1147 1174
711 28
721 1498
721 1138
743 1151
1113 37
380 635
69 1067
69 133
1972 1530
1972 1902
1972 995
1318 404
1318 1403
275 1680
275 291
275 1879
1680 832
1680 890
1610 625
512 852
1406 1396
1406 1808
1406 1708
1500 1137
1706 1157
67 950
67 153
67 1883
950 623
496 1077
496 1600
496 684
1077 1109
1077 1262
637 1667
1667 413
1667 120
1994 92
28 1455
28 60
105 1786
105 1785
1612 1109
1612 366
1612 986
1243 354
1347 1595
352 355
352 1793
1253 16
1312 1907
850 1785
850 846
987 574
987 1200
674 970
674 466
970 687
970 1924
1860 733
1860 915
623 840
623 1525
840 379
1072 1290
719 964
719 696
964 1547
1201 1533
1707 1163
172 982
172 718
172 1922
982 953
1190 1577
1190 1420
1190 1765
1209 1643
1209 267
1362 768
1362 495
1028 1351
1028 198
1351 994
1351 305
164 403
164 592
403 542
97 592
97 532
127 1779
127 1915
1779 629
1779 207
1254 1889
1296 1221
1296 779
116 752
116 1233
108 61
108 624
1900 484
574 14
943 1174
943 481
1498 336
1498 1659
1129 1004
1129 1344
1043 1591
1043 1143
1043 141
959 450
959 777
1311 1298
1311 1517
842 1581
842 635
1 1508
1508 1284
576 1938
1600 34
1600 1245
901 1126
1698 669
768 1533
768 1827
267 547
267 1687
547 1207
547 1122
1558 1259
1633 237
1806 1984
1806 870
530 1197
530 648
1197 238
401 13
401 481
900 942
900 1478
315 761
315 214
315 294
761 199
341 1759
341 1922
341 1525
753 1933
753 832
1017 424
1017 99
498 1515
100 448
100 374
448 1146
101 478
101 583
478 1008
305 691
1282 1523
1282 468
1282 1061
1523 1819
929 1226
1511 87
1511 860
995 1653
1653 118
1732 1819
484 904
1089 1868
1089 1542
184 1056
184 635
184 1959
1056 516
1056 537
1124 1857
1124 1530
1857 160
1857 1650
199 1154
1154 516
336 1442
1162 1868
945 648
839 1339
839 1012
1339 1099
1375 148
291 1462
1763 1902
930 1211
930 1730
930 1952
1211 44
1211 1050
529 1720
1598 1536
854 1476
911 1959
911 224
1943 1685
1943 142
595 241
595 1361
423 1899
423 779
580 1442
870 1267
1267 1622
1267 1718
889 1693
889 1404
889 1206
1693 1586
1693 1083
1693 1984
1126 542
200 855
200 553
864 1689
1689 759
419 1730
253 1378
1959 1688
1959 1216
359 1084
359 1241
1084 782
706 1786
706 1785
706 1673
1455 590
1158 1777
1777 1691
838 1761
1685 1542
942 834
942 998
766 1368
766 1157
766 123
766 951
1368 1425
1368 415
625 219
579 1290
579 98
1290 931
1952 206
1952 1547
834 1865
834 1962
834 1632
1775 848
1376 1934
1376 1430
1376 1210
1879 1383
198 1293
198 532
553 1743
553 308
1743 374
1533 337
1533 1764
636 1334
1334 1938
354 146
1729 7
1729 20
1852 1907
1852 1489
1157 1727
1157 15
733 1437
207 1989
207 1995
207 33
691 160
47 1179
47 896
47 1816
1179 1262
846 778
563 223
563 738
103 1349
103 1710
103 1622
1042 1889
873 1982
873 596
752 564
606 413
1981 124
224 829
1577 654
663 314
663 197
663 975
1222 1867
1867 951
1425 1166
432 735
432 710
432 615
364 1128
998 1609
1333 1284
1241 1593
1593 1377
1593 1744
1593 1300
374 915
374 1796
1016 1263
1016 1320
1214 1503
1214 404
1503 351
1503 526
1503 1426
1233 1868
1233 808
1868 1688
988 15
988 567
1924 1420
1924 1331
1166 1101
570 887
887 1414
1985 786
1849 1891
239 1218
94 499
271 1434
271 433
271 1720
593 1770
593 1323
593 1317
718 1032
718 1464
1865 1052
1865 215
1499 1859
1499 110
1499 407
1396 1691
1995 647
1648 183
7 1183
466 676
624 1826
624 1514
1581 754
1581 1231
1260 1534
1260 986
1650 1611
1650 121
1007 88
1007 954
1364 786
383 78
1764 1923
1764 1834
1764 1532
1923 556
1923 1962
986 293
605 1310
605 678
33 366
33 167
685 805
685 1320
284 1320
284 230
284 98
1320 673
136 1470
1470 689
777 1314
777 451
439 1525
451 694
451 1948
1225 6
1800 1378
223 429
255 1615
1101 1716
1101 1428
771 697
153 670
153 1534
397 1338
397 1459
1338 206
1338 1889
160 1484
1484 1710
1484 1527
1720 23
1529 523
1344 1663
1344 696
1663 34
121 71
133 1542
14 319
14 1353
769 848
769 1834
848 29
951 1863
1863 362
492 1128
492 338
492 1210
338 1874
338 379
337 1674
337 523
1674 689
710 1514
710 281
710 1207
1141 230
1141 167
351 1398
351 1052
1398 1940
1398 607
672 1092
1092 1642
1092 1762
704 1310
704 1429
1530 128
16 1623
1714 1210
1714 141
1325 1919
1325 1251
1325 978
1325 645
1919 323
564 1018
1637 1391
1637 87
204 475
204 1631
204 203
1837 1423
1837 1827
1595 1422
404 1281
404 754
1281 471
1281 1609
355 1462
1462 293
1683 120
1534 1609
281 1231
1231 507
1231 1426
1859 215
1859 1520
1859 1403
71 226
71 1686
71 156
226 666
308 1901
318 1609
318 1155
1391 1050
1808 1671
1473 1999
1734 860
977 1566
1031 1881
471 1023
471 556
471 1029
1023 1814
860 1567
1240 1652
475 581
1589 1767
1767 489
1767 1673
763 583
1284 1054
150 1710
150 1938
150 1521
6 1002
1143 1641
1143 1438
269 1553
269 1739
269 1360
765 775
765 1945
128 1823
1553 541
654 1690
654 1106
1690 1934
1690 673
51 1762
51 1378
51 507
1762 676
953 1464
953 1206
1464 1131
146 693
693 1075
1298 1896
1896 1388
607 1487
1487 179
201 1065
201 919
415 1134
1381 897
1620 1137
293 1426
1242 1932
1242 1022
1932 666
1106 1388
1106 890
1388 1902
1388 896
1218 543
468 1864
1686 1819
1686 904
1438 1587
1438 1793
61 126
1739 1883
232 647
232 1251
567 678
567 1966
678 684
678 1586
1429 782
919 992
78 1536
1536 1428
1536 88
1099 1136
525 1770
525 778
1349 1236
1349 92
1349 1216
1515 1476
1262 1360
1262 1742
1360 1177
1730 1263
1591 523
1642 230
1642 1594
1155 1864
1146 1673
1146 294
142 115
1230 1022
975 1463
1785 1907
126 1644
896 1527
896 1022
424 779
1855 1966
1200 1303
1200 827
536 179
536 931
1594 1423
1207 829
1816 205
1163 1671
1163 804
1151 1353
167 1210
167 541
1596 1054
1236 76
1236 467
1813 485
1813 885
849 1613
849 1131
230 583
600 1251
469 869
469 272
914 261
914 1331
1770 335
556 1259
556 156
794 1091
450 559
44 1300
1727 1550
1727 1636
1948 156
409 775
409 1442
1814 1258
1474 1159
1121 581
1121 808
1171 1004
1060 549
23 1864
23 294
87 1205
1279 1295
1567 286
1567 1636
1942 778
648 775
1826 1032
1826 907
1065 1744
1532 1108
1547 886
978 20
978 214
1050 1566
581 612
581 1517
1550 596
1527 1564
215 684
754 493
754 559
612 1866
22 1459
22 205
596 1018
596 145
1228 34
145 21
832 1131
387 493
387 645
387 796
1422 485
677 886
241 1061
485 796
433 186
999 689
904 335
1752 183
179 559
219 1560
205 1226
1183 131
1944 467
829 1331
76 1245
228 1671
907 877
897 1542
897 810
503 1263
1263 1792
931 1389
1091 1137
31 1827
31 314
206 319
812 1922
1906 810
1258 197
549 1615
549 335
319 156
319 561
1560 495
1317 1652
346 1323
738 1999
1718 197
532 1323
1108 58
1108 1999
1535 886
123 141
537 1564
1564 1004
15 247
561 1613
