540 2845
540 545
540 869
540 822
2845 1177
2845 2286
2845 2580
961 1832
961 62
961 2998
961 2076
1832 10
1832 2812
1832 2495
801 1671
801 1028
801 523
801 1389
1671 1812
1671 2664
1671 533
22 2635
22 2716
22 2105
22 685
2635 728
2635 784
2635 878
811 2386
811 1816
811 1670
811 1336
2386 1330
2386 774
2386 1828
364 1385
364 867
364 142
364 2228
1385 1657
1385 1889
1385 2809
1657 1013
1657 2561
1657 2556
308 1969
308 1373
308 2401
308 791
1969 852
1969 929
1969 2133
1073 1903
1073 2438
1073 2388
1073 2864
1903 2411
1903 2399
1903 746
912 2603
912 2261
912 1231
912 2271
2603 1456
2603 2351
2603 2225
377 958
377 1742
377 1774
377 1824
958 470
958 325
958 1615
52 2902
52 1164
52 1888
52 731
2902 2903
2902 2830
2902 1626
1979 2747
1979 882
1979 1089
1979 1758
2747 1559
2747 1340
2747 555
911 2839
911 1797
911 1891
911 909
2839 2260
2839 1261
2839 65
867 941
867 1609
867 1761
239 1169
239 1909
239 2863
239 2944
1169 546
1169 1300
1169 2764
775 2005
775 2462
775 2173
775 1659
2005 2149
2005 1075
2005 1399
837 1112
837 1377
837 401
837 2620
1112 696
1112 1931
1112 607
1080 2671
1080 2444
1080 760
1080 322
2671 1915
2671 2710
2671 1014
798 1177
798 1940
798 2980
798 2900
1177 167
1177 1988
2519 2534
2519 14
2519 1703
2519 945
2534 752
2534 2985
2534 2198
2137 2672
2137 259
2137 2077
2137 734
2672 2983
2672 1248
2672 1849
993 1851
993 2201
993 227
993 2271
1851 2861
1851 931
1851 2525
372 1312
372 2117
372 302
372 2284
1312 1826
1312 2516
1312 18
228 2316
228 1466
228 187
228 1453
2316 649
2316 1784
2316 761
2465 2630
2465 234
2465 833
2465 671
2630 1253
2630 1269
2630 853
1361 2852
1361 2841
1361 139
1361 1981
2852 1792
2852 2680
2852 2794
465 879
465 61
465 251
465 653
879 2927
879 1613
879 1256
452 2887
452 1753
452 896
452 980
2887 839
2887 338
2887 2414
1370 2074
1370 2681
1370 689
1370 1792
2074 2331
2074 2934
2074 1591
329 2620
329 2302
329 1891
329 1519
2620 570
2620 1181
26 168
26 2717
26 2697
26 1131
168 2899
168 835
168 635
232 925
232 355
232 1641
232 1006
925 2315
925 1417
925 1388
2257 2687
2257 754
2257 1592
2257 2407
2687 2588
2687 1049
2687 1883
1622 2638
1622 649
1622 2823
1622 519
2638 1447
2638 1468
2638 1763
331 2976
331 2560
331 1625
331 2837
2976 481
2976 62
2976 23
558 2529
558 1813
558 23
558 1424
2529 1130
2529 1927
2529 206
176 851
176 975
176 712
176 1088
851 2924
851 2492
851 1938
392 1296
392 1271
392 1664
392 2955
1296 514
1296 1338
1296 2998
315 2708
315 846
315 1371
315 368
2708 1986
2708 769
2708 2197
177 2788
177 1953
177 20
177 1941
2788 1186
2788 2109
2788 49
462 1852
462 799
462 480
462 898
1852 1124
1852 2908
1852 1682
245 521
245 504
245 2418
245 2509
521 888
521 1772
521 562
1353 2354
1353 8
1353 1833
1353 2320
2354 1195
2354 1689
2354 2292
91 447
91 636
91 616
91 2095
447 389
447 181
447 1398
1104 2732
1104 1780
1104 446
1104 937
2732 2421
2732 877
2732 2012
1985 2901
1985 320
1985 2227
1985 2867
2901 968
2901 404
2901 2423
2 1259
2 2923
2 1881
2 2470
1259 440
1259 1992
1259 1316
1523 2799
1523 963
1523 2961
1523 525
2799 1771
2799 99
2799 139
1027 2823
1027 235
1027 1138
1027 2131
2823 1133
2823 456
105 152
105 1821
105 1379
105 2555
152 2988
152 2934
152 1357
836 2238
836 104
836 2960
836 195
2238 1391
2238 525
2238 1264
1642 2498
1642 1342
1642 907
1642 1840
2498 2759
2498 1015
2498 2741
1770 2335
1770 1586
1770 2078
1770 1937
2335 2866
2335 2346
2335 641
244 1881
244 1232
244 317
244 901
1881 873
1881 59
956 1835
956 2602
956 2969
956 939
1835 2351
1835 1621
1835 1171
2645 2655
2645 1865
2645 1859
2645 2968
2655 1110
2655 2214
2655 2995
992 2371
992 1733
992 1762
992 335
2371 2402
2371 2470
2371 2726
348 2535
348 860
348 2230
348 2485
2535 831
2535 748
2535 401
1014 2900
1014 1053
1014 874
2900 1647
2900 1952
813 1508
813 1382
813 2694
813 1940
1508 1930
1508 2706
1508 2284
484 794
484 1022
484 2188
484 2796
794 839
794 2868
794 2707
1221 2895
1221 921
1221 730
1221 2694
2895 1648
2895 347
2895 2760
877 989
877 249
877 2520
989 2968
989 1689
989 28
1506 1935
1506 1806
1506 2560
1506 442
1935 241
1935 1488
1935 649
1456 2744
1456 596
1456 1751
2744 1590
2744 54
2744 1067
24 1614
24 2369
24 1291
24 1610
1614 2550
1614 1534
1614 1538
875 2337
875 825
875 370
875 2598
2337 1242
2337 1280
2337 1493
2560 1974
2560 2304
171 2871
171 1885
171 1246
171 2568
2871 509
2871 819
2871 298
240 2319
240 578
240 2029
240 841
2319 654
2319 2680
2319 1302
1559 2995
1559 844
1559 1023
1696 2459
1696 2750
1696 2816
1696 626
2459 2770
2459 82
2459 2154
1575 1709
1575 2600
1575 299
1575 1251
1709 5
1709 2578
1709 764
766 1003
766 2152
766 1987
766 731
1003 2092
1003 1790
1003 1678
2706 2803
2706 77
2706 2573
2803 41
2803 2272
2803 1484
260 1314
260 210
260 965
260 328
1314 1954
1314 825
1314 2457
370 1204
370 1518
370 691
1204 2370
1204 129
1204 683
2021 2365
2021 1518
2021 2729
2021 803
2365 1826
2365 1146
2365 2636
140 2888
140 2695
140 156
140 256
2888 1305
2888 2286
2888 937
604 2341
604 1488
604 2503
604 2775
2341 619
2341 2077
2341 2841
1164 2041
1164 173
1164 1391
1793 2604
1793 28
1793 2764
1793 423
2604 2196
2604 584
2604 317
1271 2763
1271 2130
1271 2677
2763 2169
2763 716
2763 733
1915 2946
1915 191
1915 1330
548 1944
548 264
548 2719
548 1554
1944 1266
1944 2819
1944 903
208 2541
208 790
208 1094
208 1738
2541 1668
2541 1170
2541 980
270 1049
270 1744
270 957
270 2485
1049 1562
1049 1043
1282 1813
1282 1858
1282 1410
1282 552
1813 2391
1813 209
233 243
233 1195
233 2080
233 1450
243 1264
243 670
243 469
1615 1744
1615 737
1615 1765
1744 2528
1744 398
2296 2569
2296 2607
2296 1291
2296 2275
2569 1286
2569 436
2569 23
165 2790
165 2857
165 776
165 1448
2790 2502
2790 1352
2790 1727
603 2482
603 2662
603 647
603 2540
2482 2837
2482 780
2482 2677
2028 2146
2028 2804
2028 982
2028 997
2146 1569
2146 2617
2146 1142
342 1689
342 1901
342 570
342 157
1689 1599
2636 2789
2636 1320
2636 1556
2789 119
2789 735
2789 143
70 1143
70 2987
70 2868
70 235
1143 2219
1143 2738
1143 75
68 1017
68 1989
68 443
68 2035
1017 2294
1017 1473
1017 916
1879 2502
1879 2221
1879 757
1879 1210
2502 204
2502 892
829 1478
829 711
829 2770
829 1297
1478 2715
1478 2947
1478 2250
2585 2814
2585 1522
2585 186
2585 2139
2814 8
2814 2109
2814 42
269 1827
269 2987
269 1877
269 1347
1827 2163
1827 1405
1827 2543
2278 2549
2278 1016
2278 2898
2278 2468
2549 1782
2549 365
2549 99
1885 2102
1885 1850
1885 830
2002 2407
2002 1702
2002 164
2002 2718
2407 286
2407 2101
384 1442
384 74
384 324
384 1483
1442 266
1442 272
1442 1341
111 283
111 2832
111 797
111 773
283 2773
283 526
283 2812
781 857
781 1103
781 1667
781 1165
857 2723
857 2185
857 1172
275 2400
275 129
275 763
275 2426
2400 203
2400 666
2400 406
154 1043
154 676
154 1829
154 2916
1043 2713
1043 31
14 2391
14 1733
14 953
949 1592
949 2200
949 2433
949 586
1592 2781
1592 1501
858 2031
858 661
858 2640
858 1185
2031 445
2031 1
2031 1872
671 2310
671 1749
671 2721
2310 1487
2310 536
2310 2591
1625 2955
1625 1843
1625 408
2955 148
2955 2457
495 1950
495 777
495 2307
495 1007
1950 2220
1950 988
1950 359
300 1880
300 638
300 1531
300 2516
1880 2290
1880 497
1880 1234
1519 1931
1519 1498
1519 2168
1931 1789
1931 1475
1252 2910
1252 1428
1252 2621
1252 505
2910 1058
2910 1414
2910 686
250 2290
250 42
250 1505
250 1639
2290 935
2290 206
1371 2688
1371 2340
1371 745
2688 2599
2688 2449
2688 1552
414 1103
414 2274
414 88
414 2435
1103 160
1103 960
1578 2026
1578 2033
1578 2883
1578 1842
2026 2679
2026 442
2026 1760
772 1829
772 59
772 2619
772 2464
1829 1200
1829 2057
1784 2831
1784 1874
1784 881
2831 826
2831 2595
2831 731
466 1638
466 688
466 1186
466 1838
1638 1654
1638 2379
1638 1583
517 1655
517 2642
517 1377
517 553
1655 759
1655 2817
1655 2072
1050 1074
1050 322
1050 2925
1050 873
1074 106
1074 400
1074 1819
59 2017
59 1002
2017 640
2017 2256
2017 2508
656 2213
656 2355
656 2657
656 1463
2213 2350
2213 806
2213 38
236 2239
236 1275
236 375
236 1847
2239 900
2239 533
2239 2187
446 1118
446 628
446 1281
1118 2250
1118 1333
1118 1414
1189 1598
1189 564
1189 1060
1189 286
1598 2580
1598 1993
1598 2778
423 1914
423 255
423 2926
1914 142
1914 2070
1914 2626
2219 1330
2219 2652
2219 605
1338 2595
1338 1494
1338 1179
2595 1963
2595 1756
71 2204
71 95
71 2245
71 1198
2204 2191
2204 351
2204 333
311 2477
311 2067
311 2724
311 783
2477 2484
2477 1517
2477 834
115 1364
115 663
115 2959
115 1323
1364 737
1364 1797
1364 562
1295 1871
1295 923
1295 1948
1295 1902
1871 683
1871 158
1871 2079
1924 2685
1924 1528
1924 2033
1924 175
2685 2500
2685 792
2685 1919
161 1336
161 987
161 271
161 1818
1336 2948
1336 2935
1222 2633
1222 945
1222 2199
1222 789
2633 817
2633 2155
2633 417
1084 1889
1084 1581
1084 2047
1084 2682
1889 37
1889 2975
2190 2677
2190 865
2190 697
2190 2455
2677 1398
1202 1748
1202 2225
1202 1171
1202 574
1748 197
1748 2271
1748 1183
820 2679
820 2712
820 1554
820 2338
2679 1641
2679 1525
1185 2586
1185 101
1185 48
2586 2012
2586 1120
2586 2960
69 1905
69 37
69 1008
69 2632
1905 420
1905 760
1905 186
982 1036
982 2242
982 936
1036 1110
1036 408
1036 1366
1460 2452
1460 92
1460 0
1460 919
2452 2416
2452 1229
2452 872
1849 2547
1849 2907
1849 2917
2547 1929
2547 1121
2547 2048
458 1119
458 20
458 1863
458 2812
1119 2894
1119 1631
1119 2745
631 1904
631 1649
631 2964
631 1984
1904 1358
1904 1987
1904 2594
1272 2439
1272 978
1272 1108
1272 2132
2439 721
2439 1059
2439 638
941 1699
941 2539
941 695
174 1907
174 2367
174 2231
174 2730
1907 2973
1907 1540
1907 2659
292 1498
292 470
292 1586
292 2698
1498 1895
1498 2736
1176 1357
1176 2579
1176 715
1176 1667
1357 2652
1357 85
683 259
683 108
2174 2956
2174 2742
2174 2915
2174 477
2956 2395
2956 547
2956 1717
608 2958
608 1736
608 1121
608 774
2958 29
2958 1144
2958 2867
1406 1544
1406 1175
1406 2994
1406 1855
1544 362
1544 2779
1544 1365
1335 1824
1335 134
1335 2954
1335 1178
1824 569
1824 2474
39 93
39 2066
39 2045
39 1856
93 1573
93 1000
93 2360
1075 1099
1075 973
1075 2234
1099 2727
1099 2237
1099 1206
2602 637
2602 2777
2602 1135
28 266
28 1332
942 1429
942 374
942 1040
942 785
1429 2150
1429 137
1429 1068
727 2285
727 2438
727 1283
727 2127
2285 2317
2285 2302
2285 2948
400 1100
400 2643
400 1395
1100 2359
1100 2667
1100 2554
1812 1496
1812 2004
1812 2531
943 1753
943 2703
943 1799
943 58
1753 2050
1753 2168
173 1209
173 1604
173 1936
1209 2363
1209 1635
1209 654
1313 2800
1313 2667
1313 1918
1313 1766
2800 2610
2800 2719
2800 1465
1628 2118
1628 1490
1628 415
1628 1752
2118 493
2118 742
2118 2592
1920 2359
1920 814
1920 834
1920 2987
2359 2018
2359 661
323 1765
323 37
323 1757
323 1865
1765 1964
1765 340
1594 2514
1594 1802
1594 605
1594 1981
2514 2298
2514 660
2514 2479
1278 2907
1278 1381
1278 1037
1278 2632
2907 1916
2907 2117
259 1182
259 2828
1668 1868
1668 2091
1668 1227
1868 427
1868 884
1868 1490
2149 451
2149 944
2149 1972
2253 2985
2253 678
2253 2873
2253 412
2985 1866
2985 97
1458 1856
1458 1007
1458 2258
1458 496
1856 1005
1856 2014
652 2959
652 1633
652 1597
652 1011
2959 1806
2959 402
1995 2731
1995 367
1995 2246
1995 965
2731 1492
2731 1692
2731 1276
1479 2010
1479 1247
1479 396
1479 2752
2010 2647
2010 2573
2010 2035
1821 1971
1821 1021
1821 2436
1971 2412
1971 860
1971 349
1750 2843
1750 1925
1750 1339
1750 1229
2843 715
2843 761
2843 2273
456 1184
456 2247
456 899
1184 2517
1184 2965
1184 2880
754 760
754 2872
754 2267
2191 931
2191 344
2191 2187
2014 2972
2014 1626
2014 2249
2972 419
2972 2254
2972 2015
1561 2906
1561 2240
1561 581
1561 1580
2906 2458
2906 2556
2906 1346
2060 2206
2060 1379
2060 2167
2060 669
2206 2361
2206 2109
2206 1150
252 1102
252 1324
252 2020
252 500
1102 719
1102 1502
1102 66
274 2432
274 2478
274 291
274 1684
2432 1020
2432 1933
2432 2003
1064 2221
1064 2408
1064 2693
1064 827
2221 1595
2221 30
94 2192
94 2883
94 2210
94 2255
2192 184
2192 2104
2192 2243
316 430
316 822
316 923
316 537
430 1705
430 2932
430 2119
1097 1567
1097 1611
1097 1636
1097 1347
1567 1199
1567 610
1567 2873
1324 828
1324 2892
1324 2736
2097 2983
2097 814
2097 1557
2097 2264
2983 855
2983 2826
753 1383
753 1279
753 2114
753 1966
1383 2096
1383 127
1383 2172
715 2306
715 2551
2306 2996
2306 795
2306 1724
2246 2840
2246 57
2246 1244
2840 224
2840 868
2840 684
2087 2120
2087 172
2087 583
2087 2889
2120 454
2120 1604
2120 1229
1340 2182
1340 1783
1340 1773
2182 306
2182 2429
2182 2825
2795 2853
2795 1306
2795 1342
2795 1749
2853 1462
2853 2601
2853 2807
2080 2409
2080 707
2080 2598
2409 1116
2409 804
2409 1912
2117 467
2117 2970
455 1634
455 290
455 464
455 1486
1634 2890
1634 1649
1634 1395
1608 1976
1608 1018
1608 2233
1608 1876
1976 1217
1976 2152
1976 2851
725 1116
725 442
725 692
725 2265
1116 1542
1116 120
1661 2113
1661 2211
1661 1576
1661 2011
2113 621
2113 793
2113 905
490 2838
490 1855
490 806
490 1978
2838 1440
2838 2933
2838 2761
523 1939
523 441
523 1247
1939 936
1939 2185
1939 1026
2211 2467
2211 304
2211 198
205 1834
205 463
205 1210
205 113
1834 2015
1834 227
1834 2092
1215 1599
1215 2047
1215 2566
1215 1476
1599 1585
1599 2139
655 2540
655 1962
655 485
655 2668
2540 2905
2540 1542
549 2729
549 1180
549 18
549 1993
2729 612
2729 1997
10 76
10 605
10 2943
1277 2258
1277 2252
1277 1387
1277 487
2258 1874
2258 1327
346 832
346 1801
346 1395
346 1022
832 2548
832 2424
832 1188
278 2449
278 953
278 2457
278 570
2449 710
2449 1095
937 2903
937 709
2903 780
2903 1328
2363 2623
2363 1867
2363 2338
125 740
125 1857
125 1424
125 2499
740 711
740 1636
740 906
862 2023
862 1279
862 932
862 751
2023 137
2023 1152
2023 2801
1013 758
1013 797
1013 2628
2280 2398
2280 2111
2280 2739
2280 2276
2398 1857
2398 601
2398 618
665 1262
665 2040
665 1350
665 1786
1262 341
1262 2225
1262 1811
1059 1434
1059 2133
1059 1397
1434 77
1434 1816
1434 1778
246 2719
246 1419
246 1417
246 2209
2719 133
191 2314
191 2356
191 2696
2314 1613
2314 2553
2314 1775
1698 2643
1698 1580
1698 2875
1698 480
2643 1111
2643 1733
661 2801
661 843
2517 80
2517 1641
2517 567
98 178
98 405
98 1589
98 2523
178 869
178 1956
178 2041
2071 2876
2071 2251
2071 2205
2071 200
2876 2696
2876 84
2876 2133
675 1042
675 1337
675 314
675 2941
1042 1114
1042 2792
1042 1580
182 1062
182 2567
182 136
182 2138
1062 1404
1062 959
1062 2881
2476 2810
2476 2201
2476 1280
2476 2105
2810 1453
2810 1422
2810 2745
314 637
314 35
314 762
637 667
637 1497
2526 2941
2526 158
2526 904
2526 1892
2941 479
2941 1961
50 2855
50 2842
50 407
50 284
2855 1090
2855 1737
2855 1520
752 1749
752 927
752 2269
1749 2410
126 510
126 344
126 580
126 2781
510 1389
510 2089
510 699
1892 2059
1892 2114
1892 21
2059 1294
2059 1873
2059 1085
827 2717
827 2710
827 823
2717 1225
2717 1857
841 2945
841 116
841 1444
2945 119
2945 1410
2945 2947
1516 2294
1516 2096
1516 2701
1516 1866
2294 2025
2294 1836
1267 2908
1267 2178
1267 1263
1267 1724
2908 293
2908 2724
905 981
905 261
905 658
981 973
981 816
981 2896
1028 872
1028 309
1028 664
2899 2273
2899 2044
2899 2240
1619 1996
1619 135
1619 2093
1619 2756
1996 2216
1996 768
1996 1571
2561 196
2561 1210
2561 2850
425 1092
425 251
425 2406
425 166
1092 2194
1092 1211
1092 2037
230 1937
230 1721
230 2827
230 749
1937 2600
1937 1792
640 118
640 511
640 2980
1771 2366
1771 783
1771 19
2366 2532
2366 2472
2366 2883
2054 2431
2054 722
2054 969
2054 1542
2431 1165
2431 138
2431 2178
296 1402
296 2950
296 1768
296 479
1402 2796
1402 2978
1402 2571
482 1117
482 2475
482 1010
482 147
1117 616
1117 1548
1117 27
339 2320
339 1399
339 1787
339 1174
2320 2443
2320 1156
1647 356
1647 2939
1647 592
1789 1356
1789 613
1789 659
2528 322
2528 1132
2528 1435
1618 2505
1618 2101
1618 1767
1618 2217
2505 2559
2505 1635
2505 1153
822 1926
822 2157
1926 383
1926 96
1926 90
180 2131
180 788
180 838
180 2918
2131 1018
2131 1874
780 1626
780 1743
56 2697
56 2943
56 238
56 1801
2697 757
2697 1207
172 1675
172 2127
172 1644
2024 2207
2024 2016
2024 2709
2024 1078
2207 1730
2207 1066
2207 2124
518 2334
518 201
518 514
518 330
2334 2925
2334 1250
2334 1685
2012 2264
2012 2068
2264 1265
2264 1009
199 1679
199 2175
199 2715
199 554
1679 2524
1679 1382
1679 509
1900 2565
1900 1246
1900 1560
1900 1078
2565 1299
2565 2032
2565 2332
1063 1843
1063 2397
1063 2893
1063 1600
1843 2624
1843 2484
535 890
535 2877
535 1044
535 2266
890 782
890 286
890 2836
2550 658
2550 678
2550 139
2458 2749
2458 2430
2458 2844
2749 714
2749 534
2749 2821
203 1775
203 1572
203 2649
1775 844
1775 378
183 1421
183 1022
183 1870
183 1660
1421 2347
1421 1803
1421 31
1403 1910
1403 1796
1403 2572
1403 1799
1910 2686
1910 2289
1910 268
700 2917
700 543
700 527
700 2884
2917 114
2917 2440
2450 2700
2450 1820
2450 2095
2450 194
2700 2348
2700 2287
2700 2521
1865 1082
1865 979
626 1681
626 2267
626 141
1681 366
1681 242
1681 148
550 2019
550 986
550 1155
550 1687
2019 910
2019 118
2019 2004
2524 1297
2524 1898
2524 1627
1129 2826
1129 2512
1129 966
1129 2223
2826 1656
2826 704
1181 1911
1181 799
1181 2357
1911 2929
1911 1611
1911 46
1150 1348
1150 1452
1150 1759
1348 150
1348 2745
1348 2757
298 2027
298 461
298 2092
2027 537
2027 584
2027 2507
3 1677
3 2355
3 1315
3 620
1677 2402
1677 1844
1677 313
1940 1886
1940 1837
396 2380
396 1462
396 1400
2380 774
2380 663
2380 2543
970 2497
970 2869
970 789
970 1752
2497 2675
2497 1624
2497 1151
1305 2043
1305 297
1305 872
1245 2490
1245 2869
1245 1549
1245 2075
2490 2070
2490 940
2490 1192
734 2313
734 2670
734 1694
2313 202
2313 805
2313 907
2662 2836
2662 2510
2662 2742
390 2905
390 2356
390 2615
390 705
2905 2869
2905 2936
702 2942
702 588
702 301
702 169
2942 1848
2942 1702
2942 2281
149 2150
149 47
149 2518
149 2053
2150 2445
2150 1407
2369 1776
2369 1263
2369 2171
306 2691
306 2423
306 1006
2691 1481
2691 946
2691 508
34 1650
34 1011
34 1808
34 2119
1650 1423
1650 632
1650 1437
1886 2681
1886 755
1886 1212
224 680
224 653
224 1529
909 2813
909 1242
909 1825
2813 2889
2813 553
2813 615
234 2970
234 1233
234 156
975 2325
975 1052
975 525
1264 2682
1264 2413
2682 2634
2682 2522
134 1517
134 38
134 1600
1517 2873
1517 834
304 2552
304 1218
304 1046
2552 352
2552 2878
2552 2859
1257 2311
1257 2543
1257 1855
1257 1172
2311 92
2311 698
2311 888
1375 2854
1375 783
1375 190
1375 2878
2854 1934
2854 2651
2854 2494
1287 1344
1287 1368
1287 995
1287 755
1344 2699
1344 2229
1344 1161
737 2162
737 2499
848 2364
848 2469
848 2741
848 2538
2364 2144
2364 2385
2364 139
21 1830
21 2698
21 2058
1830 2136
1830 895
1830 1654
1020 1906
1020 512
1020 2446
1906 159
1906 1217
1906 2473
1124 1890
1124 2597
1124 996
770 1779
770 1945
770 1597
770 1437
1779 614
1779 2577
1779 197
881 1244
881 294
881 344
1244 1035
1244 2755
577 1495
577 2511
577 2065
577 830
1495 2931
1495 2648
1495 680
1850 2134
1850 421
1850 2782
2134 1705
2134 84
2134 2750
210 2241
210 2032
210 87
1718 1806
1718 602
1718 1582
1718 2428
1806 2272
2356 1699
2356 1237
680 2385
680 717
2832 1769
2832 1921
2832 2381
11 330
11 214
11 1308
11 2734
330 767
330 337
119 1453
119 1919
2156 2331
2156 2346
2156 198
2156 2037
2331 1673
2331 2216
619 79
619 809
619 807
491 1410
491 1101
491 433
491 310
1410 2042
489 613
489 2628
489 2960
489 1374
613 721
613 2533
900 1528
900 297
900 1605
773 2999
773 2297
773 990
2999 40
2999 2581
2999 100
44 1397
44 1025
44 1408
44 1883
1397 2962
1397 2607
945 1513
945 863
791 2743
791 1847
791 1111
2743 1929
2743 1721
2743 2511
20 356
20 1472
492 2815
492 2817
492 2863
492 2396
2815 2748
2815 570
2815 1004
509 2040
509 2738
225 1352
225 1998
225 964
225 1738
1352 2567
1352 411
617 2086
617 2674
617 1404
617 628
2086 1432
2086 845
2086 2835
1569 295
1569 2666
1569 1768
2272 2195
2272 804
2413 86
2413 257
2413 1347
1040 2571
1040 2448
1040 1927
2571 2564
2571 670
77 360
77 1066
935 1980
935 1913
935 184
2950 2818
2950 2758
2950 1814
628 783
628 2892
2510 2631
2510 2214
2510 2848
2631 9
2631 231
2631 404
2006 2757
2006 568
2006 80
2006 1315
2757 2184
2757 427
2699 2748
2699 768
2699 2345
460 708
460 920
460 547
460 146
708 1961
708 1033
708 2846
600 1943
600 2351
600 1411
600 295
1943 1269
1943 2971
1943 1662
444 1837
444 1536
444 630
444 272
1837 2295
1837 2323
83 2647
83 816
83 2349
83 1484
2647 2194
2647 109
255 2429
255 273
255 1685
2429 1583
2429 1308
206 1663
206 1496
1663 2770
1663 2683
1663 2556
320 1998
320 464
320 2284
1998 1362
1998 1981
343 930
343 1107
343 1978
343 488
930 1125
930 1083
930 2676
1714 2183
1714 2025
1714 1114
1714 268
2183 678
2183 2325
2183 388
2096 1662
2096 251
374 544
374 1337
374 1216
544 1645
544 31
544 2259
2769 2922
2769 2559
2769 1041
2769 573
2922 1965
2922 2709
2922 1419
12 2438
12 1946
12 1571
12 2472
2438 2081
758 2065
758 2170
758 2188
2013 2235
2013 276
2013 1734
2013 742
2235 431
2235 685
2235 2642
2727 856
2727 1284
2727 2995
2748 706
2748 938
1590 32
1590 2824
1590 407
1167 2713
1167 2492
1167 305
1167 397
2713 2165
2713 840
1684 2613
1684 790
1684 1180
2613 1315
2613 201
2613 1452
2610 2808
2610 2678
2610 196
2808 453
2808 1708
2808 516
2773 1005
2773 883
2773 2736
131 597
131 1780
131 1670
131 1230
597 814
597 2663
597 112
616 1482
616 1039
2184 668
2184 1486
2184 2847
81 2447
81 2487
81 599
81 2857
2447 1363
2447 2324
2447 2266
2588 1303
2588 802
2588 1720
713 2754
713 2990
713 965
713 2220
2754 2782
2754 2374
2754 2154
778 1607
778 1107
778 567
778 1805
1607 2254
1607 1334
1607 2683
2116 2564
2116 1967
2116 48
2116 2456
2564 2217
2564 417
2066 1349
2066 17
2066 1031
1270 1454
1270 223
1270 1788
1270 1933
1454 2770
1454 573
1454 2244
2462 2797
2462 2772
2462 2385
1170 1192
1170 2484
1170 1872
1192 2325
1192 607
486 1605
486 2858
486 1509
486 2292
1605 1556
1605 312
1975 2809
1975 2624
1975 1443
1975 1120
2809 569
2809 1624
301 2283
301 1311
301 1651
2283 2641
2283 2159
2283 1268
1334 2874
1334 724
1334 2274
2874 2997
2874 1243
2874 1606
779 1901
779 575
779 1675
779 1946
1901 2591
1901 1666
409 1431
409 1586
409 1303
409 2520
1431 2140
1431 2353
1431 696
2804 2011
2804 1111
2804 1024
1199 1205
1199 1566
1199 2759
1205 2298
1205 190
1205 2471
1925 235
1925 1994
1925 2159
51 419
51 565
51 1294
51 1739
419 1393
419 2282
658 1673
658 551
1673 1515
1673 614
382 1895
382 2293
382 2148
382 561
1895 2418
1895 878
189 2085
189 1127
189 2034
189 1493
2085 2145
2085 1474
2085 2224
699 2935
699 653
699 1044
2935 1387
2935 1688
155 641
155 1140
155 170
155 1373
641 1928
641 1758
282 1441
282 2494
282 2489
282 164
1441 2897
1441 1730
1441 1477
1488 2606
1488 2762
643 756
643 359
643 2784
643 2639
756 1201
756 1752
756 922
1492 2160
1492 2274
1492 287
8 445
8 58
445 2890
445 2623
1543 1558
1543 2971
1543 1854
1543 272
1558 1386
1558 940
1558 1988
496 2348
496 2189
496 62
2348 1147
2348 2411
1012 2576
1012 2966
1012 2228
1012 1490
2576 1666
2576 1803
2576 997
2873 411
894 1288
894 1970
894 793
894 1451
1288 846
1288 2198
1288 2088
2444 2520
2444 592
2444 497
2520 2870
1203 1982
1203 481
1203 353
1203 7
1982 944
1982 1372
1982 1674
362 1968
362 1999
362 2009
184 2336
184 2811
694 1938
694 711
694 952
694 415
1938 2889
1938 607
2567 1732
2567 2038
2186 2877
2186 42
2186 2753
2186 2555
2877 1396
2877 1168
333 1290
333 1953
333 1838
1290 403
1290 932
1290 1838
973 1503
973 2981
1228 2657
1228 2720
1228 2427
1228 2418
2657 1532
2657 2144
2558 2927
2558 2229
2558 2694
2558 2563
2927 1934
2927 2128
249 2399
249 642
249 527
2399 2469
2399 424
1269 2648
1269 2496
769 2898
769 1747
769 1664
2898 1024
2898 1034
2579 1529
2579 2599
2579 934
2892 1893
2892 137
1379 928
1379 1289
334 2202
334 784
334 2082
334 1148
2202 2315
2202 1596
2202 36
539 1854
539 1601
539 2128
539 1627
1854 1786
1854 1280
1248 2216
1248 2479
1248 2989
2216 895
397 1376
397 1680
397 2882
1376 1528
1376 1444
1376 2249
322 146
485 1534
485 2762
485 2971
1534 2967
1534 585
193 2434
193 2866
193 1845
193 338
2434 1417
2434 1311
2434 1250
831 1249
831 2516
831 574
295 513
295 1963
513 2214
513 1577
513 534
1412 2405
1412 2330
1412 1874
1412 1652
2405 1427
2405 1947
2405 1687
253 2379
253 2022
253 1318
253 2424
2379 1433
2379 815
1279 1617
1279 1754
1733 1142
1898 2241
1898 2933
1898 2767
2241 2408
2241 2986
833 2759
833 1001
833 2634
2759 1331
2624 1532
2624 1504
92 2343
92 1859
2343 1794
2343 398
2343 741
2710 2755
2710 366
2755 1298
2755 284
380 2098
380 1823
380 2079
380 954
2098 1933
2098 804
2098 1307
2997 89
2997 614
2997 1646
160 258
160 751
160 2989
1201 2304
1201 2395
1201 2352
2304 1847
2304 1033
2114 2686
2114 2000
2686 886
2686 2417
1110 147
1110 2147
2242 78
2242 318
2242 2189
479 2252
479 1574
2252 1620
2252 1151
73 2352
73 1086
73 104
73 2665
2352 1251
2352 2305
2224 2923
2224 1343
2224 1422
2923 1101
2923 823
724 1428
724 2227
724 742
1428 2879
1428 1131
1387 1468
1387 2355
1468 360
1468 2616
433 1365
433 1526
433 1236
1365 2062
1365 1303
475 1322
475 2915
475 2170
475 1089
1322 2771
1322 2990
1322 429
1963 261
1963 2920
1767 2173
1767 2103
1767 1581
2173 138
2173 2088
1101 2966
1101 924
1246 332
1246 1773
2600 112
2600 2644
2548 2474
2548 431
2548 586
2642 220
2642 2358
1390 2427
1390 1762
1390 2419
1390 1404
2427 2963
2427 1300
219 2358
219 35
219 960
219 2637
2358 1675
2358 2864
2995 1294
79 793
79 1233
79 2333
57 2240
57 1156
57 1250
2240 2091
1536 74
1536 1823
1536 805
106 695
106 2281
106 2918
695 1504
695 100
209 2445
209 1713
209 150
2445 1382
2445 1213
2016 2236
2016 1917
2016 1
1613 1285
1613 2914
442 2724
477 1480
477 2875
477 516
1480 1500
1480 2051
1480 222
1273 2362
1273 2689
1273 747
1273 1326
2362 2203
2362 1219
2362 967
2175 2929
2175 2288
2175 2422
338 501
338 634
501 1360
501 2392
501 1877
980 1988
980 2279
1988 1954
427 1716
427 2850
1826 53
1826 1860
691 2783
691 974
691 454
2783 1919
2783 1026
2783 933
2649 2673
2649 410
2649 1069
2673 1359
2673 1350
2673 2119
405 2327
405 2778
405 1021
1693 2228
1693 267
1693 2884
1693 67
2228 395
874 2830
874 179
874 2530
2830 585
2830 730
450 1302
450 241
450 2858
450 2693
1302 27
1302 1782
147 451
147 1224
774 849
849 657
849 1706
849 532
572 2521
572 2740
572 1198
572 1485
2521 642
2521 13
814 2841
1804 1893
1804 2443
1804 1321
1804 2127
1893 53
1893 1038
2214 438
1701 2555
1701 1054
1701 1339
1701 1464
2555 2885
1214 1234
1214 87
1214 38
1214 1513
1234 2797
1234 1810
1570 2702
1570 2589
1570 2627
1570 2660
2702 959
2702 2515
2702 1662
977 1541
977 1438
977 2448
977 1447
1541 723
1541 2641
1541 1153
1585 1964
1585 1652
1585 2215
1589 2015
1589 1413
1589 2695
2015 1358
939 1473
939 817
939 803
1473 318
1473 915
2000 2766
2000 121
2000 2167
2766 2236
2766 1955
2766 2312
2145 2123
2145 2140
2145 888
1386 2994
1386 1933
1386 2940
796 1306
796 948
796 2267
796 2911
1306 1694
1306 85
2293 293
2293 1144
2293 2920
2038 2102
2038 1016
2038 2601
2102 1815
2102 2896
2140 2454
2140 478
743 2276
743 2666
743 158
743 2148
2276 2374
2276 914
1588 2787
1588 121
1588 2384
1588 217
2787 1848
2787 494
2787 1292
649 951
653 1166
2158 2982
2158 2056
2158 2419
2158 624
2982 17
2982 1217
2982 1711
1444 1731
1444 1683
1731 2669
1731 2008
1731 745
2885 107
2885 2307
2885 710
1766 2425
1766 787
1766 1604
2425 1149
2425 1107
2425 1629
153 1086
153 685
153 659
153 2344
1086 1304
1086 876
728 1670
728 2711
728 1089
1670 65
175 1505
175 63
175 901
1505 2698
1505 2451
273 1433
273 413
273 429
1433 1990
1433 1051
984 2187
984 1712
984 2627
984 376
2187 722
305 2753
305 1730
305 892
2753 2933
2753 1686
1616 2295
1616 1665
1616 1654
1616 2208
2295 1046
2295 1535
2105 2375
2105 895
2375 991
2375 2473
2375 587
45 1990
45 2611
45 1341
45 526
1990 1450
1990 1953
846 1612
846 2063
645 1955
645 13
645 1187
645 2663
1955 128
1955 2818
2327 86
2327 677
2327 1374
1855 2417
2417 65
2417 1098
2261 1077
2261 2639
2261 2082
287 2263
287 2104
287 1436
2263 1902
2263 1875
2263 1755
634 1617
634 1676
634 530
1617 1023
1617 1743
684 2665
684 1299
684 114
2665 2951
2665 553
792 994
792 2807
792 307
994 1960
994 1230
994 2953
2269 2916
2269 9
2269 2291
2916 1694
2916 335
1730 229
371 464
371 1949
371 2107
371 2920
464 1394
893 1207
893 2342
893 1564
893 2977
1207 2069
1207 720
2076 2107
2076 1381
2076 763
2107 123
2107 1869
2125 2281
2125 667
2125 719
2125 204
2281 2093
1256 1509
1256 2303
1256 503
1509 1339
1509 1814
931 1591
931 2350
1007 1620
1007 507
1620 2318
1620 2443
2996 143
2996 1511
2996 1054
865 2383
865 2058
865 1152
2383 2581
2383 2616
2383 1174
167 955
167 1128
167 2663
986 504
986 542
986 116
722 2058
722 598
487 2849
487 2865
487 2735
2849 2489
2849 852
2849 1158
107 531
107 2751
107 1546
1320 732
1320 676
1320 520
762 2451
762 809
762 2881
2451 1980
2451 438
1645 2913
1645 2030
1645 2394
2913 2825
2913 2072
2913 1396
1345 1356
1345 1786
1345 633
1345 1002
1356 682
1356 2177
2897 344
2897 2827
2897 2807
639 1644
639 337
639 1777
639 1521
1644 963
1644 2153
593 2456
593 135
593 48
593 563
2456 1400
2456 2527
1047 2209
1047 117
1047 1583
1047 2780
2209 1140
2209 527
1629 2321
1629 1923
1629 150
2321 109
2321 470
2321 1987
795 1337
795 1445
795 2618
1337 2912
2929 2695
2929 1945
834 589
356 1471
356 1828
650 1923
650 1038
650 735
650 2273
1923 718
1923 494
4 816
4 337
4 1023
4 1409
816 898
530 2108
530 2756
530 1082
2108 2890
2108 2389
2108 435
1763 2180
1763 1162
1763 899
2180 1162
2180 726
2180 31
1954 2629
1954 819
97 2179
97 2704
97 476
2179 2226
2179 2243
2179 2053
2130 2806
2130 971
2130 248
2806 2573
2806 1223
2806 1291
197 2115
197 2654
1195 2862
1195 2070
1021 1218
1021 2993
1218 1568
1218 2441
18 969
18 2011
969 2904
969 2435
103 2050
103 468
103 845
103 1325
2050 1105
2050 1635
2289 2344
2289 1584
2289 712
2344 602
2344 2339
856 1818
856 1566
856 290
693 1632
693 1301
693 1912
693 1206
1632 1918
1632 2573
1632 712
1032 2794
1032 412
1032 1884
1032 1455
2794 1807
2794 2166
1802 2546
1802 812
1802 1675
2546 1482
2546 1526
2546 1708
248 451
248 1450
248 2544
451 1665
162 2723
162 366
162 1815
162 1711
2723 1511
2723 1942
1393 2617
1393 2040
1393 1815
2617 288
2617 2860
910 41
910 2205
910 467
1082 1392
1082 2886
1392 1552
1392 866
1392 1065
507 674
507 1501
507 170
674 1514
674 443
674 2473
2591 2634
2591 738
2634 1635
1030 2340
1030 1894
1030 868
1030 1081
2340 1226
2340 1309
927 2440
927 591
927 1838
2440 2646
2440 516
2479 584
2479 669
1699 1416
1699 1231
1586 1776
1266 2322
1266 2690
1266 692
1031 1842
1031 1381
1031 2820
1842 2846
1842 1294
2474 345
2474 1380
1166 2967
1166 1329
1166 2962
2967 2230
2967 1845
1522 1768
1522 435
1522 1178
2353 1134
2353 506
2353 889
2453 2934
2453 1149
2453 736
2453 2040
2934 388
2504 2870
2504 898
2504 2112
2504 49
2870 2287
2870 1165
622 1958
622 280
622 2981
622 2864
1958 1058
1958 690
1958 1791
1233 1283
1233 237
1283 733
1283 133
2101 2669
2101 2851
2669 1729
2669 2079
1299 421
1299 2712
86 1190
86 1997
1190 842
1190 1286
1190 2277
1235 2775
1235 480
1235 1801
1235 1342
2775 326
2775 1787
682 1341
682 2218
682 1514
1341 422
515 2222
515 2422
515 764
515 2045
2222 1490
2222 1884
2222 2245
366 406
2067 6
2067 971
2067 2464
17 1193
17 2792
235 2881
159 416
159 2333
159 43
416 1595
416 810
416 2324
908 2390
908 2880
908 2883
908 2035
2390 1719
2390 53
2390 216
690 2315
690 257
690 1417
2315 1274
1391 2466
1391 1747
1776 1669
1776 347
1255 1311
1255 2367
1255 2738
1255 765
1311 809
855 2957
855 594
855 636
2957 434
2957 1527
2957 75
1022 1035
1450 1096
565 2468
565 2705
565 1187
2042 2480
2042 532
2042 2904
60 1033
60 556
60 2277
60 1723
1033 1120
596 2674
596 2396
596 2426
2674 2715
2674 2044
256 2210
256 688
256 2659
2210 1407
2210 148
557 576
557 627
557 2911
557 1148
576 2970
576 2829
576 1912
1652 1795
1652 1430
1795 1138
1795 1568
1795 2008
842 1173
842 303
842 1816
790 967
790 687
1778 2237
1778 363
1778 1600
2237 1603
2237 1692
579 2141
579 522
579 1470
579 2592
2141 1579
2141 2397
2141 838
288 1902
288 1139
288 1304
251 281
281 2918
281 25
281 1194
1859 749
1859 1799
1384 2675
1384 716
1384 929
1384 2270
2675 2992
2675 2692
1520 1831
1520 2121
1520 2305
1831 1321
1831 2712
1831 1624
1067 2270
1067 1539
1067 303
2270 2496
2270 1745
504 2867
504 587
2428 2594
2428 2930
2428 871
2594 1298
2594 1602
971 2738
971 1823
2032 1637
2032 514
1123 2388
1123 2154
1123 1453
1123 100
2388 264
2388 1037
644 2139
644 1321
644 1136
644 40
2139 2513
2812 1093
1009 1197
1009 229
1009 2423
1197 1462
1197 733
1197 1807
242 2664
242 101
242 1223
2664 850
2664 786
2077 2605
2077 2776
1217 1438
522 1781
522 1482
522 2522
1781 309
1781 1159
1781 765
2681 1949
2681 2164
2163 2419
2163 2848
2163 621
2419 2751
2274 686
412 1160
412 960
2249 2931
2249 2947
2931 1275
2931 2637
2200 1044
2200 1409
2200 589
1580 2357
1754 2199
1754 2062
1754 142
1145 2786
1145 1746
1145 2774
1145 1553
2786 506
2786 1573
2786 2568
1140 1678
1140 2501
2357 2975
2357 670
2975 2404
2975 2914
123 2161
123 1147
123 2578
2161 636
2161 101
2161 1710
2189 929
2189 1688
1044 2609
732 1884
732 2433
732 2692
1884 341
1326 2822
1326 2684
1326 1085
2822 2777
2822 15
2822 2256
2512 188
2512 776
2512 2928
1947 2629
1947 373
1947 1180
2629 810
2629 526
241 2551
241 1472
2551 1983
2551 2824
839 2230
839 885
32 2762
32 2188
32 1077
991 1582
991 2003
991 2503
1582 373
1582 2601
2068 2587
2068 2480
2068 843
2724 2596
9 999
9 615
999 2089
999 1440
999 2882
279 1491
279 1178
279 2726
279 2712
1491 2725
1491 494
1491 891
2065 1503
2065 440
2771 1566
2771 1533
2771 1922
1438 2282
1438 2384
1658 2926
1658 1867
1658 2377
1658 1425
2926 2248
2926 1081
2370 995
2370 350
2370 1404
2841 2147
194 1186
194 1678
194 610
1186 1728
102 1563
102 2020
102 284
102 2989
1563 151
1563 2317
1563 2589
122 429
122 1918
122 906
122 2022
429 746
1836 2318
1836 2036
1836 1369
2318 1171
2318 897
15 2837
15 1
15 1537
2837 1219
264 2463
264 907
1153 1426
1153 2531
1426 843
1426 368
1426 2442
2152 2977
2152 1603
19 871
19 40
19 519
871 463
871 355
2861 2532
2861 1568
2861 1989
854 1107
854 1992
854 132
854 66
289 1449
289 2750
289 629
289 2493
1449 1547
1449 2879
1449 568
962 1008
962 2863
962 1323
962 1787
1008 1648
1008 96
2360 2802
2360 1135
2360 1146
2802 359
2802 64
2802 1542
967 2762
967 940
2361 399
2361 1593
2361 2308
1762 1258
1762 2426
367 2266
367 917
367 1220
2266 782
2262 2288
2262 902
2262 2322
2262 1723
2288 2570
2288 2966
2073 2709
2073 1105
2073 1045
2073 2205
2709 1841
887 1528
887 2949
887 1562
887 1079
1962 1986
1962 2446
1962 1676
1986 681
1986 1114
516 2756
2756 538
809 2142
2011 1148
547 707
547 2299
707 588
707 853
564 2851
564 1993
564 2123
2851 1695
401 541
401 2084
541 729
541 2711
541 2003
53 830
1532 1321
1532 2112
1446 2507
1446 254
1446 1265
1446 2500
2507 505
2507 714
1268 1757
1268 1761
1268 574
1757 1896
1757 785
1135 2515
1135 2746
2515 1666
2515 223
1794 2798
1794 2768
1794 1577
1732 823
1732 1048
1732 1805
921 2167
921 1847
921 1323
2055 2256
2055 1669
2055 1289
2055 1773
2256 519
828 2018
828 2992
828 2879
212 365
212 1465
212 738
212 449
365 580
365 1093
1801 2979
2979 512
2979 211
2979 2583
467 1989
467 204
1989 2761
505 2426
505 1691
1297 2589
1297 1254
2589 2468
1970 2411
1970 2212
1970 853
2484 777
352 2273
352 1643
352 1081
1504 67
1504 2069
1240 1751
1240 748
1240 1513
1240 2644
1751 1125
1751 2230
990 2084
990 2509
990 1483
2084 2716
2084 1550
286 2247
2247 2373
2247 2185
1005 358
1005 2416
512 2658
512 2797
88 1556
88 1604
88 163
2867 2095
575 1331
575 1056
575 1974
1331 689
1331 2993
1035 2701
1035 138
1597 2454
1597 1945
2454 2946
2454 1213
1782 2378
1782 2722
2378 2737
2378 2828
2378 2722
698 2726
698 2605
698 472
2726 1293
217 2785
217 582
217 1977
2785 42
2785 453
2785 1096
1048 2391
1048 1691
1048 141
2391 2666
1581 120
1581 2730
1188 2299
1188 1540
1188 771
2299 2424
2299 692
1968 2639
1968 1471
1968 1002
2639 825
863 968
863 611
863 120
968 2142
968 353
324 2928
324 2326
324 2046
2928 7
2928 928
2103 1825
2103 1160
2103 1301
1138 130
1138 327
2143 2255
2143 468
2143 266
2143 2416
2255 934
2255 1230
974 1549
974 2234
974 1697
1549 461
1549 2656
602 345
602 1155
2468 1227
2881 1052
944 1791
944 2683
1791 2632
1791 1503
109 478
109 1455
1090 394
1090 1633
1090 1310
934 2397
934 271
2397 2523
1685 2844
1685 2248
2844 2410
2844 2009
142 876
2933 1755
1742 2946
1742 2953
1742 852
2946 2557
395 560
395 2104
395 1741
560 336
560 502
560 2583
717 1133
717 2578
717 1878
1133 880
1133 30
882 1196
882 198
882 2618
1196 2422
1196 917
1196 2157
1729 1875
1729 1683
1729 424
2070 2078
2842 2652
2842 2372
2842 2168
2912 1448
2912 1524
2912 870
2683 2920
1694 1236
826 2909
826 1760
826 563
72 609
72 2660
72 629
72 16
609 1001
609 1327
609 918
47 2147
47 2493
47 2259
2147 2779
383 2203
383 932
383 90
2203 1991
2203 2690
280 2052
280 2641
280 1333
2416 402
511 1695
511 638
511 2653
1695 1474
1695 5
1396 1627
1396 16
1627 453
267 1799
267 733
267 2282
1122 2243
1122 2483
1122 2998
1122 623
2243 1415
1820 2231
1820 2442
1820 1964
2231 1612
2231 1179
735 2217
735 2079
2605 1006
2605 2581
888 2367
2509 1237
2509 2765
1783 1372
1783 784
1783 746
861 2464
861 2393
861 1367
861 2752
2464 2506
705 1380
705 2909
705 2533
1380 2864
1380 2396
2162 75
2162 1165
2162 929
1721 1251
1721 802
1817 2322
1817 998
1817 1333
1817 2441
2322 2805
1057 2437
1057 1281
1057 2758
1057 2609
2437 2690
2437 1476
2437 1507
533 1004
533 720
326 1739
326 1443
326 1764
13 2963
13 2954
2963 1041
2963 449
714 1500
714 1069
1500 2545
1500 2532
1303 2093
257 129
257 7
979 1316
979 1369
979 964
1316 679
1316 1132
2994 2271
2994 2169
74 1210
74 703
1848 2894
1848 2661
1928 1974
1928 369
1928 2937
1974 1810
1006 2962
2962 1469
144 2939
144 2949
144 2201
144 561
2939 1156
2939 2964
1715 2308
1715 1941
1715 545
1715 1401
2308 1672
2308 1427
955 1130
955 1175
955 2199
1130 1555
1130 284
1078 1646
1078 1469
1134 1600
1134 1965
1134 498
463 1687
463 1948
2860 581
2860 1822
2860 1
1401 2112
1401 2215
1401 1354
2112 2064
2801 2828
2801 850
302 1833
302 1512
302 1224
1833 819
1833 1606
2030 335
2030 2287
2030 1389
1061 2381
1061 99
1061 1576
1061 1740
2381 860
2381 1351
2559 1388
2559 2736
503 821
503 2168
503 2961
821 1486
821 2991
821 1942
1108 2984
1108 1712
1108 1929
2984 1284
2984 1125
2984 2740
2694 2938
2938 1015
2938 830
2938 2606
1857 1913
706 903
706 817
706 1875
566 1656
566 2277
566 2741
566 214
1656 997
1656 1398
448 2132
448 1810
448 2820
448 1909
2132 349
2132 2355
1918 899
2303 2733
2303 2126
2303 1451
2733 719
2733 2267
2733 1787
1139 2947
1139 1226
1139 1489
672 2403
672 880
672 399
672 1477
2403 1841
2403 555
2403 648
716 1001
716 2305
499 1864
499 997
499 187
499 2376
1864 2126
1864 1741
1864 2472
336 651
336 2668
336 1664
1467 2705
1467 898
1467 907
1467 2523
2705 2115
2705 2758
170 1723
170 2374
1723 2412
1001 2217
1609 2433
1609 1720
1609 2124
2433 2886
1540 2389
1540 2234
1011 1722
1011 1121
1722 870
1722 2122
1722 408
1411 2503
1411 1805
1411 2948
2503 594
966 2582
966 457
966 2779
965 1610
1610 1284
1610 319
1902 1485
1760 2328
1760 327
2328 1737
2328 1360
2328 1667
150 677
313 2730
313 2064
313 1065
2730 2973
897 1653
897 915
897 561
1653 1973
1653 128
1653 1091
1149 90
1149 2767
454 2701
454 1959
2701 824
2199 89
1566 2863
136 2259
136 1055
136 2856
2259 2667
473 866
473 2171
473 2670
473 1555
866 2778
866 1056
815 2530
815 2387
815 2382
2530 1160
2530 2582
349 2486
349 58
759 1769
759 1069
759 2069
1769 1539
1769 1662
612 1978
612 2099
612 2625
1978 1247
2387 2483
2387 2115
2387 2089
345 1333
345 276
582 1621
582 2043
582 185
1621 1317
1621 2936
864 1734
864 271
864 750
864 2301
1734 923
1734 1612
1934 1999
1934 1136
1999 1631
1999 647
1603 2151
1603 223
928 2195
928 2537
1919 1726
1737 76
1737 41
1154 2100
1154 426
1154 810
1154 2470
2100 2768
2100 2099
2100 118
1325 2109
1325 116
1325 1354
1964 1216
1882 2954
1882 61
1882 1367
1882 1010
2954 586
1069 1790
1648 426
1648 1735
2652 500
2466 2930
2466 1208
2466 2556
1511 2188
1511 2401
1373 2584
1373 2953
1229 2865
2778 2420
2422 1071
222 1422
222 2858
222 922
1422 2621
938 1863
938 976
938 1260
1863 2197
1863 2460
1481 2614
1481 1646
1481 1051
2083 2952
2083 1346
2083 1949
2083 571
2952 2791
2952 2661
2952 847
1388 408
1388 381
1841 2865
1841 30
221 1026
221 1524
221 1554
221 2798
1026 2751
825 2233
2045 2420
2045 358
1496 95
1496 1583
198 2392
2966 1251
964 2765
964 2988
2765 2909
2765 1212
543 662
543 2974
543 1415
662 483
662 2587
662 1368
478 807
478 988
1436 1651
1436 1350
1436 1091
1651 668
1651 1961
2443 2025
799 55
799 2986
896 1347
896 2734
896 100
1574 2896
1574 2212
1574 2226
2896 2760
1389 2596
767 2471
767 567
767 876
67 2170
67 2511
817 1293
687 782
687 1497
687 130
782 2668
2298 1227
2298 293
2368 2816
2368 399
2368 657
2368 1034
2816 2577
2816 2695
787 860
787 1809
787 2051
37 598
1735 2177
1735 2325
1735 1966
2177 663
2177 1141
757 2091
757 476
2091 2721
1994 1716
1994 1706
1994 1015
1261 2275
1261 1870
1261 2615
2275 719
2275 2768
2018 726
2018 2991
948 976
948 2587
948 720
1611 2127
1611 2300
2909 599
1494 1394
1494 2537
1494 432
2198 110
2198 78
1111 2779
2689 2684
2689 2886
2689 647
440 951
440 1529
951 2121
951 285
1503 2618
2088 2297
2088 2696
2297 1258
2297 1755
36 2193
36 1727
36 985
2193 2641
2193 113
2193 2626
350 2628
350 1557
350 263
2628 838
1930 1579
1930 229
1930 40
1702 2229
1702 1659
1343 808
1343 2057
1343 676
506 1965
506 2382
158 805
2797 615
739 2821
739 529
739 327
739 1535
2821 2312
2821 1359
2159 2654
2159 1529
2654 2039
2654 143
1260 2597
1260 2160
1260 2157
2597 1956
2597 998
933 1525
933 1109
933 1853
1525 2377
1525 2925
263 2414
263 953
263 2324
2414 1163
2414 2834
1430 1686
1430 1515
1430 1690
1686 64
1686 2772
2869 1088
2889 578
1231 1399
1231 1432
2020 2970
2020 1250
1669 551
1669 218
2513 2455
2513 1247
2513 387
407 1601
407 1083
1601 2915
1601 1483
201 1400
201 1932
2121 393
2121 1510
2461 2772
2461 2475
2461 1470
2461 1457
2772 2463
2046 2487
2046 2859
2046 2367
2487 2693
2487 924
394 226
394 2834
394 1457
1666 190
43 1029
43 1425
43 117
1029 432
1029 1239
1029 1810
1095 1927
1095 1128
1095 355
1927 1241
950 1510
950 901
950 590
950 1439
1510 1557
1510 145
663 132
1077 195
1077 2581
2455 2758
2455 2961
148 1366
1407 2491
1407 1764
2491 2110
2491 1908
2491 2833
2666 2051
1858 1980
1858 2157
1858 625
2421 1477
2421 1951
2421 2930
1109 1913
1109 751
1109 2661
1913 2742
953 2208
764 1310
764 2196
1310 2467
1310 1126
1991 2430
1991 1942
1991 1983
797 1016
797 528
1016 1512
1425 2063
1425 1368
2063 291
2063 192
1788 1808
1788 373
1788 2052
1808 2260
1808 1960
1839 2196
1839 926
1839 859
1839 2472
2196 1328
2475 1254
2475 1692
1665 648
1665 133
388 64
388 2593
1595 2750
1595 2007
1114 1819
488 2345
488 1960
488 1527
2345 534
2345 2774
2300 2395
2300 434
2300 2557
2395 524
481 389
481 16
1727 2218
1727 1501
701 1211
701 824
701 744
701 2940
1211 2218
1211 1639
1206 1908
1206 2301
1908 1553
1908 771
1633 1530
1633 1643
808 922
808 2961
808 2506
1317 2650
1317 2501
1317 1637
2650 2880
2650 1045
2650 127
922 526
1034 2500
1034 703
2500 947
2930 2049
889 1445
889 1151
889 868
1445 563
1445 536
1530 2401
1530 2974
1530 2728
2401 2488
1482 1875
978 1960
978 1641
978 818
1432 285
1432 2061
892 2646
892 1293
2646 2415
2646 1688
583 963
583 1420
583 946
1183 2536
1183 1459
1183 1790
2536 340
2536 2612
2536 120
670 2590
229 2987
2250 1025
2250 216
599 2406
599 2372
2406 2151
2406 1127
2577 303
2577 788
2990 648
2990 2036
347 2265
347 1487
1873 2878
1873 211
1873 630
2878 207
1518 2989
1518 410
1965 744
285 2347
285 2856
2347 2094
2347 2716
2857 1972
2857 2291
726 2953
726 187
2828 1728
424 1367
424 1423
1367 1844
947 1957
947 2481
947 2545
1957 341
1957 2392
1957 2659
422 2489
422 1053
422 1440
2489 1499
112 1349
112 972
1349 936
1349 1351
1897 2094
1897 1738
1897 1547
1897 2951
2094 2718
2094 1997
214 237
214 2172
237 1680
237 1208
1487 1227
1487 2372
7 624
624 1952
624 2980
2725 1127
2725 588
2725 2164
923 1342
1521 2382
1521 2136
1521 1828
2382 2718
393 2170
393 807
393 387
2251 1822
2251 378
2251 2144
1654 1489
1710 2615
1710 276
1710 1573
2615 2951
2047 2619
2047 1051
439 1929
439 1435
439 2099
439 1382
618 1720
618 128
618 2268
1720 1956
2506 2798
2506 1587
2798 2811
1298 2233
1298 1888
1464 2043
1464 2329
1464 1636
2043 1469
129 1700
1700 62
1700 417
1700 1846
2532 985
2236 1418
2236 1489
793 1424
89 1241
89 1476
1241 552
1241 2611
1497 2234
1497 2126
1469 1932
1932 461
1932 1678
777 704
777 1680
2884 226
2884 2977
872 1085
1440 1208
1556 2619
353 1485
353 1437
1485 363
1368 1584
2218 2302
1922 2384
1922 873
1922 2495
2384 1300
711 2640
2640 1076
2640 2592
2126 601
2090 2110
2090 2676
2090 1798
2090 2752
2110 2496
2110 1132
472 2223
472 1502
472 1394
1822 536
1822 1137
1565 2894
1565 2544
1565 1374
1565 75
2894 2142
389 2625
389 325
1876 2469
1876 2656
1876 2260
2469 1548
704 2442
704 2735
2373 2622
2373 1899
2373 1704
2622 1515
2622 428
2622 1055
536 1746
25 755
25 983
25 2932
755 65
216 2330
216 850
2330 196
2330 457
328 1515
328 1179
328 2862
1327 2494
1327 391
2494 1163
2980 1447
2501 1683
2501 361
800 2776
800 95
800 2471
800 651
2776 1366
2776 379
108 441
108 1463
108 972
441 914
441 627
987 2847
987 1274
987 2940
2847 1797
2847 2404
258 1405
258 1400
258 1242
2260 2656
82 1499
82 2172
82 2129
1499 696
1499 1807
1683 2819
873 2044
546 1105
546 2619
546 2616
1105 379
1156 1071
2333 2376
2333 1137
2376 375
2376 2721
976 1087
976 1533
1087 1420
1087 946
1087 2590
55 85
55 1216
55 1554
85 2824
1054 1626
1054 697
1172 2404
1172 78
2404 2481
2827 2072
2827 2336
633 1682
633 531
633 471
1682 1223
1682 2932
2089 587
1128 1984
1128 2919
1984 629
1984 1355
529 411
529 146
529 145
1773 196
664 886
664 721
664 1115
886 2965
886 2608
428 2171
428 591
428 2977
2171 1360
457 1141
457 341
1141 1584
1141 2574
1524 1818
1524 1076
1239 1690
1239 996
1239 1025
1690 1208
1690 1987
1330 853
1667 2129
2129 1285
2129 121
771 1242
771 2711
200 2169
200 2155
200 494
2169 2653
1284 883
2467 1072
2467 96
1483 132
1560 1624
1560 1896
1560 2760
90 2037
2037 761
1823 1825
1805 2563
2563 2483
2563 211
1253 354
1253 1917
1253 421
2041 2891
2041 358
1507 2590
1507 1973
1507 2160
2590 2075
789 2612
789 420
2612 378
2612 1535
2880 920
1360 610
996 1502
996 1037
1423 321
1423 1319
1997 750
1466 2678
1466 1777
1466 1354
2678 542
2678 1281
1274 590
1274 776
1672 2460
1672 1304
1672 2746
61 1878
61 2554
1127 660
483 1872
483 2924
483 2062
2229 1706
1363 2949
1363 1232
1363 2499
1076 1862
1076 113
202 1093
202 2836
202 1418
1093 2095
76 2716
76 1085
660 179
660 573
2446 376
2446 163
411 1182
357 2081
357 227
357 437
357 1707
2081 363
2081 1225
2185 2936
2936 332
917 1319
917 218
1319 218
1319 840
2499 2332
157 1539
157 2441
157 1966
1539 2539
2062 2817
468 1173
468 2135
307 2523
307 1418
307 2305
1046 1070
1046 2609
1070 2660
1070 2178
1070 361
812 1136
812 2596
812 185
1136 2176
1066 2436
1066 2911
359 1439
1546 2349
1546 1704
1546 818
2349 1015
2349 2566
2890 985
2745 677
1949 117
2225 2793
1815 1712
852 2562
2412 2442
2412 1146
2676 1659
2676 2135
824 638
824 749
493 2601
493 629
493 1591
605 2061
420 2052
420 844
2052 1088
580 590
580 2680
590 1758
1243 1286
1243 1443
1243 2034
1286 632
957 1045
957 2048
957 1056
1045 924
1612 1039
1301 2160
1301 2136
1591 2178
354 2496
354 2389
354 847
1649 729
1649 2834
293 1809
118 1797
497 2346
497 2825
2346 1182
657 2914
657 1191
2914 1191
1018 2572
1018 1736
2621 2326
2621 1819
156 2538
156 2811
2538 435
2538 2133
1992 2544
1992 1179
121 265
709 859
709 750
709 6
859 2846
859 2172
524 1981
524 1531
524 321
2351 2593
2568 2829
2568 2408
2829 1354
2829 744
2092 2625
179 2974
179 2542
2974 1798
1572 1351
1572 1493
1572 784
2611 1113
2611 27
2625 2226
1405 2735
1405 1547
2735 110
823 1596
1640 2232
1640 985
1640 2684
1640 2128
2232 806
2232 2394
2232 2082
1052 2820
1052 2424
2820 1746
335 2918
868 1553
399 2835
2835 1126
2835 116
2093 164
584 1553
1637 916
1637 742
2792 2329
2792 730
226 1526
226 1703
1526 1845
870 1691
870 2220
1691 1803
410 312
410 413
2220 835
610 1058
2036 647
2036 417
2817 2075
528 1475
528 2949
528 1951
1475 2781
1475 1413
1346 520
1346 2739
1538 1777
1538 1173
1538 1785
1777 2659
1825 2707
1355 1780
1355 2485
1355 2056
1780 525
589 1844
589 916
1844 581
1502 195
606 1676
606 1501
606 2423
606 2544
1676 2692
266 788
2486 2948
2486 2338
2486 1774
1705 6
1705 666
2324 404
2925 332
751 1846
594 2626
594 1828
2992 2651
2992 2165
788 1079
124 1238
124 443
124 1959
124 1098
1238 559
1238 290
1238 117
1254 2078
1254 2714
2078 646
132 919
919 1869
919 6
498 1747
498 1174
498 265
1747 2350
2025 2575
802 1019
802 128
1019 2562
1019 1053
1019 1551
54 1096
54 2329
54 527
2148 2767
2148 220
807 592
531 2978
531 1158
2978 63
2978 2069
940 2227
2056 1707
2056 1814
668 534
668 1740
1004 1564
1004 2508
1564 885
1564 2394
552 381
552 459
689 1952
689 1408
1952 551
271 1917
936 2944
1455 2312
1455 188
2312 2734
2205 1796
810 471
2194 2988
2194 601
1147 850
1147 1096
1106 2704
1106 247
1106 1803
1106 918
2704 718
2704 1472
1094 1631
1094 620
1094 1741
1896 1514
1896 1415
1058 476
1024 1408
1024 532
95 471
471 2791
361 2058
361 2061
729 2138
729 2402
551 1860
648 891
2587 143
1869 403
1869 378
84 101
84 2389
1746 2608
1465 2326
1465 2866
1687 2791
2596 673
2049 2780
2049 508
2049 924
2780 1236
2780 1948
1191 1512
1191 1680
1512 1193
2862 1037
2862 127
2022 381
2022 1212
2099 2323
1972 904
1972 2739
1477 1163
1474 2215
1474 1158
838 2396
749 2848
1761 1877
1761 2648
2836 2411
254 130
254 1792
254 591
461 2784
2722 1726
2722 1038
2915 1545
1890 2527
1890 561
1890 1692
2527 1571
2527 1071
688 1623
688 1226
1293 1562
114 559
114 954
559 1068
559 611
2064 325
2064 1800
585 2684
585 1548
227 1809
2104 2420
1568 2740
2714 2176
2714 2377
2714 646
776 299
2215 187
1860 385
1860 581
1888 2493
1888 151
1548 398
667 598
667 2048
385 2879
385 1451
385 2833
880 2488
880 710
2824 2893
2393 2415
2393 2542
2393 1527
2415 883
2415 1796
33 2051
33 2136
33 0
33 169
1818 696
1909 1025
1909 568
312 41
312 402
2181 2223
2181 1861
2181 1674
2181 1493
2223 1362
748 186
748 1023
141 1596
141 1738
1596 1674
843 1120
265 369
265 2598
369 2001
369 1309
1573 2584
2969 1113
2969 2944
2969 686
869 2574
869 1796
1328 127
1328 169
2734 2488
571 1115
571 1887
571 2478
1115 29
1115 2195
2574 418
2574 1551
588 2254
2336 2784
2336 745
920 1636
920 2653
373 2981
2981 1772
1951 963
1951 555
2796 1187
2796 625
2254 99
1424 35
995 1055
995 1688
1055 2606
49 2402
49 1132
360 845
360 1537
642 914
642 1593
1171 391
607 2537
38 669
669 2309
932 27
562 2227
562 1774
983 2463
983 2777
983 2670
1072 1725
1072 2637
1072 914
1557 1790
568 358
654 1193
654 476
1193 2332
761 2711
1038 2919
2919 2793
2919 723
627 2176
627 1712
2323 2593
2323 310
2593 630
218 1921
1921 1743
1921 1866
2632 586
2033 1809
2033 215
1816 2637
1175 1936
1175 2807
16 1249
1443 46
2543 1142
1418 988
2825 1660
1088 1420
2226 1768
1630 2124
1630 723
1630 1358
1630 2418
2124 847
63 2720
63 1318
2537 2833
2833 1225
1584 2739
1514 2578
453 959
1151 418
806 1079
803 1275
803 403
760 166
2940 891
426 1489
426 2968
721 213
1381 1470
432 2481
432 138
946 1711
2668 574
1726 2584
1726 2326
1249 2707
1249 1916
520 2570
520 632
2570 952
2570 620
2410 2430
2410 1846
678 2001
1711 1281
835 1280
835 135
508 744
508 319
1531 2848
1531 2166
2154 2525
1000 1550
1000 1936
1000 64
1550 2921
1550 2155
404 2921
2009 614
2009 1552
381 1152
2392 1887
2904 578
2904 1146
2965 2575
2965 1200
145 1883
145 1562
1936 1899
1216 710
1068 625
1068 569
29 2718
29 1697
553 632
1372 2518
1372 500
1142 192
2511 277
1579 1351
1579 1660
514 2155
918 2072
918 2057
1899 1413
1899 319
418 768
418 679
1728 1535
1728 1713
1091 1362
1091 261
1362 310
2582 1427
2582 1144
1158 1168
1168 741
1168 190
2075 2307
2307 1126
58 2971
2277 1537
437 1867
437 2111
437 681
1867 1861
2781 325
1366 1236
169 2626
5 2284
5 1866
545 960
545 1623
1798 1941
1798 592
1941 2614
651 2715
651 164
223 1846
421 679
1226 2891
1174 1513
567 738
738 556
2374 595
578 1419
2377 262
332 685
23 1461
1461 2580
1461 2039
1461 1956
470 1437
2614 2394
2614 563
625 1079
2680 2937
1232 2106
1232 2584
2111 723
2111 635
2875 2531
2875 2279
623 2029
623 1948
623 1740
2029 1394
2029 2481
885 434
885 2007
2282 2575
247 2268
247 2463
247 192
2268 2265
2268 321
2460 1745
2460 537
805 1756
2001 2856
2001 2893
2856 1756
1200 2553
1200 537
2777 2805
926 1010
926 130
926 2545
1010 635
502 1916
502 2973
502 542
1916 556
1182 1219
1219 1631
2516 327
2690 2309
2539 2882
2539 1759
2882 1853
1113 2663
1113 1878
1716 1861
1716 2493
1861 2644
1275 1439
1439 2616
2115 2805
1144 2153
2153 2212
2153 2583
2436 294
2436 376
883 1983
747 376
747 2737
747 1002
1060 415
1060 220
1060 1977
1877 1413
2784 1967
1973 2542
1973 2309
402 1121
434 1148
1703 1194
1703 2872
598 262
819 431
1039 1646
1039 2592
133 340
2964 2488
2964 2329
474 2932
474 1377
474 2557
474 2554
736 2575
736 2048
736 2865
538 1339
538 2332
538 1587
901 2342
2518 2811
2518 66
1800 2208
1800 137
1800 646
2208 2292
231 554
231 1315
231 952
554 2607
554 1220
844 1756
676 1159
1853 2819
1853 415
2819 1713
1571 2818
2818 2034
238 2339
238 1225
238 2128
2339 2921
2339 1593
2176 1551
1300 595
2618 375
340 1377
1427 2742
1131 2991
1131 1959
2991 786
1161 2039
1161 1840
1161 2448
2039 1289
1547 1555
1967 1993
1967 1395
988 804
151 2752
151 1265
2473 1452
2142 2508
2508 443
2866 731
413 2566
413 1894
998 1576
998 2034
2144 741
368 1126
368 1977
519 1329
1224 2279
1224 1862
677 2921
768 2554
2441 1350
2740 718
1178 1459
351 163
351 902
351 185
903 1162
903 2478
1162 2008
438 1527
438 2968
681 1966
681 449
1537 268
666 818
666 398
1819 2651
2651 1862
1587 2698
1587 1785
78 1755
480 1953
436 1414
436 215
436 2553
1414 1660
2553 1318
1486 2197
2525 2993
2525 904
2993 1285
1308 884
1308 2372
294 2542
294 785
35 611
611 290
1212 2291
1408 954
1961 763
1065 2868
1065 2660
2868 1764
2720 213
2720 2533
2656 449
718 954
1980 2233
1125 1741
2782 268
2782 2151
186 104
386 2911
386 1198
386 1719
386 959
1706 569
636 1323
1157 2627
1157 2599
1157 277
1157 2167
2627 2448
2707 188
211 1289
1743 1708
2201 213
692 785
1878 207
1160 2106
845 1814
1606 2937
1606 2483
2937 2135
403 181
1399 2746
318 1862
318 2764
591 2317
2471 261
1719 1265
1719 1807
2195 2728
2761 891
2761 2292
163 87
2480 166
2480 2562
1894 902
1894 2435
2350 500
916 746
135 1230
185 2623
2302 2859
1198 2457
1555 2609
391 1307
391 840
1369 96
1369 847
1276 1959
1276 2859
1276 621
1159 2004
1159 2061
2004 1811
1786 1713
1840 2008
1840 1194
2485 659
207 2119
207 1704
2850 2891
2850 1752
2891 317
195 765
363 2566
2533 1089
2007 2751
2007 2737
630 818
1708 595
1725 2599
1725 2598
1725 1223
2767 1577
291 1409
291 1717
555 712
1639 2924
1639 2580
2924 703
310 66
2988 2764
1736 1602
1736 2286
110 1724
110 2805
220 1378
2951 2721
1739 46
1739 2035
2478 913
750 573
1772 1378
1772 2531
1420 1707
1707 1416
213 1359
1945 309
1258 1593
1258 1332
1623 972
1623 2728
2279 2943
2197 1448
1462 840
1435 1602
1435 1811
188 2944
1194 1740
2791 913
2692 1213
1659 2212
2106 2301
2106 387
1285 952
2287 1872
2408 1098
2607 1309
1883 46
745 1332
1041 1358
1041 2774
2420 673
1870 1056
1870 2943
2696 542
1409 2661
215 1471
215 730
1471 2608
899 2760
277 1083
277 80
2670 2893
2606 646
2737 2003
1374 1942
972 1329
1329 2245
297 2138
297 686
1187 1307
2703 1484
2703 2151
2703 703
2648 2309
895 2886
2385 1292
1451 2291
2608 1717
884 906
884 204
906 276
1472 876
1758 2053
2053 2986
1845 1459
786 1551
786 2244
469 2973
469 673
469 1137
406 2667
406 1398
765 2522
556 1643
1470 1887
1946 2522
1946 1457
387 2342
2342 2998
1457 2728
337 1415
1448 2572
2768 2248
1533 192
1533 1307
0 679
0 615
2082 915
673 2244
1774 1759
913 1291
913 902
1098 272
2430 2986
355 1416
1309 1745
1745 1717
2741 2265
2693 262
2122 1452
2122 80
2122 1155
2286 1180
2248 309
2057 1764
1318 459
2165 1552
2165 1577
1163 319
435 2301
1463 1891
1463 659
181 459
181 1213
635 1152
2470 1484
1173 2164
1359 48
2338 2123
1416 1447
904 2793
741 1977
595 621
1704 1674
763 1785
30 620
1071 2435
1263 2492
1263 2658
2492 2658
2572 697
2495 1602
2495 587
2858 2166
1724 1917
1419 697
601 1811
1220 379
1220 2245
459 303
915 2746
2557 1083
1304 2562
2044 532
2774 317
1053 1576
321 375
2834 1459
1332 2135
1664 262
146 1051
1785 878
87 2317
2658 1759
299 2872
299 1081
2166 1292
104 878
2138 379
2653 1545
2872 113
1891 1545
1643 1983
431 2123
2960 1237
1155 2644
1137 1887
2623 2846
1697 2244
1697 1237
1476 720
2793 2164
166 1378
1378 2545
2583 1912
1292 1545
