2019-07-01 23:35:53.465710
输出每次结果看看
[3.75]
2019-07-01 23:42:41.091025
输出每次结果看看
[3.75, 3.0]
2019-07-01 23:54:37.159981
输出每次结果看看
[3.75, 3.0, 4.25]
2019-07-02 00:39:45.974917
输出每次结果看看
[3.75, 3.0, 4.25, 3.75]
2019-07-02 01:03:47.755382
输出每次结果看看
[3.75, 3.0, 4.25, 3.75, 3.5]
2019-07-02 01:24:22.884027
输出每次结果看看
[3.75, 3.0, 4.25, 3.75, 3.5, 4.5]
2019-07-02 01:33:08.650099
输出每次结果看看
[3.75, 3.0, 4.25, 3.75, 3.5, 4.5, 4.0]
2019-07-02 02:02:22.249399
输出每次结果看看
[3.75, 3.0, 4.25, 3.75, 3.5, 4.5, 4.0, 3.75]
2019-07-02 02:08:49.892571
输出每次结果看看
[3.75, 3.0, 4.25, 3.75, 3.5, 4.5, 4.0, 3.75, 3.25]
2019-07-02 02:23:12.775925
输出每次结果看看
[3.75, 3.0, 4.25, 3.75, 3.5, 4.5, 4.0, 3.75, 3.25, 4.0]
2019-07-02 23:45:08.240682
输出每次结果看看
[3.3333333333333335]
2019-07-03 00:32:46.436161
输出每次结果看看
[3.3333333333333335, 3.0]
2019-07-03 03:55:00.836209
输出每次结果看看
[3.3333333333333335, 3.0, 3.3333333333333335]
2019-07-03 05:03:26.715052
输出每次结果看看
[3.3333333333333335, 3.0, 3.3333333333333335, 4.0]
2019-07-03 05:08:02.134805
输出每次结果看看
[3.3333333333333335, 3.0, 3.3333333333333335, 4.0, 4.0]
2019-07-03 06:25:14.289749
输出每次结果看看
[3.3333333333333335, 3.0, 3.3333333333333335, 4.0, 4.0, 3.6666666666666665]
2019-07-03 06:25:23.330266
输出每次结果看看
[3.3333333333333335, 3.0, 3.3333333333333335, 4.0, 4.0, 3.6666666666666665, 3.6666666666666665]
2019-07-03 07:51:48.836860
输出每次结果看看
[3.3333333333333335, 3.0, 3.3333333333333335, 4.0, 4.0, 3.6666666666666665, 3.6666666666666665, 3.0]
2019-07-03 08:06:11.225186
输出每次结果看看
[3.3333333333333335, 3.0, 3.3333333333333335, 4.0, 4.0, 3.6666666666666665, 3.6666666666666665, 3.0, 3.6666666666666665]
2019-07-03 08:48:18.266724
输出每次结果看看
[3.3333333333333335, 3.0, 3.3333333333333335, 4.0, 4.0, 3.6666666666666665, 3.6666666666666665, 3.0, 3.6666666666666665, 4.333333333333333]
2019-07-03 21:16:43.926047
输出每次结果看看
[4.0]
2019-07-03 21:16:53.285583
输出每次结果看看
[4.0, 3.5]
2019-07-03 21:31:35.941068
输出每次结果看看
[4.0, 3.5, 4.0]
2019-07-03 21:34:55.551485
输出每次结果看看
[4.0, 3.5, 4.0, 5.0]
2019-07-03 22:18:02.743464
输出每次结果看看
[4.0, 3.5, 4.0, 5.0, 2.5]
2019-07-03 22:25:44.139854
输出每次结果看看
[4.0, 3.5, 4.0, 5.0, 2.5, 4.0]
2019-07-03 22:28:17.656635
输出每次结果看看
[4.0, 3.5, 4.0, 5.0, 2.5, 4.0, 3.5]
2019-07-03 22:39:47.891114
输出每次结果看看
[4.0, 3.5, 4.0, 5.0, 2.5, 4.0, 3.5, 4.0]
2019-07-03 22:57:27.145700
输出每次结果看看
[4.0, 3.5, 4.0, 5.0, 2.5, 4.0, 3.5, 4.0, 3.0]
2019-07-03 22:59:51.269943
输出每次结果看看
[4.0, 3.5, 4.0, 5.0, 2.5, 4.0, 3.5, 4.0, 3.0, 2.5]
2019-07-04 08:37:09.765803
输出每次结果看看
[1.0]
2019-07-04 08:45:36.660796
输出每次结果看看
[1.0, 4.0]
2019-07-04 09:19:26.343887
输出每次结果看看
[2.0]
2019-07-04 09:57:12.815522
输出每次结果看看
[2.0, 2.0]
2019-07-04 09:57:48.429559
输出每次结果看看
[2.0, 2.0, 1.0]
2019-07-04 09:58:24.687633
输出每次结果看看
[2.0, 2.0, 1.0, 2.0]
2019-07-06 16:49:32.403533
输出每次结果看看
[3.0]
2019-07-06 17:03:04.194965
输出每次结果看看
[3.0, 2.0]
2019-07-06 17:04:22.356435
输出每次结果看看
[3.0, 2.0, 2.0]
2019-07-06 17:08:38.520087
输出每次结果看看
[3.0, 2.0, 2.0, 2.0]
2019-07-06 17:09:17.976344
输出每次结果看看
[3.0, 2.0, 2.0, 2.0, 1.5]
2019-07-06 17:18:25.486659
输出每次结果看看
[3.0, 2.0, 2.0, 2.0, 1.5, 2.0]
2019-07-06 17:19:58.465978
输出每次结果看看
[3.0, 2.0, 2.0, 2.0, 1.5, 2.0, 2.0]
2019-07-06 17:20:27.788655
输出每次结果看看
[3.0, 2.0, 2.0, 2.0, 1.5, 2.0, 2.0, 1.5]
2019-07-06 17:28:41.426889
输出每次结果看看
[3.0, 2.0, 2.0, 2.0, 1.5, 2.0, 2.0, 1.5, 2.0]
2019-07-06 17:58:08.833979
输出每次结果看看
[3.0, 2.0, 2.0, 2.0, 1.5, 2.0, 2.0, 1.5, 2.0, 2.5]
2019-07-06 18:10:00.488683
输出每次结果看看
[3.0, 2.0, 2.0, 2.0, 1.5, 2.0, 2.0, 1.5, 2.0, 2.5, 2.5]
2019-07-06 18:16:46.892928
输出每次结果看看
[3.0, 2.0, 2.0, 2.0, 1.5, 2.0, 2.0, 1.5, 2.0, 2.5, 2.5, 1.5]
2019-07-06 18:17:27.485250
输出每次结果看看
[3.0, 2.0, 2.0, 2.0, 1.5, 2.0, 2.0, 1.5, 2.0, 2.5, 2.5, 1.5, 2.0]
2019-07-06 18:33:19.643711
输出每次结果看看
[3.0, 2.0, 2.0, 2.0, 1.5, 2.0, 2.0, 1.5, 2.0, 2.5, 2.5, 1.5, 2.0, 1.5]
2019-07-06 19:32:50.868973
输出每次结果看看
[3.0, 2.0, 2.0, 2.0, 1.5, 2.0, 2.0, 1.5, 2.0, 2.5, 2.5, 1.5, 2.0, 1.5, 2.0]
2019-07-06 19:42:38.224568
输出每次结果看看
[3.0, 2.0, 2.0, 2.0, 1.5, 2.0, 2.0, 1.5, 2.0, 2.5, 2.5, 1.5, 2.0, 1.5, 2.0, 2.0]
2019-07-06 19:58:54.635415
输出每次结果看看
[3.0, 2.0, 2.0, 2.0, 1.5, 2.0, 2.0, 1.5, 2.0, 2.5, 2.5, 1.5, 2.0, 1.5, 2.0, 2.0, 2.0]
2019-07-06 20:56:46.353986
输出每次结果看看
[3.0, 2.0, 2.0, 2.0, 1.5, 2.0, 2.0, 1.5, 2.0, 2.5, 2.5, 1.5, 2.0, 1.5, 2.0, 2.0, 2.0, 1.0]
2019-07-06 21:13:05.335981
输出每次结果看看
[3.0, 2.0, 2.0, 2.0, 1.5, 2.0, 2.0, 1.5, 2.0, 2.5, 2.5, 1.5, 2.0, 1.5, 2.0, 2.0, 2.0, 1.0, 2.5]
2019-07-06 21:26:09.744846
输出每次结果看看
[3.0, 2.0, 2.0, 2.0, 1.5, 2.0, 2.0, 1.5, 2.0, 2.5, 2.5, 1.5, 2.0, 1.5, 2.0, 2.0, 2.0, 1.0, 2.5, 1.5]
2019-07-06 21:26:39.658557
输出每次结果看看
[3.0, 2.0, 2.0, 2.0, 1.5, 2.0, 2.0, 1.5, 2.0, 2.5, 2.5, 1.5, 2.0, 1.5, 2.0, 2.0, 2.0, 1.0, 2.5, 1.5, 1.5]
2019-07-06 21:26:48.623070
输出每次结果看看
[3.0, 2.0, 2.0, 2.0, 1.5, 2.0, 2.0, 1.5, 2.0, 2.5, 2.5, 1.5, 2.0, 1.5, 2.0, 2.0, 2.0, 1.0, 2.5, 1.5, 1.5, 1.0]
2019-07-06 21:39:25.151341
输出每次结果看看
[3.0, 2.0, 2.0, 2.0, 1.5, 2.0, 2.0, 1.5, 2.0, 2.5, 2.5, 1.5, 2.0, 1.5, 2.0, 2.0, 2.0, 1.0, 2.5, 1.5, 1.5, 1.0, 2.0]
2019-07-06 21:54:34.153333
输出每次结果看看
[3.0, 2.0, 2.0, 2.0, 1.5, 2.0, 2.0, 1.5, 2.0, 2.5, 2.5, 1.5, 2.0, 1.5, 2.0, 2.0, 2.0, 1.0, 2.5, 1.5, 1.5, 1.0, 2.0, 1.0]
2019-07-06 22:50:39.347811
输出每次结果看看
[3.0, 2.0, 2.0, 2.0, 1.5, 2.0, 2.0, 1.5, 2.0, 2.5, 2.5, 1.5, 2.0, 1.5, 2.0, 2.0, 2.0, 1.0, 2.5, 1.5, 1.5, 1.0, 2.0, 1.0, 1.5]
2019-07-06 22:52:14.308243
输出每次结果看看
[3.0, 2.0, 2.0, 2.0, 1.5, 2.0, 2.0, 1.5, 2.0, 2.5, 2.5, 1.5, 2.0, 1.5, 2.0, 2.0, 2.0, 1.0, 2.5, 1.5, 1.5, 1.0, 2.0, 1.0, 1.5, 1.5]
2019-07-06 23:01:42.765756
输出每次结果看看
[3.0, 2.0, 2.0, 2.0, 1.5, 2.0, 2.0, 1.5, 2.0, 2.5, 2.5, 1.5, 2.0, 1.5, 2.0, 2.0, 2.0, 1.0, 2.5, 1.5, 1.5, 1.0, 2.0, 1.0, 1.5, 1.5, 2.5]
2019-07-06 23:47:17.677184
输出每次结果看看
[3.0, 2.0, 2.0, 2.0, 1.5, 2.0, 2.0, 1.5, 2.0, 2.5, 2.5, 1.5, 2.0, 1.5, 2.0, 2.0, 2.0, 1.0, 2.5, 1.5, 1.5, 1.0, 2.0, 1.0, 1.5, 1.5, 2.5, 1.0]
2019-07-06 23:59:50.294232
输出每次结果看看
[3.0, 2.0, 2.0, 2.0, 1.5, 2.0, 2.0, 1.5, 2.0, 2.5, 2.5, 1.5, 2.0, 1.5, 2.0, 2.0, 2.0, 1.0, 2.5, 1.5, 1.5, 1.0, 2.0, 1.0, 1.5, 1.5, 2.5, 1.0, 2.5]
2019-07-07 00:00:06.524160
输出每次结果看看
[3.0, 2.0, 2.0, 2.0, 1.5, 2.0, 2.0, 1.5, 2.0, 2.5, 2.5, 1.5, 2.0, 1.5, 2.0, 2.0, 2.0, 1.0, 2.5, 1.5, 1.5, 1.0, 2.0, 1.0, 1.5, 1.5, 2.5, 1.0, 2.5, 1.5]
2019-07-07 00:18:56.320781
输出每次结果看看
[3.0, 2.0, 2.0, 2.0, 1.5, 2.0, 2.0, 1.5, 2.0, 2.5, 2.5, 1.5, 2.0, 1.5, 2.0, 2.0, 2.0, 1.0, 2.5, 1.5, 1.5, 1.0, 2.0, 1.0, 1.5, 1.5, 2.5, 1.0, 2.5, 1.5, 2.5]
2019-07-07 00:46:10.519251
输出每次结果看看
[3.0, 2.0, 2.0, 2.0, 1.5, 2.0, 2.0, 1.5, 2.0, 2.5, 2.5, 1.5, 2.0, 1.5, 2.0, 2.0, 2.0, 1.0, 2.5, 1.5, 1.5, 1.0, 2.0, 1.0, 1.5, 1.5, 2.5, 1.0, 2.5, 1.5, 2.5, 2.0]
2019-07-07 00:53:22.024932
输出每次结果看看
[3.0, 2.0, 2.0, 2.0, 1.5, 2.0, 2.0, 1.5, 2.0, 2.5, 2.5, 1.5, 2.0, 1.5, 2.0, 2.0, 2.0, 1.0, 2.5, 1.5, 1.5, 1.0, 2.0, 1.0, 1.5, 1.5, 2.5, 1.0, 2.5, 1.5, 2.5, 2.0, 1.5]
2019-07-07 00:57:42.483830
输出每次结果看看
[3.0, 2.0, 2.0, 2.0, 1.5, 2.0, 2.0, 1.5, 2.0, 2.5, 2.5, 1.5, 2.0, 1.5, 2.0, 2.0, 2.0, 1.0, 2.5, 1.5, 1.5, 1.0, 2.0, 1.0, 1.5, 1.5, 2.5, 1.0, 2.5, 1.5, 2.5, 2.0, 1.5, 1.5]
2019-07-07 01:24:19.387167
输出每次结果看看
[3.0, 2.0, 2.0, 2.0, 1.5, 2.0, 2.0, 1.5, 2.0, 2.5, 2.5, 1.5, 2.0, 1.5, 2.0, 2.0, 2.0, 1.0, 2.5, 1.5, 1.5, 1.0, 2.0, 1.0, 1.5, 1.5, 2.5, 1.0, 2.5, 1.5, 2.5, 2.0, 1.5, 1.5, 1.5]
2019-07-07 02:34:33.564204
输出每次结果看看
[3.0, 2.0, 2.0, 2.0, 1.5, 2.0, 2.0, 1.5, 2.0, 2.5, 2.5, 1.5, 2.0, 1.5, 2.0, 2.0, 2.0, 1.0, 2.5, 1.5, 1.5, 1.0, 2.0, 1.0, 1.5, 1.5, 2.5, 1.0, 2.5, 1.5, 2.5, 2.0, 1.5, 1.5, 1.5, 1.5]
2019-07-07 02:34:47.514002
输出每次结果看看
[3.0, 2.0, 2.0, 2.0, 1.5, 2.0, 2.0, 1.5, 2.0, 2.5, 2.5, 1.5, 2.0, 1.5, 2.0, 2.0, 2.0, 1.0, 2.5, 1.5, 1.5, 1.0, 2.0, 1.0, 1.5, 1.5, 2.5, 1.0, 2.5, 1.5, 2.5, 2.0, 1.5, 1.5, 1.5, 1.5, 1.5]
2019-07-07 02:42:21.286957
输出每次结果看看
[3.0, 2.0, 2.0, 2.0, 1.5, 2.0, 2.0, 1.5, 2.0, 2.5, 2.5, 1.5, 2.0, 1.5, 2.0, 2.0, 2.0, 1.0, 2.5, 1.5, 1.5, 1.0, 2.0, 1.0, 1.5, 1.5, 2.5, 1.0, 2.5, 1.5, 2.5, 2.0, 1.5, 1.5, 1.5, 1.5, 1.5, 1.5]
2019-07-07 02:42:36.314816
输出每次结果看看
[3.0, 2.0, 2.0, 2.0, 1.5, 2.0, 2.0, 1.5, 2.0, 2.5, 2.5, 1.5, 2.0, 1.5, 2.0, 2.0, 2.0, 1.0, 2.5, 1.5, 1.5, 1.0, 2.0, 1.0, 1.5, 1.5, 2.5, 1.0, 2.5, 1.5, 2.5, 2.0, 1.5, 1.5, 1.5, 1.5, 1.5, 1.5, 2.0]
2019-07-07 02:46:43.948980
输出每次结果看看
[3.0, 2.0, 2.0, 2.0, 1.5, 2.0, 2.0, 1.5, 2.0, 2.5, 2.5, 1.5, 2.0, 1.5, 2.0, 2.0, 2.0, 1.0, 2.5, 1.5, 1.5, 1.0, 2.0, 1.0, 1.5, 1.5, 2.5, 1.0, 2.5, 1.5, 2.5, 2.0, 1.5, 1.5, 1.5, 1.5, 1.5, 1.5, 2.0, 1.5]
2019-07-07 03:09:19.429509
输出每次结果看看
[3.0, 2.0, 2.0, 2.0, 1.5, 2.0, 2.0, 1.5, 2.0, 2.5, 2.5, 1.5, 2.0, 1.5, 2.0, 2.0, 2.0, 1.0, 2.5, 1.5, 1.5, 1.0, 2.0, 1.0, 1.5, 1.5, 2.5, 1.0, 2.5, 1.5, 2.5, 2.0, 1.5, 1.5, 1.5, 1.5, 1.5, 1.5, 2.0, 1.5, 2.0]
2019-07-07 03:09:49.391223
输出每次结果看看
[3.0, 2.0, 2.0, 2.0, 1.5, 2.0, 2.0, 1.5, 2.0, 2.5, 2.5, 1.5, 2.0, 1.5, 2.0, 2.0, 2.0, 1.0, 2.5, 1.5, 1.5, 1.0, 2.0, 1.0, 1.5, 1.5, 2.5, 1.0, 2.5, 1.5, 2.5, 2.0, 1.5, 1.5, 1.5, 1.5, 1.5, 1.5, 2.0, 1.5, 2.0, 1.5]
2019-07-07 04:13:44.105556
输出每次结果看看
[3.0, 2.0, 2.0, 2.0, 1.5, 2.0, 2.0, 1.5, 2.0, 2.5, 2.5, 1.5, 2.0, 1.5, 2.0, 2.0, 2.0, 1.0, 2.5, 1.5, 1.5, 1.0, 2.0, 1.0, 1.5, 1.5, 2.5, 1.0, 2.5, 1.5, 2.5, 2.0, 1.5, 1.5, 1.5, 1.5, 1.5, 1.5, 2.0, 1.5, 2.0, 1.5, 2.0]
2019-07-07 05:10:57.417930
输出每次结果看看
[3.0, 2.0, 2.0, 2.0, 1.5, 2.0, 2.0, 1.5, 2.0, 2.5, 2.5, 1.5, 2.0, 1.5, 2.0, 2.0, 2.0, 1.0, 2.5, 1.5, 1.5, 1.0, 2.0, 1.0, 1.5, 1.5, 2.5, 1.0, 2.5, 1.5, 2.5, 2.0, 1.5, 1.5, 1.5, 1.5, 1.5, 1.5, 2.0, 1.5, 2.0, 1.5, 2.0, 2.0]
2019-07-07 05:48:45.784673
输出每次结果看看
[3.0, 2.0, 2.0, 2.0, 1.5, 2.0, 2.0, 1.5, 2.0, 2.5, 2.5, 1.5, 2.0, 1.5, 2.0, 2.0, 2.0, 1.0, 2.5, 1.5, 1.5, 1.0, 2.0, 1.0, 1.5, 1.5, 2.5, 1.0, 2.5, 1.5, 2.5, 2.0, 1.5, 1.5, 1.5, 1.5, 1.5, 1.5, 2.0, 1.5, 2.0, 1.5, 2.0, 2.0, 1.5]
2019-07-07 05:49:54.660613
输出每次结果看看
[3.0, 2.0, 2.0, 2.0, 1.5, 2.0, 2.0, 1.5, 2.0, 2.5, 2.5, 1.5, 2.0, 1.5, 2.0, 2.0, 2.0, 1.0, 2.5, 1.5, 1.5, 1.0, 2.0, 1.0, 1.5, 1.5, 2.5, 1.0, 2.5, 1.5, 2.5, 2.0, 1.5, 1.5, 1.5, 1.5, 1.5, 1.5, 2.0, 1.5, 2.0, 1.5, 2.0, 2.0, 1.5, 1.5]
2019-07-07 05:51:33.411261
输出每次结果看看
[3.0, 2.0, 2.0, 2.0, 1.5, 2.0, 2.0, 1.5, 2.0, 2.5, 2.5, 1.5, 2.0, 1.5, 2.0, 2.0, 2.0, 1.0, 2.5, 1.5, 1.5, 1.0, 2.0, 1.0, 1.5, 1.5, 2.5, 1.0, 2.5, 1.5, 2.5, 2.0, 1.5, 1.5, 1.5, 1.5, 1.5, 1.5, 2.0, 1.5, 2.0, 1.5, 2.0, 2.0, 1.5, 1.5, 1.5]
2019-07-07 06:13:00.869899
输出每次结果看看
[3.0, 2.0, 2.0, 2.0, 1.5, 2.0, 2.0, 1.5, 2.0, 2.5, 2.5, 1.5, 2.0, 1.5, 2.0, 2.0, 2.0, 1.0, 2.5, 1.5, 1.5, 1.0, 2.0, 1.0, 1.5, 1.5, 2.5, 1.0, 2.5, 1.5, 2.5, 2.0, 1.5, 1.5, 1.5, 1.5, 1.5, 1.5, 2.0, 1.5, 2.0, 1.5, 2.0, 2.0, 1.5, 1.5, 1.5, 1.0]
2019-07-07 06:15:29.449398
输出每次结果看看
[3.0, 2.0, 2.0, 2.0, 1.5, 2.0, 2.0, 1.5, 2.0, 2.5, 2.5, 1.5, 2.0, 1.5, 2.0, 2.0, 2.0, 1.0, 2.5, 1.5, 1.5, 1.0, 2.0, 1.0, 1.5, 1.5, 2.5, 1.0, 2.5, 1.5, 2.5, 2.0, 1.5, 1.5, 1.5, 1.5, 1.5, 1.5, 2.0, 1.5, 2.0, 1.5, 2.0, 2.0, 1.5, 1.5, 1.5, 1.0, 1.5]
2019-07-07 06:20:01.554961
输出每次结果看看
[3.0, 2.0, 2.0, 2.0, 1.5, 2.0, 2.0, 1.5, 2.0, 2.5, 2.5, 1.5, 2.0, 1.5, 2.0, 2.0, 2.0, 1.0, 2.5, 1.5, 1.5, 1.0, 2.0, 1.0, 1.5, 1.5, 2.5, 1.0, 2.5, 1.5, 2.5, 2.0, 1.5, 1.5, 1.5, 1.5, 1.5, 1.5, 2.0, 1.5, 2.0, 1.5, 2.0, 2.0, 1.5, 1.5, 1.5, 1.0, 1.5, 2.0]
2019-07-07 06:20:03.445069
输出每次结果看看
[3.0, 2.0, 2.0, 2.0, 1.5, 2.0, 2.0, 1.5, 2.0, 2.5, 2.5, 1.5, 2.0, 1.5, 2.0, 2.0, 2.0, 1.0, 2.5, 1.5, 1.5, 1.0, 2.0, 1.0, 1.5, 1.5, 2.5, 1.0, 2.5, 1.5, 2.5, 2.0, 1.5, 1.5, 1.5, 1.5, 1.5, 1.5, 2.0, 1.5, 2.0, 1.5, 2.0, 2.0, 1.5, 1.5, 1.5, 1.0, 1.5, 2.0, 1.5]
2019-07-07 06:20:29.664569
输出每次结果看看
[3.0, 2.0, 2.0, 2.0, 1.5, 2.0, 2.0, 1.5, 2.0, 2.5, 2.5, 1.5, 2.0, 1.5, 2.0, 2.0, 2.0, 1.0, 2.5, 1.5, 1.5, 1.0, 2.0, 1.0, 1.5, 1.5, 2.5, 1.0, 2.5, 1.5, 2.5, 2.0, 1.5, 1.5, 1.5, 1.5, 1.5, 1.5, 2.0, 1.5, 2.0, 1.5, 2.0, 2.0, 1.5, 1.5, 1.5, 1.0, 1.5, 2.0, 1.5, 2.0]
2019-07-07 06:24:14.561432
输出每次结果看看
[3.0, 2.0, 2.0, 2.0, 1.5, 2.0, 2.0, 1.5, 2.0, 2.5, 2.5, 1.5, 2.0, 1.5, 2.0, 2.0, 2.0, 1.0, 2.5, 1.5, 1.5, 1.0, 2.0, 1.0, 1.5, 1.5, 2.5, 1.0, 2.5, 1.5, 2.5, 2.0, 1.5, 1.5, 1.5, 1.5, 1.5, 1.5, 2.0, 1.5, 2.0, 1.5, 2.0, 2.0, 1.5, 1.5, 1.5, 1.0, 1.5, 2.0, 1.5, 2.0, 1.5]
2019-07-07 07:14:36.893300
输出每次结果看看
[3.0, 2.0, 2.0, 2.0, 1.5, 2.0, 2.0, 1.5, 2.0, 2.5, 2.5, 1.5, 2.0, 1.5, 2.0, 2.0, 2.0, 1.0, 2.5, 1.5, 1.5, 1.0, 2.0, 1.0, 1.5, 1.5, 2.5, 1.0, 2.5, 1.5, 2.5, 2.0, 1.5, 1.5, 1.5, 1.5, 1.5, 1.5, 2.0, 1.5, 2.0, 1.5, 2.0, 2.0, 1.5, 1.5, 1.5, 1.0, 1.5, 2.0, 1.5, 2.0, 1.5, 3.0]
2019-07-07 07:14:51.950161
输出每次结果看看
[3.0, 2.0, 2.0, 2.0, 1.5, 2.0, 2.0, 1.5, 2.0, 2.5, 2.5, 1.5, 2.0, 1.5, 2.0, 2.0, 2.0, 1.0, 2.5, 1.5, 1.5, 1.0, 2.0, 1.0, 1.5, 1.5, 2.5, 1.0, 2.5, 1.5, 2.5, 2.0, 1.5, 1.5, 1.5, 1.5, 1.5, 1.5, 2.0, 1.5, 2.0, 1.5, 2.0, 2.0, 1.5, 1.5, 1.5, 1.0, 1.5, 2.0, 1.5, 2.0, 1.5, 3.0, 1.5]
2019-07-07 07:14:52.862213
输出每次结果看看
[3.0, 2.0, 2.0, 2.0, 1.5, 2.0, 2.0, 1.5, 2.0, 2.5, 2.5, 1.5, 2.0, 1.5, 2.0, 2.0, 2.0, 1.0, 2.5, 1.5, 1.5, 1.0, 2.0, 1.0, 1.5, 1.5, 2.5, 1.0, 2.5, 1.5, 2.5, 2.0, 1.5, 1.5, 1.5, 1.5, 1.5, 1.5, 2.0, 1.5, 2.0, 1.5, 2.0, 2.0, 1.5, 1.5, 1.5, 1.0, 1.5, 2.0, 1.5, 2.0, 1.5, 3.0, 1.5, 1.5]
2019-07-07 07:14:56.138401
输出每次结果看看
[3.0, 2.0, 2.0, 2.0, 1.5, 2.0, 2.0, 1.5, 2.0, 2.5, 2.5, 1.5, 2.0, 1.5, 2.0, 2.0, 2.0, 1.0, 2.5, 1.5, 1.5, 1.0, 2.0, 1.0, 1.5, 1.5, 2.5, 1.0, 2.5, 1.5, 2.5, 2.0, 1.5, 1.5, 1.5, 1.5, 1.5, 1.5, 2.0, 1.5, 2.0, 1.5, 2.0, 2.0, 1.5, 1.5, 1.5, 1.0, 1.5, 2.0, 1.5, 2.0, 1.5, 3.0, 1.5, 1.5, 1.5]
2019-07-07 07:23:33.373985
输出每次结果看看
[3.0, 2.0, 2.0, 2.0, 1.5, 2.0, 2.0, 1.5, 2.0, 2.5, 2.5, 1.5, 2.0, 1.5, 2.0, 2.0, 2.0, 1.0, 2.5, 1.5, 1.5, 1.0, 2.0, 1.0, 1.5, 1.5, 2.5, 1.0, 2.5, 1.5, 2.5, 2.0, 1.5, 1.5, 1.5, 1.5, 1.5, 1.5, 2.0, 1.5, 2.0, 1.5, 2.0, 2.0, 1.5, 1.5, 1.5, 1.0, 1.5, 2.0, 1.5, 2.0, 1.5, 3.0, 1.5, 1.5, 1.5, 2.0]
2019-07-07 07:23:46.037709
输出每次结果看看
[3.0, 2.0, 2.0, 2.0, 1.5, 2.0, 2.0, 1.5, 2.0, 2.5, 2.5, 1.5, 2.0, 1.5, 2.0, 2.0, 2.0, 1.0, 2.5, 1.5, 1.5, 1.0, 2.0, 1.0, 1.5, 1.5, 2.5, 1.0, 2.5, 1.5, 2.5, 2.0, 1.5, 1.5, 1.5, 1.5, 1.5, 1.5, 2.0, 1.5, 2.0, 1.5, 2.0, 2.0, 1.5, 1.5, 1.5, 1.0, 1.5, 2.0, 1.5, 2.0, 1.5, 3.0, 1.5, 1.5, 1.5, 2.0, 1.5]
2019-07-07 07:25:31.101718
输出每次结果看看
[3.0, 2.0, 2.0, 2.0, 1.5, 2.0, 2.0, 1.5, 2.0, 2.5, 2.5, 1.5, 2.0, 1.5, 2.0, 2.0, 2.0, 1.0, 2.5, 1.5, 1.5, 1.0, 2.0, 1.0, 1.5, 1.5, 2.5, 1.0, 2.5, 1.5, 2.5, 2.0, 1.5, 1.5, 1.5, 1.5, 1.5, 1.5, 2.0, 1.5, 2.0, 1.5, 2.0, 2.0, 1.5, 1.5, 1.5, 1.0, 1.5, 2.0, 1.5, 2.0, 1.5, 3.0, 1.5, 1.5, 1.5, 2.0, 1.5, 2.5]
2019-07-07 07:35:52.917284
输出每次结果看看
[3.0, 2.0, 2.0, 2.0, 1.5, 2.0, 2.0, 1.5, 2.0, 2.5, 2.5, 1.5, 2.0, 1.5, 2.0, 2.0, 2.0, 1.0, 2.5, 1.5, 1.5, 1.0, 2.0, 1.0, 1.5, 1.5, 2.5, 1.0, 2.5, 1.5, 2.5, 2.0, 1.5, 1.5, 1.5, 1.5, 1.5, 1.5, 2.0, 1.5, 2.0, 1.5, 2.0, 2.0, 1.5, 1.5, 1.5, 1.0, 1.5, 2.0, 1.5, 2.0, 1.5, 3.0, 1.5, 1.5, 1.5, 2.0, 1.5, 2.5, 2.5]
2019-07-07 07:36:12.708416
输出每次结果看看
[3.0, 2.0, 2.0, 2.0, 1.5, 2.0, 2.0, 1.5, 2.0, 2.5, 2.5, 1.5, 2.0, 1.5, 2.0, 2.0, 2.0, 1.0, 2.5, 1.5, 1.5, 1.0, 2.0, 1.0, 1.5, 1.5, 2.5, 1.0, 2.5, 1.5, 2.5, 2.0, 1.5, 1.5, 1.5, 1.5, 1.5, 1.5, 2.0, 1.5, 2.0, 1.5, 2.0, 2.0, 1.5, 1.5, 1.5, 1.0, 1.5, 2.0, 1.5, 2.0, 1.5, 3.0, 1.5, 1.5, 1.5, 2.0, 1.5, 2.5, 2.5, 1.5]
2019-07-07 09:21:21.700270
输出每次结果看看
[3.0]
2019-07-07 09:23:44.501438
输出每次结果看看
[3.0, 2.0]
2019-07-07 09:29:44.800046
输出每次结果看看
[3.0, 2.0, 1.6666666666666667]
2019-07-07 09:38:07.885820
输出每次结果看看
[3.0, 2.0, 1.6666666666666667, 2.3333333333333335]
2019-07-07 09:41:37.167791
输出每次结果看看
[3.0, 2.0, 1.6666666666666667, 2.3333333333333335, 1.3333333333333333]
2019-07-07 10:06:16.036377
输出每次结果看看
[3.0, 2.0, 1.6666666666666667, 2.3333333333333335, 1.3333333333333333, 1.6666666666666667]
2019-07-07 10:31:54.285360
输出每次结果看看
[3.0, 2.0, 1.6666666666666667, 2.3333333333333335, 1.3333333333333333, 1.6666666666666667, 2.0]
2019-07-07 10:32:26.853223
输出每次结果看看
[3.0, 2.0, 1.6666666666666667, 2.3333333333333335, 1.3333333333333333, 1.6666666666666667, 2.0, 2.3333333333333335]
2019-07-07 10:44:32.804745
输出每次结果看看
[3.0, 2.0, 1.6666666666666667, 2.3333333333333335, 1.3333333333333333, 1.6666666666666667, 2.0, 2.3333333333333335, 1.6666666666666667]
2019-07-07 10:58:32.068748
输出每次结果看看
[3.0, 2.0, 1.6666666666666667, 2.3333333333333335, 1.3333333333333333, 1.6666666666666667, 2.0, 2.3333333333333335, 1.6666666666666667, 2.3333333333333335]
2019-07-07 11:06:01.062429
输出每次结果看看
[3.0, 2.0, 1.6666666666666667, 2.3333333333333335, 1.3333333333333333, 1.6666666666666667, 2.0, 2.3333333333333335, 1.6666666666666667, 2.3333333333333335, 2.6666666666666665]
2019-07-07 11:06:03.407563
输出每次结果看看
[3.0, 2.0, 1.6666666666666667, 2.3333333333333335, 1.3333333333333333, 1.6666666666666667, 2.0, 2.3333333333333335, 1.6666666666666667, 2.3333333333333335, 2.6666666666666665, 2.6666666666666665]
2019-07-07 11:06:12.370076
输出每次结果看看
[3.0, 2.0, 1.6666666666666667, 2.3333333333333335, 1.3333333333333333, 1.6666666666666667, 2.0, 2.3333333333333335, 1.6666666666666667, 2.3333333333333335, 2.6666666666666665, 2.6666666666666665, 1.6666666666666667]
2019-07-07 11:14:28.511453
输出每次结果看看
[3.0, 2.0, 1.6666666666666667, 2.3333333333333335, 1.3333333333333333, 1.6666666666666667, 2.0, 2.3333333333333335, 1.6666666666666667, 2.3333333333333335, 2.6666666666666665, 2.6666666666666665, 1.6666666666666667, 2.6666666666666665]
2019-07-07 12:35:44.830363
输出每次结果看看
[3.0, 2.0, 1.6666666666666667, 2.3333333333333335, 1.3333333333333333, 1.6666666666666667, 2.0, 2.3333333333333335, 1.6666666666666667, 2.3333333333333335, 2.6666666666666665, 2.6666666666666665, 1.6666666666666667, 2.6666666666666665, 1.6666666666666667]
2019-07-07 12:36:53.981318
输出每次结果看看
[3.0, 2.0, 1.6666666666666667, 2.3333333333333335, 1.3333333333333333, 1.6666666666666667, 2.0, 2.3333333333333335, 1.6666666666666667, 2.3333333333333335, 2.6666666666666665, 2.6666666666666665, 1.6666666666666667, 2.6666666666666665, 1.6666666666666667, 1.6666666666666667]
2019-07-07 13:25:01.532476
输出每次结果看看
[3.0, 2.0, 1.6666666666666667, 2.3333333333333335, 1.3333333333333333, 1.6666666666666667, 2.0, 2.3333333333333335, 1.6666666666666667, 2.3333333333333335, 2.6666666666666665, 2.6666666666666665, 1.6666666666666667, 2.6666666666666665, 1.6666666666666667, 1.6666666666666667, 3.0]
2019-07-07 14:02:34.025312
输出每次结果看看
[3.0, 2.0, 1.6666666666666667, 2.3333333333333335, 1.3333333333333333, 1.6666666666666667, 2.0, 2.3333333333333335, 1.6666666666666667, 2.3333333333333335, 2.6666666666666665, 2.6666666666666665, 1.6666666666666667, 2.6666666666666665, 1.6666666666666667, 1.6666666666666667, 3.0, 2.0]
2019-07-07 14:10:32.069654
输出每次结果看看
[3.0, 2.0, 1.6666666666666667, 2.3333333333333335, 1.3333333333333333, 1.6666666666666667, 2.0, 2.3333333333333335, 1.6666666666666667, 2.3333333333333335, 2.6666666666666665, 2.6666666666666665, 1.6666666666666667, 2.6666666666666665, 1.6666666666666667, 1.6666666666666667, 3.0, 2.0, 2.0]
2019-07-07 14:18:50.512164
输出每次结果看看
[3.0, 2.0, 1.6666666666666667, 2.3333333333333335, 1.3333333333333333, 1.6666666666666667, 2.0, 2.3333333333333335, 1.6666666666666667, 2.3333333333333335, 2.6666666666666665, 2.6666666666666665, 1.6666666666666667, 2.6666666666666665, 1.6666666666666667, 1.6666666666666667, 3.0, 2.0, 2.0, 2.3333333333333335]
2019-07-07 14:19:28.231321
输出每次结果看看
[3.0, 2.0, 1.6666666666666667, 2.3333333333333335, 1.3333333333333333, 1.6666666666666667, 2.0, 2.3333333333333335, 1.6666666666666667, 2.3333333333333335, 2.6666666666666665, 2.6666666666666665, 1.6666666666666667, 2.6666666666666665, 1.6666666666666667, 1.6666666666666667, 3.0, 2.0, 2.0, 2.3333333333333335, 2.0]
2019-07-07 14:28:18.265637
输出每次结果看看
[3.0, 2.0, 1.6666666666666667, 2.3333333333333335, 1.3333333333333333, 1.6666666666666667, 2.0, 2.3333333333333335, 1.6666666666666667, 2.3333333333333335, 2.6666666666666665, 2.6666666666666665, 1.6666666666666667, 2.6666666666666665, 1.6666666666666667, 1.6666666666666667, 3.0, 2.0, 2.0, 2.3333333333333335, 2.0, 2.0]
2019-07-07 16:08:18.944856
输出每次结果看看
[3.0, 2.0, 1.6666666666666667, 2.3333333333333335, 1.3333333333333333, 1.6666666666666667, 2.0, 2.3333333333333335, 1.6666666666666667, 2.3333333333333335, 2.6666666666666665, 2.6666666666666665, 1.6666666666666667, 2.6666666666666665, 1.6666666666666667, 1.6666666666666667, 3.0, 2.0, 2.0, 2.3333333333333335, 2.0, 2.0, 2.0]
2019-07-07 16:24:39.159921
输出每次结果看看
[3.0, 2.0, 1.6666666666666667, 2.3333333333333335, 1.3333333333333333, 1.6666666666666667, 2.0, 2.3333333333333335, 1.6666666666666667, 2.3333333333333335, 2.6666666666666665, 2.6666666666666665, 1.6666666666666667, 2.6666666666666665, 1.6666666666666667, 1.6666666666666667, 3.0, 2.0, 2.0, 2.3333333333333335, 2.0, 2.0, 2.0, 2.6666666666666665]
2019-07-07 16:35:33.752362
输出每次结果看看
[3.0, 2.0, 1.6666666666666667, 2.3333333333333335, 1.3333333333333333, 1.6666666666666667, 2.0, 2.3333333333333335, 1.6666666666666667, 2.3333333333333335, 2.6666666666666665, 2.6666666666666665, 1.6666666666666667, 2.6666666666666665, 1.6666666666666667, 1.6666666666666667, 3.0, 2.0, 2.0, 2.3333333333333335, 2.0, 2.0, 2.0, 2.6666666666666665, 2.0]
2019-07-07 16:35:34.216389
输出每次结果看看
[3.0, 2.0, 1.6666666666666667, 2.3333333333333335, 1.3333333333333333, 1.6666666666666667, 2.0, 2.3333333333333335, 1.6666666666666667, 2.3333333333333335, 2.6666666666666665, 2.6666666666666665, 1.6666666666666667, 2.6666666666666665, 1.6666666666666667, 1.6666666666666667, 3.0, 2.0, 2.0, 2.3333333333333335, 2.0, 2.0, 2.0, 2.6666666666666665, 2.0, 1.3333333333333333]
2019-07-07 16:37:51.943266
输出每次结果看看
[3.0, 2.0, 1.6666666666666667, 2.3333333333333335, 1.3333333333333333, 1.6666666666666667, 2.0, 2.3333333333333335, 1.6666666666666667, 2.3333333333333335, 2.6666666666666665, 2.6666666666666665, 1.6666666666666667, 2.6666666666666665, 1.6666666666666667, 1.6666666666666667, 3.0, 2.0, 2.0, 2.3333333333333335, 2.0, 2.0, 2.0, 2.6666666666666665, 2.0, 1.3333333333333333, 2.0]
2019-07-07 16:48:15.507932
输出每次结果看看
[3.0, 2.0, 1.6666666666666667, 2.3333333333333335, 1.3333333333333333, 1.6666666666666667, 2.0, 2.3333333333333335, 1.6666666666666667, 2.3333333333333335, 2.6666666666666665, 2.6666666666666665, 1.6666666666666667, 2.6666666666666665, 1.6666666666666667, 1.6666666666666667, 3.0, 2.0, 2.0, 2.3333333333333335, 2.0, 2.0, 2.0, 2.6666666666666665, 2.0, 1.3333333333333333, 2.0, 2.6666666666666665]
2019-07-07 16:55:03.823286
输出每次结果看看
[3.0, 2.0, 1.6666666666666667, 2.3333333333333335, 1.3333333333333333, 1.6666666666666667, 2.0, 2.3333333333333335, 1.6666666666666667, 2.3333333333333335, 2.6666666666666665, 2.6666666666666665, 1.6666666666666667, 2.6666666666666665, 1.6666666666666667, 1.6666666666666667, 3.0, 2.0, 2.0, 2.3333333333333335, 2.0, 2.0, 2.0, 2.6666666666666665, 2.0, 1.3333333333333333, 2.0, 2.6666666666666665, 3.0]
2019-07-07 17:04:46.510614
输出每次结果看看
[3.0, 2.0, 1.6666666666666667, 2.3333333333333335, 1.3333333333333333, 1.6666666666666667, 2.0, 2.3333333333333335, 1.6666666666666667, 2.3333333333333335, 2.6666666666666665, 2.6666666666666665, 1.6666666666666667, 2.6666666666666665, 1.6666666666666667, 1.6666666666666667, 3.0, 2.0, 2.0, 2.3333333333333335, 2.0, 2.0, 2.0, 2.6666666666666665, 2.0, 1.3333333333333333, 2.0, 2.6666666666666665, 3.0, 2.0]
2019-07-07 17:47:27.127073
输出每次结果看看
[3.0, 2.0, 1.6666666666666667, 2.3333333333333335, 1.3333333333333333, 1.6666666666666667, 2.0, 2.3333333333333335, 1.6666666666666667, 2.3333333333333335, 2.6666666666666665, 2.6666666666666665, 1.6666666666666667, 2.6666666666666665, 1.6666666666666667, 1.6666666666666667, 3.0, 2.0, 2.0, 2.3333333333333335, 2.0, 2.0, 2.0, 2.6666666666666665, 2.0, 1.3333333333333333, 2.0, 2.6666666666666665, 3.0, 2.0, 2.6666666666666665]
2019-07-07 18:15:18.086646
输出每次结果看看
[3.0, 2.0, 1.6666666666666667, 2.3333333333333335, 1.3333333333333333, 1.6666666666666667, 2.0, 2.3333333333333335, 1.6666666666666667, 2.3333333333333335, 2.6666666666666665, 2.6666666666666665, 1.6666666666666667, 2.6666666666666665, 1.6666666666666667, 1.6666666666666667, 3.0, 2.0, 2.0, 2.3333333333333335, 2.0, 2.0, 2.0, 2.6666666666666665, 2.0, 1.3333333333333333, 2.0, 2.6666666666666665, 3.0, 2.0, 2.6666666666666665, 2.0]
2019-07-07 18:34:05.906154
输出每次结果看看
[3.0, 2.0, 1.6666666666666667, 2.3333333333333335, 1.3333333333333333, 1.6666666666666667, 2.0, 2.3333333333333335, 1.6666666666666667, 2.3333333333333335, 2.6666666666666665, 2.6666666666666665, 1.6666666666666667, 2.6666666666666665, 1.6666666666666667, 1.6666666666666667, 3.0, 2.0, 2.0, 2.3333333333333335, 2.0, 2.0, 2.0, 2.6666666666666665, 2.0, 1.3333333333333333, 2.0, 2.6666666666666665, 3.0, 2.0, 2.6666666666666665, 2.0, 2.0]
