[16389, 22309]
[25710, 16389, 5672]
[8193, 7991]
[11609, 13966, 4036]
[2823, 12614]
[2823]
[16389, 16068]
[16389]
[16393, 1838]
[23552, 23382]
[8195, 15395]
[15395]
[24582, 9194]
[12968, 22790]
[8193, 22177]
[22758]
[16393, 5655]
[13619, 25053, 4846, 21379, 8208]
[8195, 9075]
[22778, 8471]
[24587, 11175]
[20532, 3561, 9482]
[24578, 18724]
[13740, 21432, 2789, 4466]
[8195, 15589]
[9593, 22278, 14020]
[24582, 17924]
[13008, 14924]
[26, 25108]
[11801, 18782]
[8193, 2127]
[16056, 11712]
[22, 13635]
[8177, 13635, 8177, 25043, 21543]
[24578, 14562]
[18719, 17038, 19107, 13008]
[8193, 19297]
[19297]
[16389, 11967]
[16389]
[8193, 16953]
[16056, 4782]
[24578, 834]
[19781, 24578]
[16393, 25236]
[25435, 10819]
[26, 20568]
[15108, 19493, 26]
[8193, 9763]
[16056, 14265, 17665, 7689, 16310]
[24, 25891]
[3858, 15066, 13664, 16469]
[8193, 12587]
[12587]
[16389, 16877]
[16389]
[24578, 18160]
[15959, 12472, 17113, 24371]
[24582, 8193]
[24009, 11785, 6583, 14924]
[196, 4, 513, 282, 3]
[5]
[482, 160, 282, 3, 2]
[0]
[993, 3, 2, 4, 513]
[5]
[493, 2, 4, 513, 282]
[0]
[258, 193, 4, 513, 282]
[5]
[393, 388, 389, 160, 282]
[0]
[757, 258, 193, 4, 513]
[5]
[110, 192, 258, 193, 4]
[5]
[755, 4, 513, 282, 3]
[5]
[721, 256, 3, 2, 4]
[5]
[25185, 6594, 12865, 22489, 10880]
[10554, 27307, 894, 18743]
[11089, 26772, 11168, 2129, 12474]
[34121, 133, 1758, 4423]
[11911, 20227, 27206, 1173, 26775]
[25040, 26775, 23711]
[22112, 9410, 21760, 6897, 1666]
[5680, 6897, 3154, 19379, 6011]
[30210, 6242, 9027, 34320, 26182]
[4544, 4684]
[28045, 18077, 11297, 26848, 4672]
[11520, 33596, 29741, 20454, 5543]
[4210, 23480, 4673, 17218, 6392]
[4673, 10947, 26437, 23719]
[8635, 26022, 35204, 6982, 13195]
[11824]
[21321, 19394, 18905, 24449, 16647]
[24109]
[7939, 3187, 22256, 7758, 11140]
[3187, 21185, 2939, 17563]
[15534, 35841, 36224, 34323]
[35903]
[17909, 31359, 33330, 24322]
[3482, 12891, 33330, 12626, 6651]
[34161, 15520, 1666, 16672]
[15520, 27817, 35048, 27582]
[16001, 24644, 18720, 17924]
[7580, 9484]
[31541, 25942, 4674, 4673]
[10759]
[34322, 18881, 15082, 16165]
[18881, 954, 3102]
[10013, 34760, 6982, 22105]
[22104]
[11796, 5229, 11664, 34669]
[11664, 34017, 20825]
[5067, 17471, 2660, 34406]
[6850, 3884, 13182, 3087]
[12377, 5507, 1667, 22913]
[1712, 22913, 16485, 9389, 29687]
[3008, 5083, 35544]
[5083, 36531, 12806]
[8671, 35842, 8073]
[35841]
[2056, 4306, 1184]
[3208, 7041, 20268, 25569, 1801]
[10103, 11201, 25794]
[11201, 11668]
[20419, 20418, 14400]
[20418, 2031, 138]
[30894, 16808, 0]
[0, 4837]
[13496, 10560, 17632]
[17632, 16066]
[33431, 21536, 26593]
[31803]
[35285, 30224, 11171]
[6924, 34525]
[12778, 6722, 9587]
[3728, 34427, 9587, 10198, 2382]
[33261, 36353]
[35971, 29422]
[18096, 12740]
[50, 26718]
[20434, 4363]
[7224, 4650, 12275]
[10309, 3954]
[138, 10309]
[31365, 2620]
[6594]
[6404, 29253]
[20616, 4507, 14480, 27966]
[16745, 32998]
[16745]
[20100, 35485]
[35485]
[1480, 14107]
[1480, 26713, 11125, 6942]
[33279, 33394]
[19809]
[21179]
[20155, 24467]
[6599]
[2620]
[28565]
[2698, 28565]
[35111]
[31340, 10760, 32084, 34797]
[20035]
[18425, 9149]
[2933]
[18497, 20874, 21180, 22493, 10758]
[929]
[19543]
[16943]
[9861]
[3134]
[1427]
[29141]
[278, 22023]
[17127]
[12828]
[35020]
[31761, 35020]
[10300]
[19314, 4527]
