[[894, 2796, 2925], 3, 0.10372714486638535]
[[136, 830, 2820], 3, 0.20739762219286662]
[[1058, 3409, 830], 3, 0.01790957134468585]
[[1248, 748, 1705], 3, 0.0636923980041092]
[[8823, 8193], 2, 0.22058823529411764]
[[18000, 16389, 12981, 10907], 3, 0.2664165103189493]
[[3292, 2654, 17414], 2, 0.46505376344086025]
[[10406, 15559, 5901, 22489, 8216], 2, 0.5451977401129944]
[[7573, 21994, 80], 3, 0.3222222222222222]
[[5134, 17038, 25205], 2, 0.452914798206278]
[[19313, 8206], 3, 0.24786324786324787]
[[18001, 12365], 2, 0.43825665859564167]
[[20568, 3193, 7071], 3, 0.33333333333333337]
[[4027, 1765, 3032], 3, 0.4888268156424581]
[9993, 4, 0.3560126582278481]
[[25569, 16393], 3, 0.4115384615384615]
[[11537, 2559], 2, 0.2666666666666667]
[[7307, 19089, 12980], 2, 0.4666666666666667]
[7087, 4, 0.3342151675485009]
[22611, 3, 0.3880597014925373]
[[17233, 16889], 3, 0.4320987654320988]
[[18141, 1000, 733], 3, 0.491324200913242]
[[1248, 16389, 3595], 3, 0.3119266055045872]
[[25710, 16389, 5672], 3, 0.3459801264679313]
[[11609, 7638, 4036], 3, 0.4482758620689655]
[9127, 3, 0.5115384615384615]
[17289, 4, 0.3365638766519824]
[[22975, 24845], 3, 0.48692810457516345]
[16545, 4, 0.443609022556391]
[[12968, 3197], 2, 0.5227272727272727]
[25480, 4, 0.452449567723343]
[[2771, 22834, 4846, 21379, 25379], 2, 0.4560327198364008]
[[22778, 4379], 2, 0.5420560747663552]
[[8261, 3561, 9482], 3, 0.40600176522506615]
[[25486, 22899, 2789, 4466], 3, 0.531548757170172]
[[19608, 22278, 14020], 3, 0.32386363636363635]
[[11490, 14924], 2, 0.37790697674418605]
[[11801, 2774], 3, 0.45975232198142413]
[[16576, 2127], 3, 0.47953216374269003]
[[7863, 13635, 1833, 25829, 25863], 3, 0.467741935483871]
[[16722, 17038, 22611, 8208], 2, 0.46590909090909094]
[20597, 4, 0.49651324965132493]
[15126, 4, 0.3955870764381403]
[[16889, 17472], 3, 0.4537037037037037]
[[19358, 24578], 3, 0.38009049773755654]
[[7446, 10819], 3, 0.471830985915493]
[[18042, 19493, 26], 3, 0.45238095238095233]
[[7573, 5218, 24121, 19997, 15419], 3, 0.5330188679245282]
[[3858, 12865, 25891, 22239], 2, 0.26530612244897955]
[13481, 4, 0.45969125214408235]
[16389, 3, 0.34932126696832577]
[[15959, 5465, 17389, 24371], 2, 0.4629629629629629]
[[24009, 22269, 9249, 14924], 2, 0.39312977099236646]
