(3987, 125)
3
0.10049571879224872

756
2
0.15384615384615385

[(3995, 125), 3, 0.10049571879224872]
[(807, 827), 2, 0.10382513661202186]
[(4808, 6765), 2, 0.25606936416184967]
[2419, 2, 0.33333333333333337]
[(82, 6675), 3, 0.0]
[2419, 2, 0.33333333333333337]
[(299, 506), 2, 0.28410159924741296]
[6908, 3, 0.10006027727546718]
[712, 3, 0.10017107013875692]
[7835, 3, 0.09999999999999998]
[7027, 3, 0.1003070624360286]
[231, 3, 0.10004977600796416]
[5623, 3, 0.10007905138339923]
[3334, 2, 0.10002748007694418]
[6976, 3, 0.09999999999999998]
[1507, 3, 0.10009225092250917]
[2555, 3, 0.1001649776101815]
[3363, 3, 0.09999999999999998]
[1659, 3, 0.10025706940874035]
