[0, 2, 0.3154574132492114]
[125, 3, 0.02748986029743128]
[1927, 4, 0.34284846644397204]
[(1927, 0), 2, 0.02748986029743128]
[(4036, 125), 3, 0.0]
[(1927, 4036), 4, 0.3261463710901913]

[428, 2, 0.2805071315372425]
[(125, 428), 2, 0.14580031695721074]

[428, 2, 0.2805071315372425]
[125, 3, 0.02748986029743128]
[1950, 4, 0.34284846644397204]
[(125, 428), 2, 0.14580031695721074]
[(3984, 125), 3, 0.0]
[(1950, 3984), 4, 0.3261463710901913]

[428, 2, 0.2805071315372425]
[125, 3, 0.02748986029743128]
[4011, 4, 0.2571315372424723]
[(125, 428), 2, 0.14580031695721074]
[(4037, 125), 3, 0.0]
[(4011, 4037), 4, 0.2571315372424723]

