[]
[(850, 283)]
[(283, 852), (283, 94)]
[(283, 850), (283, 851), (94, 285)]
[(851, 283), (94, 31), (285, 856), (285, 857), (852, 283)]
[(857, 285), (285, 94), (94, 284), (285, 858), (31, 95)]
[(94, 283), (858, 285), (284, 854), (284, 855), (284, 853), (31, 10), (95, 288)]
[(856, 285), (10, 33), (288, 95), (854, 284), (95, 286), (10, 3), (95, 287)]
[(3, 0), (3, 11), (33, 102), (287, 863), (287, 95), (33, 10), (287, 862), (31, 96), (286, 859), (288, 865)]
[(11, 35), (286, 861), (102, 309), (288, 867), (855, 284), (3, 10), (11, 34), (859, 286), (95, 31), (863, 287), (10, 31), (96, 290), (853, 284), (33, 100), (96, 31), (31, 94), (865, 288), (96, 289), (102, 307), (3, 12), (11, 36), (11, 3), (288, 866)]
[(290, 872), (861, 286), (867, 288), (34, 11), (35, 107), (289, 870), (96, 291), (34, 105), (290, 873), (307, 922), (35, 11), (33, 101), (289, 869), (12, 3), (12, 38), (862, 287), (309, 102), (10, 32), (0, 1), (34, 103), (307, 924), (12, 39), (36, 111), (286, 860), (290, 96), (36, 11)]
[(291, 875), (107, 323), (1, 6), (101, 306), (103, 310), (287, 864), (105, 34), (35, 106), (107, 322), (103, 312), (873, 290), (101, 305), (289, 868), (922, 307), (38, 116), (866, 288), (32, 98), (0, 2), (100, 301), (32, 10), (39, 119), (111, 335), (101, 304), (924, 307), (307, 923), (0, 3), (100, 33), (309, 928), (105, 317), (39, 118), (35, 108), (291, 876), (102, 33)]
[(335, 1006), (118, 355), (106, 35), (335, 1008), (100, 303), (108, 327), (116, 351), (105, 316), (118, 39), (305, 918), (317, 105), (309, 930), (312, 939), (323, 970), (107, 35), (2, 7), (928, 309), (6, 1), (323, 107), (6, 20), (98, 32), (38, 12), (108, 35), (2, 8), (98, 296), (305, 917), (39, 12), (306, 101), (923, 307), (108, 325), (116, 349), (301, 904), (111, 36), (317, 952), (306, 919), (322, 107), (286, 95), (289, 96), (312, 937), (306, 920), (101, 33), (869, 289), (335, 1007), (103, 34), (2, 9), (305, 916), (868, 289), (304, 913), (301, 100), (36, 110), (100, 302), (108, 326), (116, 350), (119, 39), (38, 115), (284, 94), (107, 324), (304, 101), (323, 972), (870, 289), (310, 933), (2, 0), (111, 334), (301, 906), (312, 938)]
[(325, 108), (115, 347), (350, 1051), (917, 305), (930, 309), (39, 120), (302, 909), (327, 984), (296, 891), (305, 101), (8, 2), (303, 911), (304, 914), (355, 1068), (312, 103), (327, 108), (20, 63), (302, 907), (920, 306), (939, 312), (301, 905), (317, 953), (7, 2), (115, 346), (1, 5), (875, 291), (326, 108), (316, 950), (351, 1056), (290, 871), (350, 1052), (296, 889), (115, 38), (322, 968), (303, 912), (350, 116), (355, 1066), (20, 61), (36, 109), (105, 318), (116, 38), (349, 1048), (334, 111), (325, 977), (349, 116), (118, 356), (938, 312), (324, 975), (906, 301), (20, 6), (913, 304), (296, 98), (6, 21), (38, 117), (326, 981), (350, 1053), (32, 99), (296, 890), (322, 969), (9, 28), (351, 1055), (324, 107), (20, 62), (327, 982), (6, 19), (326, 979), (115, 348), (325, 976), (118, 357), (1006, 335), (317, 954)]
[(106, 319), (306, 921), (1053, 350), (99, 32), (323, 971), (110, 332), (21, 6), (109, 329), (111, 336), (335, 111), (919, 306), (5, 18), (316, 105), (316, 949), (907, 302), (1055, 351), (310, 931), (864, 287), (120, 361), (99, 300), (984, 327), (28, 87), (918, 305), (9, 30), (1068, 355), (355, 1067), (5, 1), (889, 296), (981, 326), (117, 353), (325, 978), (109, 328), (63, 191), (346, 1040), (1, 0), (98, 295), (346, 1039), (120, 39), (62, 188), (326, 980), (21, 64), (307, 102), (110, 36), (9, 29), (309, 929), (19, 58), (99, 298), (12, 37), (28, 85), (348, 1045), (968, 322), (117, 352), (1, 4), (310, 932), (63, 190), (346, 115), (316, 951), (106, 321), (346, 1041), (109, 330), (953, 317), (291, 96), (62, 189), (302, 908), (318, 957), (912, 303), (120, 363), (871, 290), (952, 317), (982, 327), (103, 311), (979, 326), (348, 1046), (1008, 335), (117, 38), (351, 116), (62, 187), (860, 286), (976, 325), (334, 1005), (310, 103)]
[(18, 55), (117, 354), (336, 111), (63, 20), (58, 19), (904, 301), (355, 118), (18, 56), (347, 115), (329, 988), (189, 568), (916, 305), (972, 323), (334, 1003), (1045, 348), (85, 28), (351, 1054), (328, 986), (32, 97), (19, 60), (348, 1047), (330, 109), (356, 1071), (361, 1084), (980, 326), (329, 109), (189, 62), (99, 299), (190, 573), (321, 966), (61, 185), (87, 28), (18, 5), (291, 874), (7, 24), (110, 333), (353, 1061), (29, 88), (191, 575), (8, 25), (929, 309), (18, 57), (357, 1073), (37, 12), (188, 566), (300, 902), (106, 320), (298, 896), (330, 992), (58, 175), (190, 571), (37, 112), (9, 2), (954, 317), (329, 990), (891, 296), (357, 118), (303, 910), (304, 915), (189, 570), (120, 362), (352, 1058), (336, 1009), (85, 256), (909, 302), (302, 100), (1040, 346), (321, 106), (363, 120), (63, 192), (191, 576), (295, 98), (311, 935), (921, 306), (978, 325), (4, 13), (356, 1069), (321, 965), (1051, 350), (61, 184), (950, 316), (353, 1060), (191, 574), (8, 26), (87, 263), (64, 193), (187, 564), (332, 110), (357, 1072), (188, 567), (298, 897), (330, 993), (29, 90), (298, 895), (30, 93), (970, 323), (119, 359), (336, 1010), (911, 303), (98, 297), (28, 9), (37, 114), (8, 27), (187, 62), (311, 934), (7, 23), (328, 985), (353, 117), (85, 258), (4, 14), (28, 86), (356, 1070), (295, 886), (1066, 355), (311, 103), (318, 955), (30, 91), (1052, 350), (188, 62), (190, 572), (933, 310), (87, 262), (61, 186), (64, 194)]
[(55, 168), (262, 87), (990, 329), (357, 1074), (564, 1693), (332, 997), (119, 358), (14, 43), (7, 22), (895, 298), (91, 275), (934, 311), (897, 298), (349, 1049), (303, 100), (575, 1727), (90, 29), (328, 987), (354, 1064), (576, 191), (192, 63), (328, 109), (86, 261), (19, 6), (320, 961), (564, 1695), (332, 999), (333, 110), (29, 9), (571, 1715), (88, 267), (568, 189), (184, 61), (890, 296), (571, 190), (186, 559), (262, 787), (1072, 357), (27, 84), (896, 298), (348, 115), (362, 1087), (13, 4), (187, 562), (60, 181), (572, 1717), (1056, 351), (874, 291), (112, 37), (256, 85), (886, 295), (914, 304), (193, 582), (192, 579), (363, 1090), (263, 792), (359, 1080), (26, 8), (1071, 356), (191, 63), (90, 271), (26, 79), (102, 308), (34, 104), (931, 310), (13, 40), (97, 292), (112, 338), (568, 1705), (114, 344), (572, 1719), (570, 1713), (1005, 334), (25, 8), (30, 9), (55, 166), (1069, 356), (97, 32), (298, 99), (14, 45), (184, 554), (935, 311), (29, 89), (23, 7), (318, 105), (1084, 361), (566, 188), (23, 72), (87, 264), (362, 120), (574, 191), (352, 1057), (908, 302), (57, 18), (86, 28), (19, 59), (86, 260), (568, 1707), (985, 328), (975, 324), (564, 1694), (64, 21), (24, 74), (965, 321), (347, 1042), (986, 328), (330, 991), (566, 1700), (576, 1729), (951, 316), (971, 323), (86, 259), (573, 190), (262, 789), (329, 989), (25, 78), (256, 771), (354, 1065), (258, 777), (333, 1000), (356, 118), (573, 1722), (320, 962), (14, 4), (571, 1714), (295, 888), (977, 325), (91, 276), (347, 1044), (93, 30), (13, 41), (97, 293), (5, 17), (60, 182), (572, 1718), (58, 176), (570, 1712), (26, 80), (175, 58), (354, 1063), (258, 775), (30, 92), (185, 558), (575, 1728), (193, 581), (1041, 346), (571, 1716), (185, 61), (61, 20), (299, 899), (992, 330), (56, 18), (570, 189), (112, 339), (568, 1706)]
[(271, 815), (1705, 568), (37, 113), (293, 881), (559, 1679), (24, 73), (88, 265), (93, 281), (27, 82), (57, 173), (89, 269), (22, 7), (84, 254), (993, 330), (362, 1088), (962, 320), (276, 91), (80, 241), (45, 14), (1728, 575), (333, 1001), (275, 826), (260, 781), (319, 958), (192, 577), (567, 188), (104, 313), (181, 546), (43, 131), (292, 97), (21, 66), (276, 830), (1007, 335), (92, 30), (45, 138), (13, 42), (261, 786), (25, 77), (910, 303), (80, 243), (1693, 564), (991, 330), (275, 828), (1080, 359), (186, 561), (579, 192), (267, 803), (64, 195), (775, 258), (1047, 348), (299, 99), (1067, 355), (104, 315), (4, 1), (575, 191), (181, 544), (260, 86), (74, 224), (554, 1664), (271, 816), (186, 61), (358, 1076), (574, 1724), (176, 531), (344, 1034), (1049, 349), (771, 256), (358, 119), (1061, 353), (319, 960), (558, 185), (1090, 363), (1706, 568), (961, 320), (23, 71), (60, 183), (26, 81), (1048, 349), (258, 85), (293, 882), (1060, 353), (193, 580), (363, 1092), (572, 190), (966, 321), (78, 237), (166, 500), (1046, 348), (264, 795), (93, 282), (349, 1050), (567, 1704), (27, 83), (89, 270), (999, 332), (299, 898), (84, 253), (937, 312), (562, 187), (17, 52), (297, 892), (333, 1002), (300, 99), (915, 304), (989, 329), (119, 360), (275, 827), (74, 24), (166, 55), (1707, 568), (339, 1018), (332, 998), (166, 499), (182, 549), (582, 1748), (559, 1678), (88, 266), (876, 291), (339, 112), (80, 26), (1000, 333), (91, 274), (92, 277), (41, 126), (327, 983), (338, 1017), (57, 172), (89, 268), (299, 900), (84, 255), (362, 1089), (89, 29), (554, 1663), (59, 179), (187, 563), (558, 1676), (189, 569), (352, 1059), (80, 242), (109, 36), (260, 782), (292, 878), (267, 88), (186, 560), (23, 70), (339, 1020), (792, 263), (104, 34), (194, 584), (363, 1091), (22, 68), (104, 314), (181, 545), (43, 130), (564, 187), (344, 1033), (259, 780), (4, 15), (899, 299), (338, 1015), (558, 1675), (576, 1731), (297, 98), (354, 117), (579, 1738), (581, 1746), (1065, 354), (361, 120), (112, 337), (308, 926), (90, 272), (322, 967), (888, 295), (1722, 573), (1058, 352), (22, 67), (1712, 570), (581, 193), (55, 167), (175, 528), (1063, 354), (573, 1720), (182, 60), (1009, 336), (1718, 572), (264, 87), (14, 44), (78, 236), (334, 1004), (264, 794), (43, 132), (562, 1688), (74, 225), (554, 1665), (574, 1725), (344, 1035), (40, 122), (79, 239), (88, 29), (91, 30), (955, 318), (567, 1702), (997, 332), (361, 1085), (579, 1740), (581, 1744), (56, 170)]
[(274, 823), (41, 13), (905, 301), (130, 392), (183, 552), (315, 946), (546, 181), (68, 205), (281, 845), (545, 1637), (15, 4), (52, 17), (113, 37), (138, 415), (172, 57), (182, 548), (72, 218), (267, 804), (59, 19), (131, 43), (1748, 582), (1725, 574), (131, 395), (166, 501), (259, 779), (347, 1043), (531, 1595), (1702, 567), (528, 175), (255, 84), (184, 555), (82, 248), (794, 264), (360, 1083), (132, 43), (52, 158), (580, 1742), (1695, 564), (1039, 346), (66, 199), (175, 526), (256, 770), (344, 114), (195, 587), (499, 1499), (272, 90), (114, 343), (569, 1708), (179, 540), (315, 948), (183, 60), (300, 903), (274, 91), (969, 322), (1042, 347), (1719, 572), (265, 88), (237, 714), (1033, 344), (360, 119), (1731, 576), (70, 213), (126, 381), (582, 1749), (24, 75), (224, 675), (243, 730), (81, 26), (72, 23), (92, 278), (41, 125), (71, 214), (1744, 581), (1715, 571), (566, 1701), (241, 726), (576, 1730), (67, 203), (266, 88), (313, 942), (253, 761), (272, 818), (274, 824), (73, 220), (172, 517), (558, 1677), (43, 14), (544, 1633), (561, 1686), (337, 112), (1085, 361), (269, 809), (313, 104), (320, 963), (573, 1721), (194, 585), (83, 250), (324, 974), (1010, 336), (122, 367), (570, 1711), (320, 106), (281, 93), (277, 832), (949, 316), (338, 112), (1089, 362), (559, 1680), (567, 1703), (83, 27), (268, 805), (314, 104), (17, 54), (45, 136), (500, 166), (168, 507), (74, 223), (313, 940), (1729, 576), (239, 719), (56, 169), (77, 25), (172, 519), (308, 927), (58, 177), (122, 369), (998, 332), (528, 1585), (531, 176), (544, 1635), (546, 1641), (114, 37), (265, 796), (185, 557), (321, 964), (194, 583), (358, 1075), (574, 1723), (83, 252), (544, 181), (830, 276), (57, 174), (360, 1082), (580, 1741), (1675, 558), (167, 503), (881, 293), (256, 769), (138, 417), (168, 55), (56, 171), (308, 102), (1003, 334), (271, 814), (528, 1587), (68, 206), (281, 844), (816, 271), (266, 800), (79, 26), (314, 943), (293, 880), (126, 380), (194, 64), (72, 219), (584, 1755), (224, 674), (359, 119), (243, 731), (960, 319), (131, 394), (113, 340), (236, 709), (93, 280), (71, 215), (562, 1687), (82, 249), (787, 262), (958, 319), (352, 117), (52, 159), (82, 27), (580, 1743), (272, 817), (1064, 354), (195, 64), (499, 1498), (122, 40), (225, 677), (1092, 363), (560, 1681), (70, 211), (582, 1747), (179, 59), (254, 764), (1664, 554), (261, 86), (795, 264), (192, 578), (781, 260), (237, 713), (826, 275), (15, 47), (66, 21), (173, 57), (44, 133), (81, 246), (173, 520), (566, 1699), (130, 43), (263, 790), (176, 530), (319, 106), (531, 1596), (21, 65), (92, 279), (132, 399), (236, 711), (242, 728), (276, 831), (277, 833), (82, 247), (1688, 562), (957, 318), (577, 1734), (1665, 554), (1015, 338), (926, 308), (126, 41), (253, 760), (272, 819), (900, 299), (242, 80), (122, 368), (195, 588), (560, 1683), (878, 292), (560, 186), (259, 86), (267, 802), (1746, 581), (780, 259), (584, 194), (270, 812), (193, 64), (577, 192), (170, 511), (358, 1077), (563, 1691), (66, 201), (297, 893), (138, 416), (1035, 344), (67, 204), (1724, 574), (27, 8)]
[(75, 227), (353, 1062), (583, 194), (731, 243), (300, 901), (417, 1253), (169, 56), (204, 67), (588, 195), (78, 235), (185, 556), (246, 740), (1087, 362), (224, 673), (500, 1503), (169, 508), (1704, 567), (219, 659), (113, 341), (247, 82), (519, 1560), (561, 186), (1596, 531), (392, 1177), (520, 1561), (805, 268), (282, 848), (167, 502), (199, 598), (399, 1200), (503, 167), (271, 90), (549, 1648), (519, 172), (1017, 338), (1717, 572), (677, 225), (1018, 339), (1699, 566), (78, 25), (1043, 347), (220, 661), (218, 72), (252, 757), (292, 877), (800, 266), (241, 80), (1057, 352), (279, 839), (343, 1031), (236, 78), (68, 207), (203, 67), (1681, 560), (802, 267), (171, 515), (585, 1757), (1723, 574), (263, 791), (545, 181), (277, 834), (236, 710), (548, 1646), (75, 24), (218, 655), (578, 192), (369, 1110), (392, 1179), (520, 1563), (263, 87), (168, 505), (872, 290), (782, 260), (278, 836), (1034, 344), (55, 18), (59, 178), (555, 1666), (220, 73), (201, 604), (204, 613), (308, 925), (340, 1021), (337, 1014), (336, 1011), (279, 840), (1498, 499), (280, 841), (812, 270), (252, 759), (714, 237), (250, 753), (174, 523), (819, 272), (893, 297), (1683, 560), (1749, 582), (503, 1511), (343, 114), (158, 52), (1694, 564), (22, 69), (177, 532), (399, 1198), (264, 793), (517, 1553), (44, 134), (943, 314), (249, 82), (278, 835), (552, 1657), (66, 200), (709, 236), (77, 233), (47, 144), (199, 66), (67, 22), (174, 57), (395, 1186), (241, 724), (540, 1621), (65, 197), (577, 1733), (1082, 360), (361, 1086), (501, 1504), (581, 1745), (526, 1580), (415, 1248), (367, 1103), (555, 1668), (5, 16), (246, 81), (340, 1023), (946, 315), (337, 1012), (90, 273), (84, 27), (315, 947), (281, 846), (545, 1638), (394, 131), (578, 1737), (561, 1684), (72, 217), (824, 274), (1747, 582), (500, 1502), (417, 138), (239, 79), (270, 813), (113, 342), (136, 411), (789, 262), (1687, 562), (563, 1690), (1499, 499), (249, 749), (40, 123), (79, 238), (199, 599), (526, 1579), (1073, 357), (549, 1649), (898, 299), (554, 184), (548, 182), (519, 1558), (175, 527), (223, 74), (395, 1188), (44, 14), (268, 807), (1002, 333), (1686, 561), (1595, 531), (394, 1185), (1001, 333), (552, 183), (675, 224), (125, 41), (555, 184), (130, 393), (892, 297), (1076, 358), (319, 959), (248, 82), (530, 1593), (545, 1636), (225, 74), (546, 1639), (578, 1735), (282, 93), (1050, 349), (1730, 576), (1755, 584), (47, 142), (173, 522), (181, 60), (250, 83), (255, 768), (531, 1594), (259, 778), (167, 504), (276, 829), (295, 887), (17, 5), (68, 22), (575, 1726), (159, 480), (215, 647), (392, 1178), (201, 66), (585, 194), (253, 762), (42, 127), (247, 744), (555, 1667), (201, 605), (1679, 559), (902, 300), (252, 83), (220, 662), (252, 758), (218, 656), (250, 752), (126, 379), (75, 228), (770, 256), (279, 838), (343, 1030), (269, 810), (71, 23), (368, 1107), (530, 1591), (761, 253), (809, 269), (499, 166), (253, 84), (83, 251), (177, 533), (831, 276), (367, 1104), (399, 1199), (823, 274), (517, 1554), (988, 329), (159, 479), (1716, 571), (277, 92), (206, 620), (359, 1078), (730, 243), (1663, 554), (416, 1249), (219, 660), (880, 293), (54, 17), (380, 1143), (827, 275), (77, 234), (395, 1187), (241, 725), (45, 137), (557, 1673), (760, 253), (67, 202), (1743, 580), (833, 277), (274, 825), (261, 785), (172, 518), (204, 614), (769, 256), (47, 15), (559, 186), (158, 475), (254, 763), (499, 1500), (395, 131), (1091, 363), (318, 956), (315, 104), (544, 1634), (110, 331), (381, 126), (578, 1736), (1070, 356), (1677, 558), (1742, 580), (507, 1523), (561, 1685), (214, 645), (500, 1501), (169, 510), (416, 138), (269, 808), (503, 1510), (190, 63), (1700, 566), (184, 553), (269, 89), (588, 1767), (81, 244), (814, 271), (360, 1081), (1721, 573), (517, 172), (416, 1251), (552, 1658), (203, 610), (796, 265), (205, 616), (580, 193), (519, 1559), (211, 70), (268, 806), (65, 196), (540, 1622), (577, 1732), (394, 1184), (24, 7), (903, 300), (239, 718), (1703, 567)]
